 # Pos, Density, Err_Density
           1  0.40131230769230769        2.4820418568495962E-004
           2  0.40181179487179486        2.4825497457959069E-004
           3  0.40209358974358972        2.4828350980007094E-004
           4  0.40229717948717947        2.4830407271969910E-004
           5  0.40220948717948718        2.4829522110000998E-004
           6  0.40269256410256410        2.4834388013349678E-004
           7  0.40270153846153844        2.4834478172660072E-004
           8  0.40316871794871795        2.4839159675301841E-004
           9  0.40285897435897439        2.4836058418924482E-004
          10  0.40357230769230767        2.4843185112911594E-004
          11  0.40407717948717947        2.4848196163435634E-004
          12  0.40448282051282053        2.4852202524422407E-004
          13  0.40450230769230772        2.4852394548196849E-004
          14  0.40463615384615387        2.4853712349581862E-004
          15  0.40508846153846156        2.4858151418927308E-004
          16  0.40554205128205129        2.4862581086175663E-004
          17  0.40578999999999998        2.4864993201750065E-004
          18  0.40583871794871795        2.4865466371103091E-004
          19  0.40627641025641026        2.4869706045378307E-004
          20  0.40672102564102564        2.4873991820442297E-004
          21  0.40707025641025640        2.4877343350843459E-004
          22  0.40750230769230772        2.4881471683211177E-004
          23  0.40746794871794872        2.4881144105812225E-004
          24  0.40758564102564104        2.4882265657381533E-004
          25  0.40822615384615385        2.4888343536793727E-004
          26  0.40838205128205129        2.4889816240666418E-004
          27  0.40905897435897437        2.4896180834456204E-004
          28  0.40912820512820514        2.4896829007066824E-004
          29  0.40899897435897437        2.4895618671909558E-004
          30  0.40981897435897435        2.4903268378551969E-004
          31  0.41005615384615385        2.4905467659349539E-004
          32  0.41021692307692309        2.4906955011485572E-004
          33  0.41071435897435898        2.4911539613489616E-004
          34  0.41103589743589741        2.4914489062975747E-004
          35  0.41156025641025640        2.4919275401747841E-004
          36  0.41188897435897437        2.4922261038744036E-004
          37  0.41201153846153848        2.4923371311450784E-004
          38  0.41172358974358975        2.4920760339073596E-004
          39  0.41269410256410255        2.4929525295701213E-004
          40  0.41329743589743589        2.4934923782643861E-004
          41  0.41349589743589743        2.4936691134087337E-004
          42  0.41396794871794873        2.4940878099823647E-004
          43  0.41422999999999999        2.4943192231908666E-004
          44  0.41415743589743592        2.4942552158412361E-004
          45  0.41406512820512820        2.4941737124623930E-004
          46  0.41475333333333331        2.4947791938788544E-004
          47  0.41536923076923077        2.4953168078982875E-004
          48  0.41518794871794873        2.4951589844898211E-004
          49  0.41554846153846153        2.4954725036963635E-004
          50  0.41606538461538461        2.4959196462464271E-004
          51  0.41634256410256409        2.4961582452048722E-004
          52  0.41647846153846152        2.4962749304791964E-004
          53  0.41700384615384617        2.4967242048421683E-004
          54  0.41760461538461541        2.4972343707414373E-004
          55  0.41793923076923079        2.4975168701632657E-004
          56  0.41811076923076923        2.4976612336447652E-004
          57  0.41813333333333336        2.4976802000589227E-004
          58  0.41876076923076921        2.4982054450633552E-004
          59  0.41921948717948720        2.4985868249383000E-004
          60  0.41916256410256408        2.4985396193937377E-004
          61  0.41977794871794871        2.4990481392440147E-004
          62  0.41991153846153845        2.4991580034822310E-004
          63  0.42078692307692306        2.4998732708616823E-004
          64  0.42056666666666664        2.4996940610523517E-004
          65  0.42167923076923075        2.5005940684273128E-004
          66  0.42150205128205126        2.5004516107330070E-004
          67  0.42210487179487177        2.5009349482610506E-004
          68  0.42237846153846154        2.5011530508478965E-004
          69  0.42293358974358974        2.5015931765125438E-004
          70  0.42340025641025641        2.5019606633751361E-004
          71  0.42342589743589742        2.5019807887131755E-004
          72  0.42369769230769233        2.5021936931360767E-004
          73  0.42394717948717947        2.5023884410803267E-004
          74  0.42445666666666665        2.5027841153244174E-004
          75  0.42478948717948717        2.5030411183264061E-004
          76  0.42484923076923076        2.5030871292293101E-004
          77  0.42603717948717951        2.5039942511494395E-004
          78  0.42623846153846157        2.5041464866823926E-004
          79  0.42608512820512823        2.5040305546568452E-004
          80  0.42651102564102567        2.5043519590016775E-004
          81  0.42667435897435896        2.5044747152215514E-004
          82  0.42736589743589742        2.5049913615937208E-004
          83  0.42776692307692310        2.5052886757163202E-004
          84  0.42830153846153846        2.5056824169660376E-004
          85  0.42874717948717950        2.5060083469736761E-004
          86  0.42884333333333335        2.5060783992734233E-004
          87  0.42917179487179485        2.5063169697341466E-004
          88  0.42940769230769232        2.5064876134291402E-004
          89  0.43003102564102563        2.5069357259470312E-004
          90  0.43006230769230769        2.5069581076893972E-004
          91  0.43044666666666664        2.5072322763855141E-004
          92  0.43111025641025641        2.5077019985520681E-004
          93  0.43144641025641023        2.5079381935973416E-004
          94  0.43236897435897437        2.5085803747709013E-004
          95  0.43212282051282053        2.5084098983366870E-004
          96  0.43317205128205127        2.5091321682398847E-004
          97  0.43286358974358974        2.5089210185618864E-004
          98  0.43351487179487180        2.5093656759384719E-004
          99  0.43382846153846155        2.5095782028758471E-004
         100  0.43369307692307690        2.5094865750917902E-004
         101  0.43504384615384617        2.5103922365787260E-004
         102  0.43521282051282051        2.5105041958308920E-004
         103  0.43522769230769232        2.5105140354027457E-004
         104  0.43593923076923075        2.5109821239525552E-004
         105  0.43625666666666668        2.5111892547594603E-004
         106  0.43635282051282054        2.5112517899233028E-004
         107  0.43737282051282050        2.5119092564324027E-004
         108  0.43769435897435899        2.5121142750035303E-004
         109  0.43742846153846154        2.5119448108350088E-004
         110  0.43784692307692308        2.5122111775771237E-004
         111  0.43863589743589743        2.5127084524651487E-004
         112  0.43910205128205126        2.5129992288404037E-004
         113  0.43962230769230770        2.5133210956901158E-004
         114  0.44002000000000002        2.5135652460506858E-004
         115  0.44053384615384616        2.5138782814645419E-004
         116  0.44123205128205129        2.5142992509178915E-004
         117  0.44120974358974357        2.5142858788929350E-004
         118  0.44180179487179488        2.5146390316471804E-004
         119  0.44204615384615387        2.5147837329453549E-004
         120  0.44228282051282053        2.5149232908322229E-004
         121  0.44319794871794871        2.5154574797773822E-004
         122  0.44341948717948720        2.5155854982894743E-004
         123  0.44384128205128204        2.5158278364232234E-004
         124  0.44432769230769231        2.5161050187827861E-004
         125  0.44531564102564103        2.5166604901447222E-004
         126  0.44528538461538464        2.5166436279976898E-004
         127  0.44610205128205127        2.5170954523021040E-004
         128  0.44588076923076925        2.5169737061519283E-004
         129  0.44686051282051281        2.5175089178275129E-004
         130  0.44733256410256411        2.5177632584375746E-004
         131  0.44719128205128206        2.5176873765147780E-004
         132  0.44793435897435896        2.5180841772481341E-004
         133  0.44852487179487177        2.5183954556793297E-004
         134  0.44881025641025640        2.5185446049165509E-004
         135  0.44978538461538464        2.5190479092856267E-004
         136  0.44943461538461538        2.5188679889203498E-004
         137  0.45090948717948720        2.5196159737456690E-004
         138  0.45064307692307692        2.5194825178095941E-004
         139  0.45126410256410254        2.5197924838301906E-004
         140  0.45195564102564101        2.5201329816903838E-004
         141  0.45244743589743591        2.5203721420745433E-004
         142  0.45273307692307690        2.5205099096587997E-004
         143  0.45351897435897437        2.5208846343855135E-004
         144  0.45386794871794872        2.5210489974007114E-004
         145  0.45425512820512820        2.5212298927129804E-004
         146  0.45448025641025641        2.5213343686532130E-004
         147  0.45499102564102561        2.5215694757846862E-004
         148  0.45562282051282049        2.5218565909162561E-004
         149  0.45638256410256411        2.5221964343564388E-004
         150  0.45652384615384617        2.5222589796000254E-004
         151  0.45667000000000002        2.5223234664155923E-004
         152  0.45762897435897437        2.5227411637208198E-004
         153  0.45857487179487177        2.5231439421178221E-004
         154  0.45819820512820514        2.5229846485985620E-004
         155  0.45889358974358974        2.5232775950005150E-004
         156  0.45912641025641027        2.5233745703103698E-004
         157  0.45996435897435900        2.5237190071129612E-004
         158  0.46010307692307695        2.5237753340265600E-004
         159  0.46108538461538462        2.5241685745113081E-004
         160  0.46162256410256408        2.5243794485689725E-004
         161  0.46174102564102565        2.5244255547676752E-004
         162  0.46258153846153849        2.5247485720775360E-004
         163  0.46287025641025642        2.5248578641942572E-004
         164  0.46330589743589745        2.5250211618154360E-004
         165  0.46407923076923074        2.5253062690004695E-004
         166  0.46460820512820511        2.5254977719850306E-004
         167  0.46477205128205129        2.5255565095238104E-004
         168  0.46544794871794870        2.5257959179805566E-004
         169  0.46606153846153847        2.5260092211517460E-004
         170  0.46664461538461538        2.5262083593399358E-004
         171  0.46725025641025641        2.5264115338416980E-004
         172  0.46819076923076924        2.5267196370092082E-004
         173  0.46858205128205127        2.5268451623154176E-004
         174  0.46884846153846155        2.5269297355683378E-004
         175  0.46940025641025640        2.5271026061187855E-004
         176  0.47005846153846154        2.5273047581115415E-004
         177  0.47072564102564102        2.5275051645012560E-004
         178  0.47058846153846151        2.5274643288224430E-004
         179  0.47115205128205129        2.5276308754305704E-004
         180  0.47221948717948720        2.5279374541284377E-004
         181  0.47274974358974359        2.5280854391881741E-004
         182  0.47343000000000002        2.5282710982317238E-004
         183  0.47452102564102566        2.5285590396641015E-004
         184  0.47421897435897437        2.5284805344818779E-004
         185  0.47440282051282051        2.5285284278242579E-004
         186  0.47572999999999999        2.5288639747056586E-004
         187  0.47585384615384613        2.5288943730638084E-004
         188  0.47661564102564102        2.5290779294466817E-004
         189  0.47750871794871796        2.5292856102560767E-004
         190  0.47778512820512820        2.5293482461974240E-004
         191  0.47812358974358976        2.5294238863379049E-004
         192  0.47904358974358974        2.5296236107432807E-004
         193  0.47928487179487178        2.5296745684256735E-004
         194  0.48046974358974359        2.5299162299121817E-004
         195  0.48132717948717951        2.5300822210927535E-004
         196  0.48127333333333333        2.5300720165870398E-004
         197  0.48186589743589742        2.5301826949552766E-004
         198  0.48292256410256412        2.5303712162202859E-004
         199  0.48338230769230767        2.5304497031280207E-004
         200  0.48433410256410259        2.5306053783555934E-004
         201  0.48443589743589743        2.5306214839765031E-004
         202  0.48523153846153844        2.5307437466837992E-004
         203  0.48597948717948719        2.5308528268724867E-004
         204  0.48660435897435900        2.5309396086439670E-004
         205  0.48697410256410256        2.5309890941623909E-004
         206  0.48752307692307695        2.5310600109923161E-004
         207  0.48883153846153848        2.5312167210442385E-004
         208  0.48908897435897436        2.5312455103826517E-004
         209  0.49011128205128207        2.5313532068599743E-004
         210  0.49046692307692308        2.5313881893618132E-004
         211  0.49078358974358977        2.5314182595269190E-004
         212  0.49175051282051280        2.5315037892336838E-004
         213  0.49232461538461536        2.5315500900102532E-004
         214  0.49301589743589741        2.5316014102325909E-004
         215  0.49371999999999999        2.5316487057312607E-004
         216  0.49458487179487182        2.5316999274659969E-004
         217  0.49451256410256411        2.5316959353177459E-004
         218  0.49594820512820514        2.5317652854223404E-004
         219  0.49649615384615386        2.5317862502544910E-004
         220  0.49746256410256412        2.5318158144773485E-004
         221  0.49799820512820514        2.5318281264694547E-004
         222  0.49865025641025640        2.5318391926101809E-004
         223  0.49959871794871796        2.5318476023156834E-004
         224  0.50027923076923075        2.5318480228935924E-004
         225  0.50061948717948723        2.5318464744420176E-004
         226  0.50126358974358975        2.5318403326989291E-004
         227  0.50245333333333331        2.5318179399221583E-004
         228  0.50267692307692313        2.5318121314170952E-004
         229  0.50348666666666664        2.5317868583860483E-004
         230  0.50451000000000001        2.5317454195141284E-004
         231  0.50505358974358971        2.5317190938210418E-004
         232  0.50576820512820508        2.5316799318178442E-004
         233  0.50654948717948722        2.5316311971537638E-004
         234  0.50724410256410257        2.5315826760330753E-004
         235  0.50792769230769230        2.5315301529407199E-004
         236  0.50881871794871791        2.5314545844578852E-004
         237  0.50965871794871798        2.5313759771378169E-004
         238  0.51046025641025639        2.5312943027377526E-004
         239  0.51125461538461536        2.5312069363607204E-004
         240  0.51202256410256408        2.5311163947767566E-004
         241  0.51241641025641027        2.5310676411366081E-004
         242  0.51320333333333334        2.5309655195702611E-004
         243  0.51403358974358970        2.5308509684664166E-004
         244  0.51538641025641030        2.5306493459768099E-004
         245  0.51566282051282053        2.5306058667157118E-004
         246  0.51696666666666669        2.5303903226943435E-004
         247  0.51736743589743595        2.5303206048527265E-004
         248  0.51763230769230772        2.5302736333501096E-004
         249  0.51898487179487185        2.5300226746877510E-004
         250  0.51984666666666668        2.5298530910130456E-004
         251  0.52088897435897441        2.5296379124203959E-004
         252  0.52152692307692305        2.5295007695491515E-004
         253  0.52275564102564098        2.5292249791014182E-004
         254  0.52355025641025643        2.5290384583210581E-004
         255  0.52408615384615387        2.5289090441659004E-004
         256  0.52493487179487175        2.5286981152697027E-004
         257  0.52591692307692306        2.5284449112419378E-004
         258  0.52731384615384613        2.5280678433786604E-004
         259  0.52763051282051288        2.5279796065860098E-004
         260  0.52854615384615389        2.5277187297914004E-004
         261  0.52980538461538462        2.5273460238570166E-004
         262  0.53012769230769230        2.5272480328195090E-004
         263  0.53143435897435898        2.5268399291578482E-004
         264  0.53189282051282050        2.5266926187680303E-004
         265  0.53323256410256414        2.5262498642239473E-004
         266  0.53422205128205125        2.5259111136382548E-004
         267  0.53516923076923073        2.5255774927681267E-004
         268  0.53613615384615387        2.5252274758423050E-004
         269  0.53656256410256409        2.5250700874062879E-004
         270  0.53796948717948723        2.5245376222665303E-004
         271  0.53867538461538467        2.5242628506355613E-004
         272  0.53989205128205131        2.5237773086596586E-004
         273  0.54047153846153850        2.5235407287388893E-004
         274  0.54212128205128207        2.5228483983354003E-004
         275  0.54299846153846154        2.5224689386175590E-004
         276  0.54379256410256416        2.5221186216705803E-004
         277  0.54458846153846152        2.5217610304727737E-004
         278  0.54526128205128210        2.5214536728411166E-004
         279  0.54654333333333338        2.5208551567042919E-004
         280  0.54770358974358979        2.5202989623515171E-004
         281  0.54873410256410260        2.5197933739427798E-004
         282  0.54971743589743594        2.5193007605783953E-004
         283  0.55139025641025641        2.5184398993866763E-004
         284  0.55157256410256406        2.5183443412945801E-004
         285  0.55285256410256411        2.5176637851530921E-004
         286  0.55402871794871800        2.5170235659829009E-004
         287  0.55517717948717948        2.5163846617199596E-004
         288  0.55562692307692307        2.5161307568087197E-004
         289  0.55722846153846151        2.5152096471214565E-004
         290  0.55822512820512815        2.5146230509454217E-004
         291  0.55947769230769229        2.5138712822123750E-004
         292  0.56069333333333338        2.5131261525616769E-004
         293  0.56145282051282053        2.5126528572000069E-004
         294  0.56285282051282048        2.5117647435647617E-004
         295  0.56365282051282051        2.5112481238433480E-004
         296  0.56559999999999999        2.5099629172865975E-004
         297  0.56596051282051285        2.5097206441153657E-004
         298  0.56750256410256406        2.5086690916243341E-004
         299  0.56856307692307695        2.5079315436760097E-004
         300  0.57026948717948722        2.5067201943183414E-004
         301  0.57111282051282053        2.5061103110695287E-004
         302  0.57227153846153844        2.5052602338259799E-004
         303  0.57349358974358977        2.5043484861674611E-004
         304  0.57506641025641025        2.5031520337121633E-004
         305  0.57606820512820511        2.5023764508479314E-004
         306  0.57748230769230768        2.5012637421023310E-004
         307  0.57839333333333331        2.5005357645855637E-004
         308  0.57960948717948713        2.4995503675200704E-004
         309  0.58077358974358972        2.4985925638243450E-004
         310  0.58221769230769227        2.4973845347996267E-004
         311  0.58343410256410255        2.4963499021742123E-004
         312  0.58510589743589747        2.4949024245943838E-004
         313  0.58618025641025640        2.4939566103861514E-004
         314  0.58771794871794869        2.4925816164541150E-004
         315  0.58848615384615388        2.4918852948120179E-004
         316  0.59020205128205128        2.4903073126418947E-004
         317  0.59193641025641031        2.4886805095665731E-004
         318  0.59355717948717945        2.4871312594438314E-004
         319  0.59417025641025645        2.4865379227394046E-004
         320  0.59603974358974354        2.4847038086455808E-004
         321  0.59766025641025644        2.4830836614357773E-004
         322  0.59907974358974359        2.4816413324300917E-004
         323  0.60020076923076926        2.4804869551161912E-004
         324  0.60171846153846154        2.4789025414084440E-004
         325  0.60369153846153845        2.4768055566439906E-004
         326  0.60458538461538458        2.4758417233536497E-004
         327  0.60661384615384617        2.4736223195345709E-004
         328  0.60778333333333334        2.4723224473105818E-004
         329  0.60954743589743587        2.4703335147422713E-004
         330  0.61088358974358969        2.4688044938514080E-004
         331  0.61254461538461535        2.4668765133257440E-004
         332  0.61447358974358979        2.4645996047166870E-004
         333  0.61552666666666667        2.4633393495410150E-004
         334  0.61792000000000002        2.4604297810936013E-004
         335  0.61901948717948718        2.4590719620732254E-004
         336  0.62068923076923077        2.4569843386596408E-004
         337  0.62227307692307687        2.4549755581830101E-004
         338  0.62420179487179484        2.4524917425858777E-004
         339  0.62590820512820511        2.4502596611818974E-004
         340  0.62797487179487177        2.4475127730165438E-004
         341  0.62965820512820514        2.4452400115165259E-004
         342  0.63142435897435900        2.4428211825578441E-004
         343  0.63349358974358971        2.4399425250553740E-004
         344  0.63566641025641024        2.4368676043713051E-004
         345  0.63753564102564098        2.4341794144505918E-004
         346  0.63883358974358972        2.4322893845569500E-004
         347  0.64059487179487185        2.4296938818737975E-004
         348  0.64294666666666667        2.4261727298565772E-004
         349  0.64430769230769236        2.4241059146956154E-004
         350  0.64672974358974356        2.4203749568922121E-004
         351  0.64849692307692308        2.4176098804964396E-004
         352  0.65084512820512819        2.4138794570671357E-004
         353  0.65273743589743594        2.4108264125977398E-004
         354  0.65511025641025644        2.4069387321697846E-004
         355  0.65711384615384616        2.4036043412766029E-004
         356  0.65901692307692306        2.4003932272685270E-004
         357  0.66178948717948716        2.3956379260594291E-004
         358  0.66341128205128208        2.3928137760019107E-004
         359  0.66535948717948723        2.3893794924556490E-004
         360  0.66798564102564106        2.3846777151984743E-004
         361  0.67032769230769229        2.3804140839580945E-004
         362  0.67201615384615387        2.3772988486503468E-004
         363  0.67464794871794875        2.3723735491340938E-004
         364  0.67716410256410253        2.3675849469646803E-004
         365  0.67958564102564101        2.3629023740231734E-004
         366  0.68199564102564103        2.3581695783375214E-004
         367  0.68386487179487176        2.3544486475271539E-004
         368  0.68728717948717943        2.3475219471393553E-004
         369  0.68974128205128205        2.3424633422714506E-004
         370  0.69225974358974363        2.3371919980532744E-004
         371  0.69502051282051280        2.3313196415897499E-004
         372  0.69763230769230766        2.3256731639557446E-004
         373  0.70017487179487181        2.3200907403889685E-004
         374  0.70310487179487180        2.3135521088443571E-004
         375  0.70647589743589745        2.3058882474424802E-004
         376  0.70853692307692306        2.3011276595350302E-004
         377  0.71138282051282054        2.2944599006505763E-004
         378  0.71473948717948721        2.2864537127752812E-004
         379  0.71766923076923073        2.2793392316034148E-004
         380  0.72078692307692305        2.2716374676804988E-004
         381  0.72404538461538459        2.2634422708907298E-004
         382  0.72659923076923072        2.2569140981732453E-004
         383  0.73024358974358972        2.2474366559738703E-004
         384  0.73329948717948723        2.2393414169313968E-004
         385  0.73720846153846153        2.2287868712140947E-004
         386  0.74045820512820515        2.2198397469679011E-004
         387  0.74402974358974361        2.2098235469847607E-004
         388  0.74774307692307695        2.1992036311349361E-004
         389  0.75115487179487184        2.1892583357987106E-004
         390  0.75480307692307691        2.1784221059179779E-004
         391  0.75844512820512822        2.1673930678205996E-004
         392  0.76251333333333338        2.1548201770545943E-004
         393  0.76636102564102559        2.1426786735147420E-004
         394  0.77091051282051282        2.1280031210414672E-004
         395  0.77505384615384620        2.1143307222319202E-004
         396  0.77916717948717951        2.1004620120416539E-004
         397  0.78315128205128204        2.0867429625155289E-004
         398  0.78757769230769226        2.0711638675712933E-004
         399  0.79219692307692313        2.0545194593457185E-004
         400  0.79623948717948723        2.0396214218583428E-004
