# x, rho, T
# CSV format for plotting
# x,rho,T
  0.00000000E+00,  0.40000000E+00,  0.60000000E+01
  0.25000000E-02,  0.40037126E+00,  0.59907188E+01
  0.50000000E-02,  0.40074437E+00,  0.59814262E+01
  0.75000000E-02,  0.40111748E+00,  0.59721335E+01
  0.10000000E-01,  0.40149245E+00,  0.59628292E+01
  0.12500000E-01,  0.40186743E+00,  0.59535249E+01
  0.15000000E-01,  0.40224426E+00,  0.59442089E+01
  0.17500000E-01,  0.40262113E+00,  0.59348929E+01
  0.20000000E-01,  0.40299986E+00,  0.59255652E+01
  0.22500000E-01,  0.40337862E+00,  0.59162374E+01
  0.25000000E-01,  0.40375926E+00,  0.59068978E+01
  0.27500000E-01,  0.40413994E+00,  0.58975580E+01
  0.30000000E-01,  0.40452250E+00,  0.58882065E+01
  0.32500000E-01,  0.40490512E+00,  0.58788548E+01
  0.35000000E-01,  0.40528962E+00,  0.58694912E+01
  0.37500000E-01,  0.40567419E+00,  0.58601274E+01
  0.40000000E-01,  0.40606066E+00,  0.58507517E+01
  0.42500000E-01,  0.40644720E+00,  0.58413757E+01
  0.45000000E-01,  0.40683564E+00,  0.58319877E+01
  0.47500000E-01,  0.40722417E+00,  0.58225996E+01
  0.50000000E-01,  0.40761461E+00,  0.58131992E+01
  0.52500000E-01,  0.40800514E+00,  0.58037987E+01
  0.55000000E-01,  0.40839760E+00,  0.57943859E+01
  0.57500000E-01,  0.40879016E+00,  0.57849729E+01
  0.60000000E-01,  0.40918465E+00,  0.57755477E+01
  0.62500000E-01,  0.40957925E+00,  0.57661221E+01
  0.65000000E-01,  0.40997579E+00,  0.57566842E+01
  0.67500000E-01,  0.41037246E+00,  0.57472460E+01
  0.70000000E-01,  0.41077108E+00,  0.57377954E+01
  0.72500000E-01,  0.41116982E+00,  0.57283445E+01
  0.75000000E-01,  0.41157053E+00,  0.57188810E+01
  0.77500000E-01,  0.41197138E+00,  0.57094172E+01
  0.80000000E-01,  0.41237420E+00,  0.56999409E+01
  0.82500000E-01,  0.41277717E+00,  0.56904641E+01
  0.85000000E-01,  0.41318213E+00,  0.56809747E+01
  0.87500000E-01,  0.41358724E+00,  0.56714849E+01
  0.90000000E-01,  0.41399434E+00,  0.56619824E+01
  0.92500000E-01,  0.41440162E+00,  0.56524794E+01
  0.95000000E-01,  0.41481090E+00,  0.56429636E+01
  0.97500000E-01,  0.41522036E+00,  0.56334474E+01
  0.10000000E+00,  0.41563183E+00,  0.56239183E+01
  0.10250000E+00,  0.41604349E+00,  0.56143886E+01
  0.10500000E+00,  0.41645718E+00,  0.56048460E+01
  0.10750000E+00,  0.41687107E+00,  0.55953029E+01
  0.11000000E+00,  0.41728699E+00,  0.55857468E+01
  0.11250000E+00,  0.41770313E+00,  0.55761900E+01
  0.11500000E+00,  0.41812130E+00,  0.55666202E+01
  0.11750000E+00,  0.41853971E+00,  0.55570497E+01
  0.12000000E+00,  0.41896017E+00,  0.55474661E+01
  0.12250000E+00,  0.41938087E+00,  0.55378818E+01
  0.12500000E+00,  0.41980364E+00,  0.55282843E+01
  0.12750000E+00,  0.42022665E+00,  0.55186861E+01
  0.13000000E+00,  0.42065174E+00,  0.55090745E+01
  0.13250000E+00,  0.42107709E+00,  0.54994622E+01
  0.13500000E+00,  0.42150453E+00,  0.54898365E+01
  0.13750000E+00,  0.42193224E+00,  0.54802100E+01
  0.14000000E+00,  0.42236205E+00,  0.54705700E+01
  0.14250000E+00,  0.42279215E+00,  0.54609292E+01
  0.14500000E+00,  0.42322436E+00,  0.54512748E+01
  0.14750000E+00,  0.42365686E+00,  0.54416196E+01
  0.15000000E+00,  0.42409149E+00,  0.54319507E+01
  0.15250000E+00,  0.42452643E+00,  0.54222809E+01
  0.15500000E+00,  0.42496350E+00,  0.54125974E+01
  0.15750000E+00,  0.42540090E+00,  0.54029130E+01
  0.16000000E+00,  0.42584044E+00,  0.53932147E+01
  0.16250000E+00,  0.42628033E+00,  0.53835154E+01
  0.16500000E+00,  0.42672236E+00,  0.53738022E+01
  0.16750000E+00,  0.42716476E+00,  0.53640880E+01
  0.17000000E+00,  0.42760931E+00,  0.53543598E+01
  0.17250000E+00,  0.42805424E+00,  0.53446305E+01
  0.17500000E+00,  0.42850135E+00,  0.53348871E+01
  0.17750000E+00,  0.42894884E+00,  0.53251426E+01
  0.18000000E+00,  0.42939851E+00,  0.53153840E+01
  0.18250000E+00,  0.42984859E+00,  0.53056241E+01
  0.18500000E+00,  0.43030087E+00,  0.52958500E+01
  0.18750000E+00,  0.43075356E+00,  0.52860747E+01
  0.19000000E+00,  0.43120847E+00,  0.52762850E+01
  0.19250000E+00,  0.43166381E+00,  0.52664941E+01
  0.19500000E+00,  0.43212137E+00,  0.52566887E+01
  0.19750000E+00,  0.43257938E+00,  0.52468820E+01
  0.20000000E+00,  0.43303963E+00,  0.52370608E+01
  0.20250000E+00,  0.43350033E+00,  0.52272382E+01
  0.20500000E+00,  0.43396329E+00,  0.52174010E+01
  0.20750000E+00,  0.43442673E+00,  0.52075623E+01
  0.21000000E+00,  0.43489243E+00,  0.51977089E+01
  0.21250000E+00,  0.43535862E+00,  0.51878541E+01
  0.21500000E+00,  0.43582710E+00,  0.51779844E+01
  0.21750000E+00,  0.43629608E+00,  0.51681132E+01
  0.22000000E+00,  0.43676736E+00,  0.51582271E+01
  0.22250000E+00,  0.43723916E+00,  0.51483393E+01
  0.22500000E+00,  0.43771327E+00,  0.51384367E+01
  0.22750000E+00,  0.43818792E+00,  0.51285323E+01
  0.23000000E+00,  0.43866489E+00,  0.51186128E+01
  0.23250000E+00,  0.43914242E+00,  0.51086916E+01
  0.23500000E+00,  0.43962229E+00,  0.50987552E+01
  0.23750000E+00,  0.44010273E+00,  0.50888170E+01
  0.24000000E+00,  0.44058553E+00,  0.50788636E+01
  0.24250000E+00,  0.44106892E+00,  0.50689083E+01
  0.24500000E+00,  0.44155468E+00,  0.50589376E+01
  0.24750000E+00,  0.44204105E+00,  0.50489650E+01
  0.25000000E+00,  0.44252980E+00,  0.50389769E+01
  0.25250000E+00,  0.44301918E+00,  0.50289868E+01
  0.25500000E+00,  0.44351096E+00,  0.50189811E+01
  0.25750000E+00,  0.44400338E+00,  0.50089733E+01
  0.26000000E+00,  0.44449822E+00,  0.49989499E+01
  0.26250000E+00,  0.44499373E+00,  0.49889244E+01
  0.26500000E+00,  0.44549167E+00,  0.49788831E+01
  0.26750000E+00,  0.44599029E+00,  0.49688395E+01
  0.27000000E+00,  0.44649136E+00,  0.49587801E+01
  0.27250000E+00,  0.44699313E+00,  0.49487183E+01
  0.27500000E+00,  0.44749738E+00,  0.49386406E+01
  0.27750000E+00,  0.44800234E+00,  0.49285605E+01
  0.28000000E+00,  0.44850979E+00,  0.49184644E+01
  0.28250000E+00,  0.44901797E+00,  0.49083657E+01
  0.28500000E+00,  0.44952867E+00,  0.48982509E+01
  0.28750000E+00,  0.45004012E+00,  0.48881335E+01
  0.29000000E+00,  0.45055409E+00,  0.48779999E+01
  0.29250000E+00,  0.45106885E+00,  0.48678636E+01
  0.29500000E+00,  0.45158614E+00,  0.48577110E+01
  0.29750000E+00,  0.45210424E+00,  0.48475556E+01
  0.30000000E+00,  0.45262489E+00,  0.48373837E+01
  0.30250000E+00,  0.45314637E+00,  0.48272090E+01
  0.30500000E+00,  0.45367043E+00,  0.48170177E+01
  0.30750000E+00,  0.45419533E+00,  0.48068234E+01
  0.31000000E+00,  0.45472282E+00,  0.47966125E+01
  0.31250000E+00,  0.45525119E+00,  0.47863986E+01
  0.31500000E+00,  0.45578217E+00,  0.47761678E+01
  0.31750000E+00,  0.45631404E+00,  0.47659340E+01
  0.32000000E+00,  0.45684855E+00,  0.47556832E+01
  0.32250000E+00,  0.45738396E+00,  0.47454292E+01
  0.32500000E+00,  0.45792204E+00,  0.47351581E+01
  0.32750000E+00,  0.45846105E+00,  0.47248838E+01
  0.33000000E+00,  0.45900274E+00,  0.47145923E+01
  0.33250000E+00,  0.45954539E+00,  0.47042973E+01
  0.33500000E+00,  0.46009074E+00,  0.46939851E+01
  0.33750000E+00,  0.46063707E+00,  0.46836694E+01
  0.34000000E+00,  0.46118613E+00,  0.46733363E+01
  0.34250000E+00,  0.46173619E+00,  0.46629996E+01
  0.34500000E+00,  0.46228899E+00,  0.46526453E+01
  0.34750000E+00,  0.46284283E+00,  0.46422874E+01
  0.35000000E+00,  0.46339944E+00,  0.46319117E+01
  0.35250000E+00,  0.46395710E+00,  0.46215323E+01
  0.35500000E+00,  0.46451755E+00,  0.46111350E+01
  0.35750000E+00,  0.46507908E+00,  0.46007338E+01
  0.36000000E+00,  0.46564343E+00,  0.45903148E+01
  0.36250000E+00,  0.46620889E+00,  0.45798916E+01
  0.36500000E+00,  0.46677719E+00,  0.45694504E+01
  0.36750000E+00,  0.46734662E+00,  0.45590051E+01
  0.37000000E+00,  0.46791891E+00,  0.45485415E+01
  0.37250000E+00,  0.46849237E+00,  0.45380737E+01
  0.37500000E+00,  0.46906872E+00,  0.45275876E+01
  0.37750000E+00,  0.46964626E+00,  0.45170970E+01
  0.38000000E+00,  0.47022671E+00,  0.45065881E+01
  0.38250000E+00,  0.47080838E+00,  0.44960745E+01
  0.38500000E+00,  0.47139299E+00,  0.44855424E+01
  0.38750000E+00,  0.47197885E+00,  0.44750056E+01
  0.39000000E+00,  0.47256768E+00,  0.44644501E+01
  0.39250000E+00,  0.47315778E+00,  0.44538898E+01
  0.39500000E+00,  0.47375088E+00,  0.44433106E+01
  0.39750000E+00,  0.47434529E+00,  0.44327265E+01
  0.40000000E+00,  0.47494271E+00,  0.44221234E+01
  0.40250000E+00,  0.47554148E+00,  0.44115152E+01
  0.40500000E+00,  0.47614330E+00,  0.44008878E+01
  0.40750000E+00,  0.47674649E+00,  0.43902552E+01
  0.41000000E+00,  0.47735275E+00,  0.43796034E+01
  0.41250000E+00,  0.47796043E+00,  0.43689461E+01
  0.41500000E+00,  0.47857120E+00,  0.43582694E+01
  0.41750000E+00,  0.47918342E+00,  0.43475872E+01
  0.42000000E+00,  0.47979877E+00,  0.43368854E+01
  0.42250000E+00,  0.48041559E+00,  0.43261779E+01
  0.42500000E+00,  0.48103558E+00,  0.43154506E+01
  0.42750000E+00,  0.48165708E+00,  0.43047176E+01
  0.43000000E+00,  0.48228177E+00,  0.42939646E+01
  0.43250000E+00,  0.48290801E+00,  0.42832056E+01
  0.43500000E+00,  0.48353748E+00,  0.42724265E+01
  0.43750000E+00,  0.48416852E+00,  0.42616413E+01
  0.44000000E+00,  0.48480283E+00,  0.42508359E+01
  0.44250000E+00,  0.48543875E+00,  0.42400241E+01
  0.44500000E+00,  0.48607796E+00,  0.42291919E+01
  0.44750000E+00,  0.48671883E+00,  0.42183532E+01
  0.45000000E+00,  0.48736303E+00,  0.42074940E+01
  0.45250000E+00,  0.48800892E+00,  0.41966281E+01
  0.45500000E+00,  0.48865817E+00,  0.41857414E+01
  0.45750000E+00,  0.48930916E+00,  0.41748479E+01
  0.46000000E+00,  0.48996354E+00,  0.41639334E+01
  0.46250000E+00,  0.49061970E+00,  0.41530119E+01
  0.46500000E+00,  0.49127929E+00,  0.41420693E+01
  0.46750000E+00,  0.49194069E+00,  0.41311195E+01
  0.47000000E+00,  0.49260557E+00,  0.41201484E+01
  0.47250000E+00,  0.49327230E+00,  0.41091699E+01
  0.47500000E+00,  0.49394254E+00,  0.40981699E+01
  0.47750000E+00,  0.49461468E+00,  0.40871623E+01
  0.48000000E+00,  0.49529037E+00,  0.40761330E+01
  0.48250000E+00,  0.49596800E+00,  0.40650959E+01
  0.48500000E+00,  0.49664922E+00,  0.40540369E+01
  0.48750000E+00,  0.49733243E+00,  0.40429700E+01
  0.49000000E+00,  0.49801927E+00,  0.40318809E+01
  0.49250000E+00,  0.49870814E+00,  0.40207837E+01
  0.49500000E+00,  0.49940069E+00,  0.40096641E+01
  0.49750000E+00,  0.50009531E+00,  0.39985361E+01
  0.50000000E+00,  0.50079365E+00,  0.39873856E+01
  0.50250000E+00,  0.50149413E+00,  0.39762265E+01
  0.50500000E+00,  0.50219835E+00,  0.39650447E+01
  0.50750000E+00,  0.50290476E+00,  0.39538540E+01
  0.51000000E+00,  0.50361497E+00,  0.39426403E+01
  0.51250000E+00,  0.50432742E+00,  0.39314176E+01
  0.51500000E+00,  0.50504371E+00,  0.39201717E+01
  0.51750000E+00,  0.50576229E+00,  0.39089164E+01
  0.52000000E+00,  0.50648476E+00,  0.38976378E+01
  0.52250000E+00,  0.50720957E+00,  0.38863496E+01
  0.52500000E+00,  0.50793832E+00,  0.38750377E+01
  0.52750000E+00,  0.50866947E+00,  0.38637161E+01
  0.53000000E+00,  0.50940460E+00,  0.38523705E+01
  0.53250000E+00,  0.51014219E+00,  0.38410149E+01
  0.53500000E+00,  0.51088383E+00,  0.38296352E+01
  0.53750000E+00,  0.51162797E+00,  0.38182451E+01
  0.54000000E+00,  0.51237620E+00,  0.38068307E+01
  0.54250000E+00,  0.51312700E+00,  0.37954056E+01
  0.54500000E+00,  0.51388195E+00,  0.37839560E+01
  0.54750000E+00,  0.51463953E+00,  0.37724954E+01
  0.55000000E+00,  0.51540132E+00,  0.37610100E+01
  0.55250000E+00,  0.51616579E+00,  0.37495134E+01
  0.55500000E+00,  0.51693453E+00,  0.37379916E+01
  0.55750000E+00,  0.51770602E+00,  0.37264584E+01
  0.56000000E+00,  0.51848182E+00,  0.37148998E+01
  0.56250000E+00,  0.51926045E+00,  0.37033294E+01
  0.56500000E+00,  0.52004346E+00,  0.36917333E+01
  0.56750000E+00,  0.52082935E+00,  0.36801251E+01
  0.57000000E+00,  0.52161969E+00,  0.36684909E+01
  0.57250000E+00,  0.52241298E+00,  0.36568443E+01
  0.57500000E+00,  0.52321077E+00,  0.36451715E+01
  0.57750000E+00,  0.52401160E+00,  0.36334859E+01
  0.58000000E+00,  0.52481699E+00,  0.36217737E+01
  0.58250000E+00,  0.52562548E+00,  0.36100485E+01
  0.58500000E+00,  0.52643861E+00,  0.35982964E+01
  0.58750000E+00,  0.52725491E+00,  0.35865309E+01
  0.59000000E+00,  0.52807592E+00,  0.35747382E+01
  0.59250000E+00,  0.52890018E+00,  0.35629317E+01
  0.59500000E+00,  0.52972922E+00,  0.35510976E+01
  0.59750000E+00,  0.53056159E+00,  0.35392495E+01
  0.60000000E+00,  0.53139881E+00,  0.35273735E+01
  0.60250000E+00,  0.53223945E+00,  0.35154830E+01
  0.60500000E+00,  0.53308500E+00,  0.35035642E+01
  0.60750000E+00,  0.53393406E+00,  0.34916306E+01
  0.61000000E+00,  0.53478812E+00,  0.34796684E+01
  0.61250000E+00,  0.53564577E+00,  0.34676909E+01
  0.61500000E+00,  0.53650849E+00,  0.34556845E+01
  0.61750000E+00,  0.53737489E+00,  0.34436624E+01
  0.62000000E+00,  0.53824646E+00,  0.34316109E+01
  0.62250000E+00,  0.53912179E+00,  0.34195434E+01
  0.62500000E+00,  0.54000237E+00,  0.34074462E+01
  0.62750000E+00,  0.54088681E+00,  0.33953324E+01
  0.63000000E+00,  0.54177659E+00,  0.33831885E+01
  0.63250000E+00,  0.54267033E+00,  0.33710277E+01
  0.63500000E+00,  0.54356950E+00,  0.33588362E+01
  0.63750000E+00,  0.54447273E+00,  0.33466274E+01
  0.64000000E+00,  0.54538148E+00,  0.33343876E+01
  0.64250000E+00,  0.54629439E+00,  0.33221300E+01
  0.64500000E+00,  0.54721292E+00,  0.33098409E+01
  0.64750000E+00,  0.54813572E+00,  0.32975334E+01
  0.65000000E+00,  0.54906424E+00,  0.32851941E+01
  0.65250000E+00,  0.54999715E+00,  0.32728359E+01
  0.65500000E+00,  0.55093587E+00,  0.32604454E+01
  0.65750000E+00,  0.55187909E+00,  0.32480355E+01
  0.66000000E+00,  0.55282824E+00,  0.32355927E+01
  0.66250000E+00,  0.55378201E+00,  0.32231301E+01
  0.66500000E+00,  0.55474181E+00,  0.32106341E+01
  0.66750000E+00,  0.55570635E+00,  0.31981177E+01
  0.67000000E+00,  0.55667704E+00,  0.31855674E+01
  0.67250000E+00,  0.55765260E+00,  0.31729961E+01
  0.67500000E+00,  0.55863443E+00,  0.31603904E+01
  0.67750000E+00,  0.55962125E+00,  0.31477631E+01
  0.68000000E+00,  0.56061447E+00,  0.31351008E+01
  0.68250000E+00,  0.56161282E+00,  0.31224164E+01
  0.68500000E+00,  0.56261769E+00,  0.31096964E+01
  0.68750000E+00,  0.56362783E+00,  0.30969536E+01
  0.69000000E+00,  0.56464462E+00,  0.30841747E+01
  0.69250000E+00,  0.56566683E+00,  0.30713723E+01
  0.69500000E+00,  0.56669583E+00,  0.30585331E+01
  0.69750000E+00,  0.56773040E+00,  0.30456699E+01
  0.70000000E+00,  0.56877190E+00,  0.30327692E+01
  0.70250000E+00,  0.56981912E+00,  0.30198437E+01
  0.70500000E+00,  0.57087342E+00,  0.30068802E+01
  0.70750000E+00,  0.57193360E+00,  0.29938911E+01
  0.71000000E+00,  0.57300102E+00,  0.29808633E+01
  0.71250000E+00,  0.57407449E+00,  0.29678092E+01
  0.71500000E+00,  0.57515535E+00,  0.29547157E+01
  0.71750000E+00,  0.57624244E+00,  0.29415951E+01
  0.72000000E+00,  0.57733709E+00,  0.29284343E+01
  0.72250000E+00,  0.57843815E+00,  0.29152456E+01
  0.72500000E+00,  0.57954694E+00,  0.29020160E+01
  0.72750000E+00,  0.58066232E+00,  0.28887576E+01
  0.73000000E+00,  0.58178562E+00,  0.28754576E+01
  0.73250000E+00,  0.58291571E+00,  0.28621279E+01
  0.73500000E+00,  0.58405390E+00,  0.28487557E+01
  0.73750000E+00,  0.58519909E+00,  0.28353530E+01
  0.74000000E+00,  0.58635257E+00,  0.28219068E+01
  0.74250000E+00,  0.58751326E+00,  0.28084293E+01
  0.74500000E+00,  0.58868245E+00,  0.27949074E+01
  0.74750000E+00,  0.58985907E+00,  0.27813530E+01
  0.75000000E+00,  0.59104440E+00,  0.27677535E+01
  0.75250000E+00,  0.59223740E+00,  0.27541204E+01
  0.75500000E+00,  0.59343933E+00,  0.27404412E+01
  0.75750000E+00,  0.59464916E+00,  0.27267274E+01
  0.76000000E+00,  0.59586816E+00,  0.27129664E+01
  0.76250000E+00,  0.59709532E+00,  0.26991698E+01
  0.76500000E+00,  0.59833189E+00,  0.26853249E+01
  0.76750000E+00,  0.59957688E+00,  0.26714432E+01
  0.77000000E+00,  0.60083153E+00,  0.26575120E+01
  0.77250000E+00,  0.60209488E+00,  0.26435429E+01
  0.77500000E+00,  0.60336815E+00,  0.26295232E+01
  0.77750000E+00,  0.60465042E+00,  0.26154642E+01
  0.78000000E+00,  0.60594289E+00,  0.26013535E+01
  0.78250000E+00,  0.60724466E+00,  0.25872021E+01
  0.78500000E+00,  0.60855693E+00,  0.25729976E+01
  0.78750000E+00,  0.60987881E+00,  0.25587512E+01
  0.79000000E+00,  0.61121149E+00,  0.25444504E+01
  0.79250000E+00,  0.61255412E+00,  0.25301061E+01
  0.79500000E+00,  0.61390788E+00,  0.25157060E+01
  0.79750000E+00,  0.61527194E+00,  0.25012610E+01
  0.80000000E+00,  0.61664747E+00,  0.24867586E+01
  0.80250000E+00,  0.61803366E+00,  0.24722097E+01
  0.80500000E+00,  0.61943169E+00,  0.24576019E+01
  0.80750000E+00,  0.62084077E+00,  0.24429459E+01
  0.81000000E+00,  0.62226206E+00,  0.24282294E+01
  0.81250000E+00,  0.62369481E+00,  0.24134628E+01
  0.81500000E+00,  0.62514018E+00,  0.23986340E+01
  0.81750000E+00,  0.62659743E+00,  0.23837534E+01
  0.82000000E+00,  0.62806772E+00,  0.23688087E+01
  0.82250000E+00,  0.62955036E+00,  0.23538101E+01
  0.82500000E+00,  0.63104648E+00,  0.23387456E+01
  0.82750000E+00,  0.63255542E+00,  0.23236251E+01
  0.83000000E+00,  0.63407833E+00,  0.23084366E+01
  0.83250000E+00,  0.63561458E+00,  0.22931900E+01
  0.83500000E+00,  0.63716528E+00,  0.22778732E+01
  0.83750000E+00,  0.63872986E+00,  0.22624960E+01
  0.84000000E+00,  0.64030944E+00,  0.22470463E+01
  0.84250000E+00,  0.64190347E+00,  0.22315337E+01
  0.84500000E+00,  0.64351306E+00,  0.22159462E+01
  0.84750000E+00,  0.64513772E+00,  0.22002931E+01
  0.85000000E+00,  0.64677854E+00,  0.21845626E+01
  0.85250000E+00,  0.64843508E+00,  0.21687638E+01
  0.85500000E+00,  0.65010843E+00,  0.21528847E+01
  0.85750000E+00,  0.65179818E+00,  0.21369344E+01
  0.86000000E+00,  0.65350543E+00,  0.21209009E+01
  0.86250000E+00,  0.65522983E+00,  0.21047929E+01
  0.86500000E+00,  0.65697247E+00,  0.20885987E+01
  0.86750000E+00,  0.65873305E+00,  0.20723266E+01
  0.87000000E+00,  0.66051265E+00,  0.20559649E+01
  0.87250000E+00,  0.66231104E+00,  0.20395218E+01
  0.87500000E+00,  0.66412931E+00,  0.20229853E+01
  0.87750000E+00,  0.66596728E+00,  0.20063637E+01
  0.88000000E+00,  0.66782604E+00,  0.19896448E+01
  0.88250000E+00,  0.66970547E+00,  0.19728366E+01
  0.88500000E+00,  0.67160669E+00,  0.19559270E+01
  0.88750000E+00,  0.67352963E+00,  0.19389235E+01
  0.89000000E+00,  0.67547543E+00,  0.19218142E+01
  0.89250000E+00,  0.67744409E+00,  0.19046061E+01
  0.89500000E+00,  0.67943676E+00,  0.18872874E+01
  0.89750000E+00,  0.68145354E+00,  0.18698647E+01
  0.90000000E+00,  0.68349557E+00,  0.18523261E+01
  0.90250000E+00,  0.68556306E+00,  0.18346778E+01
  0.90500000E+00,  0.68765718E+00,  0.18169078E+01
  0.90750000E+00,  0.68977820E+00,  0.17990220E+01
  0.91000000E+00,  0.69192735E+00,  0.17810083E+01
  0.91250000E+00,  0.69410501E+00,  0.17628721E+01
  0.91500000E+00,  0.69631243E+00,  0.17446010E+01
  0.91750000E+00,  0.69855011E+00,  0.17262001E+01
  0.92000000E+00,  0.70081934E+00,  0.17076568E+01
  0.92250000E+00,  0.70312076E+00,  0.16889757E+01
  0.92500000E+00,  0.70545572E+00,  0.16701439E+01
  0.92750000E+00,  0.70782499E+00,  0.16511654E+01
  0.93000000E+00,  0.71023000E+00,  0.16320270E+01
  0.93250000E+00,  0.71267167E+00,  0.16127321E+01
  0.93500000E+00,  0.71515152E+00,  0.15932672E+01
  0.93750000E+00,  0.71767066E+00,  0.15736347E+01
  0.94000000E+00,  0.72023070E+00,  0.15538210E+01
  0.94250000E+00,  0.72283297E+00,  0.15338276E+01
  0.94500000E+00,  0.72547919E+00,  0.15136401E+01
  0.94750000E+00,  0.72817093E+00,  0.14932593E+01
  0.95000000E+00,  0.73091007E+00,  0.14726702E+01
  0.95250000E+00,  0.73369846E+00,  0.14518723E+01
  0.95500000E+00,  0.73653817E+00,  0.14308498E+01
  0.95750000E+00,  0.73943136E+00,  0.14096011E+01
  0.96000000E+00,  0.74238035E+00,  0.13881093E+01
  0.96250000E+00,  0.74538766E+00,  0.13663713E+01
  0.96500000E+00,  0.74845591E+00,  0.13443689E+01
  0.96750000E+00,  0.75158809E+00,  0.13220973E+01
  0.97000000E+00,  0.75478717E+00,  0.12995367E+01
  0.97250000E+00,  0.75805669E+00,  0.12766801E+01
  0.97500000E+00,  0.76140010E+00,  0.12535058E+01
  0.97750000E+00,  0.76482160E+00,  0.12300040E+01
  0.98000000E+00,  0.76832524E+00,  0.12061507E+01
  0.98250000E+00,  0.77191606E+00,  0.11819327E+01
  0.98500000E+00,  0.77559890E+00,  0.11573226E+01
  0.98750000E+00,  0.77937986E+00,  0.11323030E+01
  0.99000000E+00,  0.78326480E+00,  0.11068424E+01
  0.99250000E+00,  0.78726123E+00,  0.10809177E+01
  0.99500000E+00,  0.79137637E+00,  0.10544918E+01
  0.99750000E+00,  0.79561958E+00,  0.10275343E+01
  0.10000000E+01,  0.80000000E+00,  0.10000000E+01
