 # Pos, Density, Err_Density
           1  0.20126190476190475        6.1866898306251502E-004
           2  0.20144047619047620        6.1887419050476609E-004
           3  0.20177857142857142        6.1926219452940298E-004
           4  0.20154047619047619        6.1898902338023711E-004
           5  0.20123571428571430        6.1863886992722956E-004
           6  0.20190714285714287        6.1940956625069696E-004
           7  0.20280238095238096        6.2043298097919433E-004
           8  0.20273809523809525        6.2035964986780487E-004
           9  0.20160476190476190        6.1906281295674628E-004
          10  0.20189047619047620        6.1939046807182592E-004
          11  0.20234761904761905        6.1991370388946010E-004
          12  0.20234285714285713        6.1990825992953424E-004
          13  0.20094999999999999        6.1831009614917332E-004
          14  0.20178571428571429        6.1927038443469978E-004
          15  0.20289047619047618        6.2053343193324594E-004
          16  0.20248333333333332        6.2006880005281814E-004
          17  0.20133095238095239        6.1874835256025239E-004
          18  0.19990238095238094        6.1710039902825660E-004
          19  0.20160952380952382        6.1906827786913717E-004
          20  0.20159761904761905        6.1905461533417864E-004
          21  0.20188809523809523        6.1938773962532084E-004
          22  0.20128809523809524        6.1869909209242213E-004
          23  0.20180714285714285        6.1929495232381870E-004
          24  0.20092857142857143        6.1828541839556840E-004
          25  0.20198809523809524        6.1950230527297245E-004
          26  0.20119761904761904        6.1859506167333625E-004
          27  0.20245476190476192        6.2003615733056841E-004
          28  0.20172380952380953        6.1919939513899983E-004
          29  0.20257619047619047        6.2017485538996462E-004
          30  0.20239285714285715        6.1996541478116448E-004
          31  0.20267857142857143        6.2029172881691592E-004
          32  0.20279523809523808        6.2042483428913404E-004
          33  0.20219761904761904        6.1974215433112444E-004
          34  0.20246428571428571        6.2004703877722393E-004
          35  0.20243095238095238        6.2000895135453098E-004
          36  0.20158809523809523        6.1904368469663771E-004
          37  0.20159761904761905        6.1905461533417864E-004
          38  0.20244999999999999        6.2003071640501348E-004
          39  0.20320238095238094        6.2088871276364508E-004
          40  0.20093809523809525        6.1829638662595928E-004
          41  0.20166666666666666        6.1913384625355411E-004
          42  0.20153809523809524        6.1898628995874741E-004
          43  0.20270952380952381        6.2032705038866758E-004
          44  0.20170952380952381        6.1918300974532817E-004
          45  0.20104285714285713        6.1841700127305426E-004
          46  0.20164523809523810        6.1910926039476614E-004
          47  0.20128571428571429        6.1869635507751314E-004
          48  0.20099523809523809        6.1836218458863573E-004
          49  0.20246428571428571        6.2004703877722393E-004
          50  0.20223095238095237        6.1978028802849115E-004
          51  0.20235000000000000        6.1991642581883568E-004
          52  0.20125000000000001        6.1865529578271621E-004
          53  0.20280952380952380        6.2044112736649301E-004
          54  0.20093571428571427        6.1829364461934782E-004
          55  0.20228095238095239        6.1983747617306000E-004
          56  0.20205952380952380        6.1958410138113402E-004
          57  0.20202619047619047        6.1954593364793131E-004
          58  0.20183809523809523        6.1933043443774031E-004
          59  0.20239285714285715        6.1996541478116448E-004
          60  0.20232380952380952        6.1988648274076841E-004
          61  0.20126190476190475        6.1866898306251502E-004
          62  0.20176904761904763        6.1925127418203322E-004
          63  0.20135238095238095        6.1877297867324679E-004
          64  0.20260476190476190        6.2020747749342220E-004
          65  0.20253571428571429        6.2012863244055648E-004
          66  0.20095714285714286        6.1831832145524390E-004
          67  0.20145476190476191        6.1889059886114652E-004
          68  0.20245476190476192        6.2003615733056841E-004
          69  0.20230714285714285        6.1986742592982176E-004
          70  0.20263571428571428        6.2024281263303239E-004
          71  0.20183333333333334        6.1932497602302941E-004
          72  0.20213571428571428        6.1967131705506430E-004
          73  0.20275476190476191        6.2037866399272093E-004
          74  0.20162380952380951        6.1908467179360869E-004
          75  0.20298809523809525        6.2064468868631767E-004
          76  0.20224285714285714        6.1979390560309685E-004
          77  0.20180714285714285        6.1929495232381870E-004
          78  0.20138095238095238        6.1880580921776251E-004
          79  0.20046190476190476        6.1774730829641127E-004
          80  0.20038571428571428        6.1765932935003824E-004
          81  0.20205714285714285        6.1958137533405227E-004
          82  0.20098809523809524        6.1835396091377648E-004
          83  0.20159523809523811        6.1905188272559262E-004
          84  0.20208571428571429        6.1961408566974159E-004
          85  0.20270238095238094        6.2031889976162135E-004
          86  0.20185000000000000        6.1934407988267260E-004
          87  0.20277857142857142        6.2040582416818713E-004
          88  0.20167857142857143        6.1914750387913765E-004
          89  0.20211428571428572        6.1964679114201405E-004
          90  0.20174761904761904        6.1922670142116969E-004
          91  0.20234761904761905        6.1991370388946010E-004
          92  0.20292380952380953        6.2057142839742820E-004
          93  0.20333809523809523        6.2104312070027741E-004
          94  0.20166904761904761        6.1913657784637378E-004
          95  0.20251190476190475        6.2010143792234267E-004
          96  0.20192619047619048        6.1943139071241266E-004
          97  0.20098333333333335        6.1834847829396781E-004
          98  0.20208571428571429        6.1961408566974159E-004
          99  0.20056904761904762        6.1787096964810927E-004
         100  0.20296666666666666        6.2062027131251619E-004
         101  0.20228571428571429        6.1984292188699795E-004
         102  0.20141666666666666        6.1884684053248350E-004
         103  0.20241666666666666        6.1999262615089338E-004
         104  0.20247142857142858        6.2005519950833238E-004
         105  0.20078095238095239        6.1811534125912233E-004
         106  0.20214047619047620        6.1967676688654482E-004
         107  0.20179761904761906        6.1928403360026721E-004
         108  0.20241666666666666        6.1999262615089338E-004
         109  0.20152380952380952        6.1896988871838483E-004
         110  0.20219047619047620        6.1973398196389119E-004
         111  0.20234047619047618        6.1990553789898297E-004
         112  0.20146666666666666        6.1890427155942087E-004
         113  0.20165238095238094        6.1911745598572040E-004
         114  0.20063809523809523        6.1795062596981508E-004
         115  0.20175714285714286        6.1923762298657229E-004
         116  0.20228809523809524        6.1984564469336222E-004
         117  0.20216190476190476        6.1970128945696649E-004
         118  0.20226904761904763        6.1982386129780579E-004
         119  0.20244285714285715        6.2002255476388741E-004
         120  0.20114523809523810        6.1853481113655485E-004
         121  0.20135952380952382        6.1878118676715263E-004
         122  0.20211190476190477        6.1964406587172803E-004
         123  0.20275476190476191        6.2037866399272093E-004
         124  0.20209761904761905        6.1962771354085117E-004
         125  0.20147142857142858        6.1890974040149701E-004
         126  0.20199523809523809        6.1951048625216634E-004
         127  0.20179523809523808        6.1928130383481100E-004
         128  0.20193333333333333        6.1943957432778396E-004
         129  0.20116190476190476        6.1855398354408405E-004
         130  0.20115000000000000        6.1854028913702487E-004
         131  0.20274285714285714        6.2036508264317757E-004
         132  0.20130714285714285        6.1872098699047569E-004
         133  0.20200000000000001        6.1951594006934155E-004
         134  0.20200476190476191        6.1952139375135763E-004
         135  0.20140238095238094        6.1883042892196653E-004
         136  0.20046904761904763        6.1775555453315886E-004
         137  0.20182857142857144        6.1931951747303438E-004
         138  0.20070476190476191        6.1802750835201255E-004
         139  0.20321190476190476        6.2089955196538633E-004
         140  0.20273095238095237        6.2035150045235371E-004
         141  0.20219523809523809        6.1973943024246677E-004
         142  0.20190714285714287        6.1940956625069696E-004
         143  0.20160000000000000        6.1905734790889929E-004
         144  0.20065238095238094        6.1796710301277667E-004
         145  0.20247380952380953        6.2005791968463111E-004
         146  0.20082619047619046        6.1816747556407811E-004
         147  0.20141428571428571        6.1884410534881540E-004
         148  0.20244285714285715        6.2002255476388741E-004
         149  0.20235952380952382        6.1992731319909897E-004
         150  0.20235238095238095        6.1991914771448694E-004
         151  0.20169761904761904        6.1916935431988738E-004
         152  0.20223809523809524        6.1978845867449066E-004
         153  0.20179047619047619        6.1927584420241367E-004
         154  0.20159047619047618        6.1904641740682259E-004
         155  0.20210000000000000        6.1963043901375680E-004
         156  0.20122619047619048        6.1862791867823717E-004
         157  0.20205476190476190        6.1957864925319143E-004
         158  0.20083809523809523        6.1818119307720351E-004
         159  0.20286190476190477        6.2050085829010258E-004
         160  0.20196666666666666        6.1947776051057379E-004
         161  0.20142380952380953        6.1885504588009255E-004
         162  0.20272380952380953        6.2034335073402188E-004
         163  0.20115476190476189        6.1854576700169509E-004
         164  0.20265714285714287        6.2026727208849342E-004
         165  0.20226666666666668        6.1982113822153838E-004
         166  0.20178809523809524        6.1927311433547147E-004
         167  0.20268095238095238        6.2029444606286337E-004
         168  0.20197380952380953        6.1948594240218821E-004
         169  0.20200000000000001        6.1951594006934155E-004
         170  0.20060238095238095        6.1790942799976143E-004
         171  0.20199523809523809        6.1951048625216634E-004
         172  0.20177380952380952        6.1925673442338256E-004
         173  0.20163333333333333        6.1909560039937481E-004
         174  0.20232142857142857        6.1988376044039577E-004
         175  0.20240476190476189        6.1997902088745550E-004
         176  0.20184047619047618        6.1933316359436528E-004
         177  0.20152380952380952        6.1896988871838483E-004
         178  0.20081428571428572        6.1815375720066781E-004
         179  0.20206666666666667        6.1959227931970926E-004
         180  0.20127619047619047        6.1868540667863001E-004
         181  0.20130238095238095        6.1871551346949244E-004
         182  0.20153809523809524        6.1898628995874741E-004
         183  0.20153571428571429        6.1898355650338106E-004
         184  0.20289761904761905        6.2054157458746567E-004
         185  0.20267619047619048        6.2028901153730529E-004
         186  0.20132142857142857        6.1873740673935526E-004
         187  0.20153809523809524        6.1898628995874741E-004
         188  0.20228095238095239        6.1983747617306000E-004
         189  0.20156666666666667        6.1901908878089719E-004
         190  0.20132142857142857        6.1873740673935526E-004
         191  0.20200000000000001        6.1951594006934155E-004
         192  0.20068571428571427        6.1800554468029482E-004
         193  0.20155238095238096        6.1900268997955256E-004
         194  0.20177380952380952        6.1925673442338256E-004
         195  0.20158809523809523        6.1904368469663771E-004
         196  0.20240952380952382        6.1998446309396993E-004
         197  0.20149761904761904        6.1893981660993667E-004
         198  0.20140238095238094        6.1883042892196653E-004
         199  0.20266904761904761        6.2028085949649000E-004
         200  0.20176904761904763        6.1925127418203322E-004
