 # Pos, Density, Err_Density
           1  0.20315072046109511        2.1598944981521500E-004
           2  0.20411210374639768        2.1636927611310967E-004
           3  0.20501412103746397        2.1672392511090121E-004
           4  0.20637031700288183        2.1725402419012766E-004
           5  0.20767694524495678        2.1776122585678861E-004
           6  0.20919394812680114        2.1834578516716509E-004
           7  0.21072132564841498        2.1892970498517587E-004
           8  0.21170374639769451        2.1930284493810548E-004
           9  0.21311066282420749        2.1983390915039522E-004
          10  0.21424293948126802        2.2025849521814566E-004
          11  0.21539394812680115        2.2068755231225974E-004
          12  0.21699048991354467        2.2127845537435426E-004
          13  0.21854812680115274        2.2185025135609113E-004
          14  0.21977060518731989        2.2229578024421853E-004
          15  0.22130749279538905        2.2285188890488431E-004
          16  0.22254927953890491        2.2329797987061931E-004
          17  0.22364178674351584        2.2368806628596905E-004
          18  0.22522103746397695        2.2424803691411621E-004
          19  0.22650893371757924        2.2470129814960256E-004
          20  0.22818126801152738        2.2528533104980162E-004
          21  0.22959048991354467        2.2577353222734092E-004
          22  0.23027031700288184        2.2600776433978048E-004
          23  0.23212363112391932        2.2664210319099461E-004
          24  0.23339164265129683        2.2707257646672181E-004
          25  0.23473198847262247        2.2752450674623707E-004
          26  0.23660518731988472        2.2815079992875067E-004
          27  0.23778587896253603        2.2854240220311308E-004
          28  0.23897550432276657        2.2893451529405501E-004
          29  0.24125533141210376        2.2967913747102737E-004
          30  0.24237319884726224        2.3004098828346764E-004
          31  0.24367204610951010        2.3045874564669381E-004
          32  0.24577262247838616        2.3112831903778958E-004
          33  0.24705533141210376        2.3153353846285313E-004
          34  0.24826397694524496        2.3191284180695693E-004
          35  0.25004524495677233        2.3246741919856535E-004
          36  0.25133775216138327        2.3286654135072166E-004
          37  0.25258011527377522        2.3324758996692333E-004
          38  0.25418587896253603        2.3373635847545352E-004
          39  0.25605850144092218        2.3430106084396733E-004
          40  0.25777291066282421        2.3481308845642264E-004
          41  0.25945475504322768        2.3531080993127965E-004
          42  0.26087982708933716        2.3572901387987132E-004
          43  0.26228760806916429        2.3613898286473613E-004
          44  0.26366628242074930        2.3653744665502350E-004
          45  0.26523400576368877        2.3698692673620653E-004
          46  0.26774265129682995        2.3769821031175307E-004
          47  0.26886167146974066        2.3801234625439287E-004
          48  0.27057031700288187        2.3848828689381206E-004
          49  0.27229250720461096        2.3896347840814832E-004
          50  0.27403256484149857        2.3943901670933754E-004
          51  0.27596743515850142        2.3996241894196332E-004
          52  0.27761642651296831        2.4040404644176208E-004
          53  0.27945475504322764        2.4089159251610350E-004
          54  0.28084293948126804        2.4125642714395752E-004
          55  0.28256195965417868        2.4170426270182563E-004
          56  0.28472449567723340        2.4226147378934905E-004
          57  0.28641786743515851        2.4269302763481221E-004
          58  0.28821210374639772        2.4314574263498777E-004
          59  0.29008126801152739        2.4361241832717350E-004
          60  0.29170172910662823        2.4401293863202453E-004
          61  0.29350057636887605        2.4445315554618655E-004
          62  0.29559394812680118        2.4495966024283599E-004
          63  0.29675216138328531        2.4523723507872687E-004
          64  0.29914236311239195        2.4580410284451060E-004
          65  0.30082017291066282        2.4619724319997679E-004
          66  0.30292824207492797        2.4668565106312639E-004
          67  0.30495907780979825        2.4715035190553636E-004
          68  0.30682651296829971        2.4757265629790702E-004
          69  0.30903746397694526        2.4806647677161049E-004
          70  0.31109769452449570        2.4852064838981088E-004
          71  0.31268501440922192        2.4886665073521461E-004
          72  0.31453631123919307        2.4926590789550924E-004
          73  0.31709769452449565        2.4981073334286169E-004
          74  0.31852190201729108        2.5010988936599067E-004
          75  0.32109365994236311        2.5064327699298323E-004
          76  0.32291123919308357        2.5101498330416534E-004
          77  0.32538674351585012        2.5151426739485408E-004
          78  0.32748991354466861        2.5193217036399956E-004
          79  0.32936657060518731        2.5230021500912358E-004
          80  0.33134985590778099        2.5268422326138327E-004
          81  0.33355792507204612        2.5310580062380455E-004
          82  0.33553141210374637        2.5347730579283035E-004
          83  0.33806657060518730        2.5394726156321675E-004
          84  0.33981095100864556        2.5426589170380757E-004
          85  0.34241556195965417        2.5473450318823268E-004
          86  0.34415994236311237        2.5504357792059646E-004
          87  0.34700057636887610        2.5553874623365769E-004
          88  0.34890259365994236        2.5586468291783048E-004
          89  0.35113631123919309        2.5624173687023062E-004
          90  0.35401095100864555        2.5671792208581314E-004
          91  0.35577953890489916        2.5700584693867879E-004
          92  0.35842507204610952        2.5742940039692009E-004
          93  0.36085734870317004        2.5781129449779886E-004
          94  0.36293458213256485        2.5813176673650370E-004
          95  0.36551700288184436        2.5852291772172529E-004
          96  0.36796570605187318        2.5888641218776303E-004
          97  0.36977406340057639        2.5915024373719935E-004
          98  0.37215216138328533        2.5949126140163947E-004
          99  0.37537435158501442        2.5994260492478879E-004
         100  0.37773400576368876        2.6026534157839423E-004
         101  0.37982478386167146        2.6054582333899837E-004
         102  0.38280893371757924        2.6093726761840344E-004
         103  0.38500345821325649        2.6121849002760602E-004
         104  0.38831181556195965        2.6163184941317556E-004
         105  0.39089913544668586        2.6194627413691737E-004
         106  0.39297867435158501        2.6219338390550621E-004
         107  0.39533631123919311        2.6246751535241136E-004
         108  0.39849827089337175        2.6282515143569195E-004
         109  0.40151930835734873        2.6315616678920670E-004
         110  0.40301988472622480        2.6331671752764704E-004
         111  0.40639452449567726        2.6366843150811765E-004
         112  0.40870864553314123        2.6390215667856595E-004
         113  0.41251210374639768        2.6427316886813869E-004
         114  0.41451239193083572        2.6446175497845835E-004
         115  0.41815158501440924        2.6479334390296897E-004
         116  0.42061873198847261        2.6500971342585249E-004
         117  0.42349711815561958        2.6525356748450689E-004
         118  0.42631412103746397        2.6548329657672347E-004
         119  0.42922622478386169        2.6571152519782703E-004
         120  0.43253544668587895        2.6595948535803259E-004
         121  0.43542939481268012        2.6616642155108389E-004
         122  0.43852363112391929        2.6637747915956417E-004
         123  0.44130634005763691        2.6655830462476586E-004
         124  0.44431700288184439        2.6674438315699151E-004
         125  0.44715619596541789        2.6691077871992088E-004
         126  0.45050028818443805        2.6709547696045119E-004
         127  0.45399971181556198        2.6727570708641717E-004
         128  0.45669596541786744        2.6740548740482165E-004
         129  0.46051210374639767        2.6757568136736892E-004
         130  0.46399740634005765        2.6771732977129507E-004
         131  0.46677694524495678        2.6782087256016582E-004
         132  0.46977348703170030        2.6792314584391235E-004
         133  0.47329625360230548        2.6803098337414166E-004
         134  0.47665504322766572        2.6812133957561211E-004
         135  0.48007521613832854        2.6820085971021509E-004
         136  0.48358616714697406        2.6826939559730260E-004
         137  0.48684092219020175        2.6832108957339646E-004
         138  0.49078645533141213        2.6836848865786607E-004
         139  0.49402334293948125        2.6839488713116376E-004
         140  0.49734985590778097        2.6841029323552610E-004
         141  0.50141066282420754        2.6841299527372839E-004
         142  0.50417925072046110        2.6840468707034552E-004
         143  0.50804438040345823        2.6837932204730653E-004
         144  0.51235158501440925        2.6833215166288259E-004
         145  0.51584293948126803        2.6827928653126959E-004
         146  0.51907550432276661        2.6821865415468596E-004
         147  0.52333025936599420        2.6812170824399114E-004
         148  0.52716080691642653        2.6801774779272960E-004
         149  0.53116628242074926        2.6789211495769027E-004
         150  0.53532103746397697        2.6774349219292398E-004
         151  0.53942997118155622        2.6757814305994207E-004
         152  0.54332276657060519        2.6740461301099266E-004
         153  0.54723688760806921        2.6721354154773843E-004
         154  0.55144697406340060        2.6698941082506367E-004
         155  0.55544956772334297        2.6675839614404142E-004
         156  0.55978933717579249        2.6648811964807655E-004
         157  0.56404092219020174        2.6620329834087079E-004
         158  0.56800864553314123        2.6591954761157467E-004
         159  0.57287608069164264        2.6554770590306727E-004
         160  0.57723083573487033        2.6519276769541058E-004
         161  0.58187550432276658        2.6479093041045565E-004
         162  0.58565561959654178        2.6444608785316734E-004
         163  0.59076628242074924        2.6395434609590253E-004
         164  0.59482391930835732        2.6354293260807873E-004
         165  0.59961152737752166        2.6303348074412141E-004
         166  0.60404985590778093        2.6253783999835150E-004
         167  0.60908126801152740        2.6194862607007363E-004
         168  0.61318616714697405        2.6144626106625924E-004
         169  0.61866080691642655        2.6074577861749215E-004
         170  0.62318242074927954        2.6014077945406879E-004
         171  0.62851959654178680        2.5939561392949691E-004
         172  0.63290317002881846        2.5875825587702876E-004
         173  0.63825389048991354        2.5794904986069526E-004
         174  0.64354899135446686        2.5711415908400321E-004
         175  0.64860057636887614        2.5628574465131812E-004
         176  0.65369596541786745        2.5541825912304993E-004
         177  0.65898616714697411        2.5448337147281606E-004
         178  0.66433371757925075        2.5350251336883796E-004
         179  0.66963573487031702        2.5249402506983724E-004
         180  0.67496714697406335        2.5144338227490375E-004
         181  0.68051383285302591        2.5031090532055285E-004
         182  0.68642132564841496        2.4905995559758917E-004
         183  0.69187060518731991        2.4786446448916196E-004
         184  0.69748962536023051        2.4658932705533119E-004
         185  0.70320057636887612        2.4524852169947935E-004
         186  0.70860576368876083        2.4393722639143710E-004
         187  0.71529135446685876        2.4225741465312578E-004
         188  0.72072276657060519        2.4084473116411600E-004
         189  0.72620749279538910        2.3937368457180590E-004
         190  0.73345619596541789        2.3735951681060484E-004
         191  0.73898386167146979        2.3576884705016397E-004
         192  0.74566685878962535        2.3378097245369290E-004
         193  0.75175706051873203        2.3190626055089489E-004
         194  0.75783112391930840        2.2997500900345696E-004
         195  0.76419567723342940        2.2788378916335721E-004
         196  0.77062708933717583        2.2569839002826552E-004
         197  0.77730201729106629        2.2335120584978895E-004
         198  0.78360778097982708        2.2105760106318293E-004
         199  0.78999740634005766        2.1865550940089720E-004
         200  0.79540605187319879        2.1655893136531920E-004
