 # Pos, Energy, Err_Energy
           1   1.0227547940141049        1.6309139632910107E-003
           2   1.0238028643246821        1.6314735129504476E-003
           3   1.0234247894539543        1.6267551567748419E-003
           4   1.0247229235816506        1.6239098653255816E-003
           5   1.0263680177542824        1.6198865647428858E-003
           6   1.0260886053752467        1.6111936308275537E-003
           7   1.0282374738331501        1.6089391672645039E-003
           8   1.0287833992411100        1.6051386693712289E-003
           9   1.0296950563817060        1.6020872741834182E-003
          10   1.0295299100951845        1.5960431647995463E-003
          11   1.0308172917756917        1.5944590987461657E-003
          12   1.0328932032424991        1.5917729601033226E-003
          13   1.0376574626383266        1.5900745926517832E-003
          14   1.0362837709829911        1.5843814943439132E-003
          15   1.0396961897406589        1.5849240036734601E-003
          16   1.0371125526594458        1.5759365250085195E-003
          17   1.0389398436072699        1.5742501638656365E-003
          18   1.0416220760383350        1.5725453841004601E-003
          19   1.0400055485098039        1.5650504218777930E-003
          20   1.0426787607684449        1.5622753152782873E-003
          21   1.0440714120003525        1.5582735333546543E-003
          22   1.0414301903660432        1.5531253082106367E-003
          23   1.0450693202330810        1.5515633718537146E-003
          24   1.0440141644981507        1.5448862056256412E-003
          25   1.0473599409328851        1.5455099466712815E-003
          26   1.0490183819451664        1.5391591969523724E-003
          27   1.0485504679894140        1.5363817059909400E-003
          28   1.0480725789705587        1.5299152553912114E-003
          29   1.0541434045204405        1.5307843878444808E-003
          30   1.0534217747121852        1.5256671450895965E-003
          31   1.0510299778559173        1.5182239288832587E-003
          32   1.0558198418747173        1.5186377513231794E-003
          33   1.0558719134047032        1.5129880338618188E-003
          34   1.0540366311519485        1.5074998394965832E-003
          35   1.0577488970426585        1.5064675353647925E-003
          36   1.0565561899057736        1.5019972788969083E-003
          37   1.0561130142647532        1.4944043990803672E-003
          38   1.0594104255897752        1.4950596320159294E-003
          39   1.0580948333903284        1.4877151404549364E-003
          40   1.0619454833760604        1.4869059057171796E-003
          41   1.0621033909588846        1.4818342689484941E-003
          42   1.0616519298751419        1.4766522905845490E-003
          43   1.0634981135368982        1.4747967917448663E-003
          44   1.0616065028193571        1.4682231588620494E-003
          45   1.0616741956948299        1.4620300417374406E-003
          46   1.0670562027028547        1.4611663495085259E-003
          47   1.0642739594580948        1.4528144074328236E-003
          48   1.0659491149844853        1.4531323704068966E-003
          49   1.0637177098000787        1.4447121414571807E-003
          50   1.0669403786192053        1.4427486488270559E-003
          51   1.0689761664459165        1.4396760802764187E-003
          52   1.0678133526198001        1.4336668796956953E-003
          53   1.0704199335662772        1.4310889341155627E-003
          54   1.0712826498398960        1.4278343708051169E-003
          55   1.0683929710768736        1.4208462606131594E-003
          56   1.0732743452122744        1.4189882474453246E-003
          57   1.0695871197851781        1.4099858183470465E-003
          58   1.0729351133767919        1.4095874191299141E-003
          59   1.0750587650817205        1.4064868831477585E-003
          60   1.0747036323020729        1.4002660612141159E-003
          61   1.0742184492671361        1.3976428412087246E-003
          62   1.0736204127845406        1.3887210886214469E-003
          63   1.0749099965525279        1.3896601154742515E-003
          64   1.0758462057688798        1.3837224518457483E-003
          65   1.0749298739369042        1.3779222888956235E-003
          66   1.0774961999917183        1.3751684504630698E-003
          67   1.0786057925306669        1.3697745276211269E-003
          68   1.0781484637483207        1.3677251608137076E-003
          69   1.0794629481547049        1.3631801443573632E-003
          70   1.0792749584674852        1.3565546742980228E-003
          71   1.0802185503403003        1.3546753465152992E-003
          72   1.0789568293746725        1.3483215793586357E-003
          73   1.0829649854471008        1.3464530620404497E-003
          74   1.0795723965630211        1.3393633512196878E-003
          75   1.0820531798522708        1.3356479413526513E-003
          76   1.0821395683907158        1.3308607506864092E-003
          77   1.0852946618732759        1.3303459974554706E-003
          78   1.0839300046939602        1.3226145486421484E-003
          79   1.0837270709411995        1.3174932518208757E-003
          80   1.0835512207266511        1.3123420952092797E-003
          81   1.0839051792141186        1.3073503486702659E-003
          82   1.0825488788668196        1.3012716163234902E-003
          83   1.0853922186289495        1.2998882374669891E-003
          84   1.0858939208395499        1.2957752872415050E-003
          85   1.0860398209175381        1.2899864500269236E-003
          86   1.0844422266145171        1.2845671723996901E-003
          87   1.0860853219217401        1.2799186493619430E-003
          88   1.0853436061710504        1.2752762041049772E-003
          89   1.0861915612272364        1.2715214937792083E-003
          90   1.0892191233139554        1.2682279676319334E-003
          91   1.0857267137102451        1.2606984431657298E-003
          92   1.0877283974095233        1.2579446607104382E-003
          93   1.0868245044451974        1.2516535502560446E-003
          94   1.0845142893744617        1.2436425379858036E-003
          95   1.0869570860155389        1.2425950329966200E-003
          96   1.0884209621062966        1.2396566944738987E-003
          97   1.0851255198667145        1.2314705432134769E-003
          98   1.0851886874774843        1.2269239314803661E-003
          99   1.0879254223173271        1.2222426971558945E-003
         100   1.0866100849625593        1.2176901613324311E-003
         101   1.0857275066397181        1.2117532125887783E-003
         102   1.0862251361558732        1.2072692090727708E-003
         103   1.0857795901076539        1.2008925480818530E-003
         104   1.0871267397362649        1.1971922208131377E-003
         105   1.0877338702280370        1.1945265995221767E-003
         106   1.0869030065193286        1.1879160302424867E-003
         107   1.0852378421394775        1.1822850333086140E-003
         108   1.0866125963254671        1.1777374487838312E-003
         109   1.0854123260664730        1.1708645681856047E-003
         110   1.0828526702210775        1.1652286159152866E-003
         111   1.0834667999673151        1.1594044126313099E-003
         112   1.0834158691788280        1.1556714009676584E-003
         113   1.0849615130832562        1.1514148507756996E-003
         114   1.0813438159034763        1.1438059902360122E-003
         115   1.0839882017908393        1.1397088616771751E-003
         116   1.0827776628324952        1.1358523960512069E-003
         117   1.0825178295565163        1.1295420580083296E-003
         118   1.0798363115050922        1.1226931428275516E-003
         119   1.0810781004454768        1.1188729968880970E-003
         120   1.0800557296963091        1.1127691630127947E-003
         121   1.0787859490108600        1.1068752427485966E-003
         122   1.0810886555591896        1.1033489946158282E-003
         123   1.0779074288759845        1.0963326593423583E-003
         124   1.0774186362650864        1.0918888509973024E-003
         125   1.0742309461992741        1.0833077476516760E-003
         126   1.0745977023651576        1.0787157833719715E-003
         127   1.0749069513341860        1.0729657668279433E-003
         128   1.0733534133007874        1.0676996497704422E-003
         129   1.0742265746418529        1.0633818436424955E-003
         130   1.0718397097307011        1.0558074646615941E-003
         131   1.0713794509587382        1.0515369541968201E-003
         132   1.0672666711777072        1.0437786340945744E-003
         133   1.0676948817916119        1.0389352321074153E-003
         134   1.0664365688852229        1.0342634670000659E-003
         135   1.0648662753123734        1.0254658416051839E-003
         136   1.0644734463298349        1.0217211258815740E-003
         137   1.0625981071639694        1.0150402301886559E-003
         138   1.0619609759922652        1.0086800735469535E-003
         139   1.0600847914223281        1.0026702167685103E-003
         140   1.0579348971829594        9.9610204965675919E-004
         141   1.0593103944425752        9.9175509605873451E-004
         142   1.0540919355471898        9.8269053838511929E-004
         143   1.0547104835568681        9.7924823357991458E-004
         144   1.0532910713282635        9.7289063498994888E-004
         145   1.0505493762231704        9.6572521005476185E-004
         146   1.0471615773472953        9.5790344013222263E-004
         147   1.0476085612308683        9.5367519195850678E-004
         148   1.0459955958317901        9.4755622928713746E-004
         149   1.0436391025791825        9.3931239449602220E-004
         150   1.0428673951318594        9.3516457970955699E-004
         151   1.0421975341758170        9.3005714031097603E-004
         152   1.0392406474245037        9.2218087530894824E-004
         153   1.0363289625207630        9.1528369659883973E-004
         154   1.0345510214764722        9.0930164109306476E-004
         155   1.0319935435484262        9.0229028562302310E-004
         156   1.0292636007354088        8.9454661690144960E-004
         157   1.0272113556696048        8.8789867424857638E-004
         158   1.0235972352126412        8.8061213523805341E-004
         159   1.0225109691506435        8.7386972058529834E-004
         160   1.0187691616040246        8.6684647923699829E-004
         161   1.0169253862726586        8.6039418198031342E-004
         162   1.0127335722563726        8.5286015389608131E-004
         163   1.0118943346596041        8.4781689678887270E-004
         164   1.0070868459431250        8.3791595066556911E-004
         165   1.0047909845001084        8.3354745279478921E-004
         166   1.0006894932488191        8.2430499603028016E-004
         167  0.99804040760338264        8.1724316092307982E-004
         168  0.99463647052531734        8.1115885228296000E-004
         169  0.99191177591830315        8.0396149542782979E-004
         170  0.98731784933397604        7.9513060576196729E-004
         171  0.98290855147368594        7.8707431614594896E-004
         172  0.97971891412709800        7.8056170655729372E-004
         173  0.97629861278893271        7.7308129740846353E-004
         174  0.97178287894005810        7.6434846736236418E-004
         175  0.96790210620924566        7.5749900825467875E-004
         176  0.96458984219613830        7.5015498998662713E-004
         177  0.95903589336872286        7.4187887796099878E-004
         178  0.95595988201868298        7.3387211179013520E-004
         179  0.95035422353610577        7.2576596131116019E-004
         180  0.94603845165874845        7.1774152879205489E-004
         181  0.94152763351618296        7.0992925498671673E-004
         182  0.93685123060190090        7.0167937340021025E-004
         183  0.93179628973414452        6.9411407570481038E-004
         184  0.92531040571182555        6.8464442757824916E-004
         185  0.92034848400555336        6.7672517843490052E-004
         186  0.91361062262980175        6.6753324415851371E-004
         187  0.90868695031803459        6.5868964621392217E-004
         188  0.90257856913546008        6.5037803554420339E-004
         189  0.89448717977355008        6.4027898820588202E-004
         190  0.89042743258069912        6.3287070851565500E-004
         191  0.88286779695370021        6.2321907900060407E-004
         192  0.87779238501178802        6.1552174334624573E-004
         193  0.87053510982725979        6.0552326256473044E-004
         194  0.86160298355343468        5.9488963853807065E-004
         195  0.85479412579069047        5.8590400691794760E-004
         196  0.84718248616790559        5.7610142697000805E-004
         197  0.83950897449234174        5.6675113968884013E-004
         198  0.83102255551095106        5.5699599151971834E-004
         199  0.82244952053469078        5.4787321727850827E-004
         200  0.81137878793821461        5.3681777564441521E-004
