# x, rho, T
# CSV format for plotting
# x,rho,T
  0.00000000E+00,  0.20000000E+00,  0.50000000E+01
  0.25000000E-02,  0.20073420E+00,  0.49863325E+01
  0.50000000E-02,  0.20147272E+00,  0.49727309E+01
  0.75000000E-02,  0.20221123E+00,  0.49591294E+01
  0.10000000E-01,  0.20295409E+00,  0.49455931E+01
  0.12500000E-01,  0.20369695E+00,  0.49320569E+01
  0.15000000E-01,  0.20444417E+00,  0.49185853E+01
  0.17500000E-01,  0.20519140E+00,  0.49051139E+01
  0.20000000E-01,  0.20594302E+00,  0.48917064E+01
  0.22500000E-01,  0.20669464E+00,  0.48782992E+01
  0.25000000E-01,  0.20745069E+00,  0.48649552E+01
  0.27500000E-01,  0.20820673E+00,  0.48516117E+01
  0.30000000E-01,  0.20896722E+00,  0.48383307E+01
  0.32500000E-01,  0.20972771E+00,  0.48250502E+01
  0.35000000E-01,  0.21049268E+00,  0.48118317E+01
  0.37500000E-01,  0.21125764E+00,  0.47986137E+01
  0.40000000E-01,  0.21202711E+00,  0.47854570E+01
  0.42500000E-01,  0.21279657E+00,  0.47723010E+01
  0.45000000E-01,  0.21357057E+00,  0.47592056E+01
  0.47500000E-01,  0.21434456E+00,  0.47461110E+01
  0.50000000E-01,  0.21512312E+00,  0.47330765E+01
  0.52500000E-01,  0.21590167E+00,  0.47200427E+01
  0.55000000E-01,  0.21668482E+00,  0.47070684E+01
  0.57500000E-01,  0.21746795E+00,  0.46940950E+01
  0.60000000E-01,  0.21825571E+00,  0.46811804E+01
  0.62500000E-01,  0.21904345E+00,  0.46682668E+01
  0.65000000E-01,  0.21983585E+00,  0.46554114E+01
  0.67500000E-01,  0.22062823E+00,  0.46425570E+01
  0.70000000E-01,  0.22142531E+00,  0.46297602E+01
  0.72500000E-01,  0.22222236E+00,  0.46169647E+01
  0.75000000E-01,  0.22302413E+00,  0.46042260E+01
  0.77500000E-01,  0.22382589E+00,  0.45914887E+01
  0.80000000E-01,  0.22463239E+00,  0.45788077E+01
  0.82500000E-01,  0.22543887E+00,  0.45661280E+01
  0.85000000E-01,  0.22625013E+00,  0.45535041E+01
  0.87500000E-01,  0.22706136E+00,  0.45408817E+01
  0.90000000E-01,  0.22787741E+00,  0.45283144E+01
  0.92500000E-01,  0.22869344E+00,  0.45157487E+01
  0.95000000E-01,  0.22951430E+00,  0.45032375E+01
  0.97500000E-01,  0.23033514E+00,  0.44907279E+01
  0.10000000E+00,  0.23116086E+00,  0.44782724E+01
  0.10250000E+00,  0.23198655E+00,  0.44658185E+01
  0.10500000E+00,  0.23281714E+00,  0.44534181E+01
  0.10750000E+00,  0.23364771E+00,  0.44410195E+01
  0.11000000E+00,  0.23448321E+00,  0.44286737E+01
  0.11250000E+00,  0.23531869E+00,  0.44163298E+01
  0.11500000E+00,  0.23615913E+00,  0.44040381E+01
  0.11750000E+00,  0.23699955E+00,  0.43917485E+01
  0.12000000E+00,  0.23784496E+00,  0.43795105E+01
  0.12250000E+00,  0.23869035E+00,  0.43672746E+01
  0.12500000E+00,  0.23954077E+00,  0.43550898E+01
  0.12750000E+00,  0.24039116E+00,  0.43429072E+01
  0.13000000E+00,  0.24124661E+00,  0.43307752E+01
  0.13250000E+00,  0.24210204E+00,  0.43186454E+01
  0.13500000E+00,  0.24296256E+00,  0.43065656E+01
  0.13750000E+00,  0.24382306E+00,  0.42944882E+01
  0.14000000E+00,  0.24468868E+00,  0.42824602E+01
  0.14250000E+00,  0.24555428E+00,  0.42704346E+01
  0.14500000E+00,  0.24642504E+00,  0.42584580E+01
  0.14750000E+00,  0.24729577E+00,  0.42464838E+01
  0.15000000E+00,  0.24817169E+00,  0.42345580E+01
  0.15250000E+00,  0.24904759E+00,  0.42226349E+01
  0.15500000E+00,  0.24992872E+00,  0.42107595E+01
  0.15750000E+00,  0.25080982E+00,  0.41988869E+01
  0.16000000E+00,  0.25169617E+00,  0.41870615E+01
  0.16250000E+00,  0.25258251E+00,  0.41752389E+01
  0.16500000E+00,  0.25347414E+00,  0.41634631E+01
  0.16750000E+00,  0.25436574E+00,  0.41516901E+01
  0.17000000E+00,  0.25526267E+00,  0.41399634E+01
  0.17250000E+00,  0.25615958E+00,  0.41282396E+01
  0.17500000E+00,  0.25706185E+00,  0.41165615E+01
  0.17750000E+00,  0.25796410E+00,  0.41048865E+01
  0.18000000E+00,  0.25887174E+00,  0.40932566E+01
  0.18250000E+00,  0.25977936E+00,  0.40816299E+01
  0.18500000E+00,  0.26069241E+00,  0.40700478E+01
  0.18750000E+00,  0.26160545E+00,  0.40584689E+01
  0.19000000E+00,  0.26252394E+00,  0.40469342E+01
  0.19250000E+00,  0.26344242E+00,  0.40354028E+01
  0.19500000E+00,  0.26436640E+00,  0.40239150E+01
  0.19750000E+00,  0.26529036E+00,  0.40124306E+01
  0.20000000E+00,  0.26621985E+00,  0.40009894E+01
  0.20250000E+00,  0.26714934E+00,  0.39895516E+01
  0.20500000E+00,  0.26808439E+00,  0.39781564E+01
  0.20750000E+00,  0.26901943E+00,  0.39667648E+01
  0.21000000E+00,  0.26996007E+00,  0.39554153E+01
  0.21250000E+00,  0.27090071E+00,  0.39440694E+01
  0.21500000E+00,  0.27184698E+00,  0.39327652E+01
  0.21750000E+00,  0.27279325E+00,  0.39214647E+01
  0.22000000E+00,  0.27374519E+00,  0.39102053E+01
  0.22250000E+00,  0.27469713E+00,  0.38989498E+01
  0.22500000E+00,  0.27565478E+00,  0.38877348E+01
  0.22750000E+00,  0.27661243E+00,  0.38765238E+01
  0.23000000E+00,  0.27757582E+00,  0.38653529E+01
  0.23250000E+00,  0.27853922E+00,  0.38541860E+01
  0.23500000E+00,  0.27950840E+00,  0.38430588E+01
  0.23750000E+00,  0.28047759E+00,  0.38319356E+01
  0.24000000E+00,  0.28145259E+00,  0.38208516E+01
  0.24250000E+00,  0.28242762E+00,  0.38097718E+01
  0.24500000E+00,  0.28340848E+00,  0.37987306E+01
  0.24750000E+00,  0.28438937E+00,  0.37876937E+01
  0.25000000E+00,  0.28537615E+00,  0.37766950E+01
  0.25250000E+00,  0.28636295E+00,  0.37657006E+01
  0.25500000E+00,  0.28735567E+00,  0.37547440E+01
  0.25750000E+00,  0.28834842E+00,  0.37437917E+01
  0.26000000E+00,  0.28934713E+00,  0.37328768E+01
  0.26250000E+00,  0.29034588E+00,  0.37219663E+01
  0.26500000E+00,  0.29135062E+00,  0.37110926E+01
  0.26750000E+00,  0.29235541E+00,  0.37002235E+01
  0.27000000E+00,  0.29336622E+00,  0.36893907E+01
  0.27250000E+00,  0.29437709E+00,  0.36785626E+01
  0.27500000E+00,  0.29539402E+00,  0.36677703E+01
  0.27750000E+00,  0.29641100E+00,  0.36569828E+01
  0.28000000E+00,  0.29743409E+00,  0.36462307E+01
  0.28250000E+00,  0.29845724E+00,  0.36354834E+01
  0.28500000E+00,  0.29948654E+00,  0.36247710E+01
  0.28750000E+00,  0.30051590E+00,  0.36140636E+01
  0.29000000E+00,  0.30155144E+00,  0.36033906E+01
  0.29250000E+00,  0.30258706E+00,  0.35927226E+01
  0.29500000E+00,  0.30362889E+00,  0.35820887E+01
  0.29750000E+00,  0.30467081E+00,  0.35714598E+01
  0.30000000E+00,  0.30571898E+00,  0.35608645E+01
  0.30250000E+00,  0.30676724E+00,  0.35502743E+01
  0.30500000E+00,  0.30782180E+00,  0.35397173E+01
  0.30750000E+00,  0.30887645E+00,  0.35291655E+01
  0.31000000E+00,  0.30993744E+00,  0.35186464E+01
  0.31250000E+00,  0.31099853E+00,  0.35081326E+01
  0.31500000E+00,  0.31206600E+00,  0.34976510E+01
  0.31750000E+00,  0.31313357E+00,  0.34871748E+01
  0.32000000E+00,  0.31420756E+00,  0.34767304E+01
  0.32250000E+00,  0.31528167E+00,  0.34662915E+01
  0.32500000E+00,  0.31636224E+00,  0.34558839E+01
  0.32750000E+00,  0.31744292E+00,  0.34454819E+01
  0.33000000E+00,  0.31853011E+00,  0.34351108E+01
  0.33250000E+00,  0.31961743E+00,  0.34247452E+01
  0.33500000E+00,  0.32071129E+00,  0.34144103E+01
  0.33750000E+00,  0.32180528E+00,  0.34040809E+01
  0.34000000E+00,  0.32290587E+00,  0.33937817E+01
  0.34250000E+00,  0.32400659E+00,  0.33834881E+01
  0.34500000E+00,  0.32511394E+00,  0.33732243E+01
  0.34750000E+00,  0.32622145E+00,  0.33629662E+01
  0.35000000E+00,  0.32733562E+00,  0.33527374E+01
  0.35250000E+00,  0.32844996E+00,  0.33425145E+01
  0.35500000E+00,  0.32957101E+00,  0.33323204E+01
  0.35750000E+00,  0.33069222E+00,  0.33221322E+01
  0.36000000E+00,  0.33182020E+00,  0.33119724E+01
  0.36250000E+00,  0.33294835E+00,  0.33018186E+01
  0.36500000E+00,  0.33408331E+00,  0.32916928E+01
  0.36750000E+00,  0.33521845E+00,  0.32815731E+01
  0.37000000E+00,  0.33636043E+00,  0.32714809E+01
  0.37250000E+00,  0.33750261E+00,  0.32613949E+01
  0.37500000E+00,  0.33865169E+00,  0.32513361E+01
  0.37750000E+00,  0.33980097E+00,  0.32412834E+01
  0.38000000E+00,  0.34095718E+00,  0.32312575E+01
  0.38250000E+00,  0.34211361E+00,  0.32212378E+01
  0.38500000E+00,  0.34327702E+00,  0.32112445E+01
  0.38750000E+00,  0.34444065E+00,  0.32012575E+01
  0.39000000E+00,  0.34561131E+00,  0.31912965E+01
  0.39250000E+00,  0.34678221E+00,  0.31813418E+01
  0.39500000E+00,  0.34796018E+00,  0.31714128E+01
  0.39750000E+00,  0.34913840E+00,  0.31614901E+01
  0.40000000E+00,  0.35032374E+00,  0.31515925E+01
  0.40250000E+00,  0.35150934E+00,  0.31417015E+01
  0.40500000E+00,  0.35270210E+00,  0.31318352E+01
  0.40750000E+00,  0.35389513E+00,  0.31219754E+01
  0.41000000E+00,  0.35509538E+00,  0.31121401E+01
  0.41250000E+00,  0.35629591E+00,  0.31023113E+01
  0.41500000E+00,  0.35750369E+00,  0.30925065E+01
  0.41750000E+00,  0.35871178E+00,  0.30827083E+01
  0.42000000E+00,  0.35992717E+00,  0.30729337E+01
  0.42250000E+00,  0.36114288E+00,  0.30631658E+01
  0.42500000E+00,  0.36236593E+00,  0.30534211E+01
  0.42750000E+00,  0.36358931E+00,  0.30436831E+01
  0.43000000E+00,  0.36482009E+00,  0.30339680E+01
  0.43250000E+00,  0.36605122E+00,  0.30242596E+01
  0.43500000E+00,  0.36728979E+00,  0.30145737E+01
  0.43750000E+00,  0.36852871E+00,  0.30048946E+01
  0.44000000E+00,  0.36977514E+00,  0.29952375E+01
  0.44250000E+00,  0.37102193E+00,  0.29855873E+01
  0.44500000E+00,  0.37227627E+00,  0.29759588E+01
  0.44750000E+00,  0.37353100E+00,  0.29663372E+01
  0.45000000E+00,  0.37479333E+00,  0.29567370E+01
  0.45250000E+00,  0.37605605E+00,  0.29471436E+01
  0.45500000E+00,  0.37732643E+00,  0.29375712E+01
  0.45750000E+00,  0.37859722E+00,  0.29280058E+01
  0.46000000E+00,  0.37987571E+00,  0.29184609E+01
  0.46250000E+00,  0.38115464E+00,  0.29089231E+01
  0.46500000E+00,  0.38244131E+00,  0.28994054E+01
  0.46750000E+00,  0.38372844E+00,  0.28898948E+01
  0.47000000E+00,  0.38502336E+00,  0.28804040E+01
  0.47250000E+00,  0.38631876E+00,  0.28709203E+01
  0.47500000E+00,  0.38762201E+00,  0.28614561E+01
  0.47750000E+00,  0.38892575E+00,  0.28519990E+01
  0.48000000E+00,  0.39023739E+00,  0.28425609E+01
  0.48250000E+00,  0.39154955E+00,  0.28331301E+01
  0.48500000E+00,  0.39286965E+00,  0.28237179E+01
  0.48750000E+00,  0.39419029E+00,  0.28143129E+01
  0.49000000E+00,  0.39551894E+00,  0.28049263E+01
  0.49250000E+00,  0.39684813E+00,  0.27955469E+01
  0.49500000E+00,  0.39818539E+00,  0.27861854E+01
  0.49750000E+00,  0.39952322E+00,  0.27768313E+01
  0.50000000E+00,  0.40086917E+00,  0.27674947E+01
  0.50250000E+00,  0.40221571E+00,  0.27581654E+01
  0.50500000E+00,  0.40357042E+00,  0.27488533E+01
  0.50750000E+00,  0.40492574E+00,  0.27395486E+01
  0.51000000E+00,  0.40628929E+00,  0.27302607E+01
  0.51250000E+00,  0.40765348E+00,  0.27209803E+01
  0.51500000E+00,  0.40902594E+00,  0.27117162E+01
  0.51750000E+00,  0.41039907E+00,  0.27024596E+01
  0.52000000E+00,  0.41178054E+00,  0.26932191E+01
  0.52250000E+00,  0.41316269E+00,  0.26839860E+01
  0.52500000E+00,  0.41455323E+00,  0.26747687E+01
  0.52750000E+00,  0.41594448E+00,  0.26655588E+01
  0.53000000E+00,  0.41734419E+00,  0.26563643E+01
  0.53250000E+00,  0.41874462E+00,  0.26471773E+01
  0.53500000E+00,  0.42015357E+00,  0.26380053E+01
  0.53750000E+00,  0.42156328E+00,  0.26288408E+01
  0.54000000E+00,  0.42298155E+00,  0.26196910E+01
  0.54250000E+00,  0.42440061E+00,  0.26105486E+01
  0.54500000E+00,  0.42582830E+00,  0.26014206E+01
  0.54750000E+00,  0.42725680E+00,  0.25923001E+01
  0.55000000E+00,  0.42869399E+00,  0.25831935E+01
  0.55250000E+00,  0.43013201E+00,  0.25740944E+01
  0.55500000E+00,  0.43157879E+00,  0.25650090E+01
  0.55750000E+00,  0.43302643E+00,  0.25559311E+01
  0.56000000E+00,  0.43448289E+00,  0.25468664E+01
  0.56250000E+00,  0.43594023E+00,  0.25378093E+01
  0.56500000E+00,  0.43740646E+00,  0.25287650E+01
  0.56750000E+00,  0.43887360E+00,  0.25197283E+01
  0.57000000E+00,  0.44034969E+00,  0.25107041E+01
  0.57250000E+00,  0.44182672E+00,  0.25016875E+01
  0.57500000E+00,  0.44331276E+00,  0.24926830E+01
  0.57750000E+00,  0.44479978E+00,  0.24836861E+01
  0.58000000E+00,  0.44629587E+00,  0.24747010E+01
  0.58250000E+00,  0.44779297E+00,  0.24657234E+01
  0.58500000E+00,  0.44929921E+00,  0.24567574E+01
  0.58750000E+00,  0.45080649E+00,  0.24477988E+01
  0.59000000E+00,  0.45232297E+00,  0.24388514E+01
  0.59250000E+00,  0.45384054E+00,  0.24299114E+01
  0.59500000E+00,  0.45536736E+00,  0.24209823E+01
  0.59750000E+00,  0.45689530E+00,  0.24120606E+01
  0.60000000E+00,  0.45843258E+00,  0.24031494E+01
  0.60250000E+00,  0.45997100E+00,  0.23942456E+01
  0.60500000E+00,  0.46151883E+00,  0.23853520E+01
  0.60750000E+00,  0.46306784E+00,  0.23764657E+01
  0.61000000E+00,  0.46462632E+00,  0.23675893E+01
  0.61250000E+00,  0.46618602E+00,  0.23587202E+01
  0.61500000E+00,  0.46775527E+00,  0.23498605E+01
  0.61750000E+00,  0.46932577E+00,  0.23410082E+01
  0.62000000E+00,  0.47090589E+00,  0.23321650E+01
  0.62250000E+00,  0.47248730E+00,  0.23233291E+01
  0.62500000E+00,  0.47407840E+00,  0.23145020E+01
  0.62750000E+00,  0.47567084E+00,  0.23056821E+01
  0.63000000E+00,  0.47727303E+00,  0.22968706E+01
  0.63250000E+00,  0.47887660E+00,  0.22880664E+01
  0.63500000E+00,  0.48049001E+00,  0.22792701E+01
  0.63750000E+00,  0.48210483E+00,  0.22704812E+01
  0.64000000E+00,  0.48372956E+00,  0.22616998E+01
  0.64250000E+00,  0.48535576E+00,  0.22529257E+01
  0.64500000E+00,  0.48699193E+00,  0.22441589E+01
  0.64750000E+00,  0.48862962E+00,  0.22353992E+01
  0.65000000E+00,  0.49027736E+00,  0.22266465E+01
  0.65250000E+00,  0.49192665E+00,  0.22179009E+01
  0.65500000E+00,  0.49358608E+00,  0.22091618E+01
  0.65750000E+00,  0.49524711E+00,  0.22004298E+01
  0.66000000E+00,  0.49691836E+00,  0.21917041E+01
  0.66250000E+00,  0.49859125E+00,  0.21829853E+01
  0.66500000E+00,  0.50027444E+00,  0.21742724E+01
  0.66750000E+00,  0.50195933E+00,  0.21655665E+01
  0.67000000E+00,  0.50365459E+00,  0.21568660E+01
  0.67250000E+00,  0.50535159E+00,  0.21481725E+01
  0.67500000E+00,  0.50705906E+00,  0.21394840E+01
  0.67750000E+00,  0.50876832E+00,  0.21308024E+01
  0.68000000E+00,  0.51048813E+00,  0.21221256E+01
  0.68250000E+00,  0.51220979E+00,  0.21134555E+01
  0.68500000E+00,  0.51394207E+00,  0.21047899E+01
  0.68750000E+00,  0.51567626E+00,  0.20961309E+01
  0.69000000E+00,  0.51742116E+00,  0.20874759E+01
  0.69250000E+00,  0.51916803E+00,  0.20788275E+01
  0.69500000E+00,  0.52092569E+00,  0.20701828E+01
  0.69750000E+00,  0.52268538E+00,  0.20615446E+01
  0.70000000E+00,  0.52445595E+00,  0.20529098E+01
  0.70250000E+00,  0.52622860E+00,  0.20442813E+01
  0.70500000E+00,  0.52801223E+00,  0.20356557E+01
  0.70750000E+00,  0.52979799E+00,  0.20270365E+01
  0.71000000E+00,  0.53159483E+00,  0.20184198E+01
  0.71250000E+00,  0.53339387E+00,  0.20098093E+01
  0.71500000E+00,  0.53520408E+00,  0.20012011E+01
  0.71750000E+00,  0.53701654E+00,  0.19925989E+01
  0.72000000E+00,  0.53884027E+00,  0.19839985E+01
  0.72250000E+00,  0.54066632E+00,  0.19754041E+01
  0.72500000E+00,  0.54250373E+00,  0.19668111E+01
  0.72750000E+00,  0.54434354E+00,  0.19582240E+01
  0.73000000E+00,  0.54619480E+00,  0.19496379E+01
  0.73250000E+00,  0.54804852E+00,  0.19410575E+01
  0.73500000E+00,  0.54991380E+00,  0.19324778E+01
  0.73750000E+00,  0.55178161E+00,  0.19239037E+01
  0.74000000E+00,  0.55366108E+00,  0.19153298E+01
  0.74250000E+00,  0.55554316E+00,  0.19067614E+01
  0.74500000E+00,  0.55743700E+00,  0.18981929E+01
  0.74750000E+00,  0.55933351E+00,  0.18896296E+01
  0.75000000E+00,  0.56124190E+00,  0.18810659E+01
  0.75250000E+00,  0.56315304E+00,  0.18725072E+01
  0.75500000E+00,  0.56507616E+00,  0.18639477E+01
  0.75750000E+00,  0.56700211E+00,  0.18553931E+01
  0.76000000E+00,  0.56894015E+00,  0.18468371E+01
  0.76250000E+00,  0.57088110E+00,  0.18382860E+01
  0.76500000E+00,  0.57283425E+00,  0.18297331E+01
  0.76750000E+00,  0.57479040E+00,  0.18211848E+01
  0.77000000E+00,  0.57675886E+00,  0.18126344E+01
  0.77250000E+00,  0.57873040E+00,  0.18040883E+01
  0.77500000E+00,  0.58071437E+00,  0.17955397E+01
  0.77750000E+00,  0.58270152E+00,  0.17869953E+01
  0.78000000E+00,  0.58470121E+00,  0.17784479E+01
  0.78250000E+00,  0.58670416E+00,  0.17699045E+01
  0.78500000E+00,  0.58871978E+00,  0.17613576E+01
  0.78750000E+00,  0.59073876E+00,  0.17528146E+01
  0.79000000E+00,  0.59277052E+00,  0.17442676E+01
  0.79250000E+00,  0.59480574E+00,  0.17357242E+01
  0.79500000E+00,  0.59685388E+00,  0.17271764E+01
  0.79750000E+00,  0.59890556E+00,  0.17186319E+01
  0.80000000E+00,  0.60097030E+00,  0.17100827E+01
  0.80250000E+00,  0.60303868E+00,  0.17015365E+01
  0.80500000E+00,  0.60512024E+00,  0.16929850E+01
  0.80750000E+00,  0.60720556E+00,  0.16844364E+01
  0.81000000E+00,  0.60930420E+00,  0.16758819E+01
  0.81250000E+00,  0.61140669E+00,  0.16673301E+01
  0.81500000E+00,  0.61352264E+00,  0.16587719E+01
  0.81750000E+00,  0.61564257E+00,  0.16502160E+01
  0.82000000E+00,  0.61777609E+00,  0.16416534E+01
  0.82250000E+00,  0.61991369E+00,  0.16330927E+01
  0.82500000E+00,  0.62206504E+00,  0.16245248E+01
  0.82750000E+00,  0.62422059E+00,  0.16159585E+01
  0.83000000E+00,  0.62639003E+00,  0.16073844E+01
  0.83250000E+00,  0.62856379E+00,  0.15988117E+01
  0.83500000E+00,  0.63075160E+00,  0.15902306E+01
  0.83750000E+00,  0.63294386E+00,  0.15816505E+01
  0.84000000E+00,  0.63515031E+00,  0.15730615E+01
  0.84250000E+00,  0.63736134E+00,  0.15644731E+01
  0.84500000E+00,  0.63958673E+00,  0.15558753E+01
  0.84750000E+00,  0.64181684E+00,  0.15472777E+01
  0.85000000E+00,  0.64406146E+00,  0.15386702E+01
  0.85250000E+00,  0.64631094E+00,  0.15300625E+01
  0.85500000E+00,  0.64857511E+00,  0.15214442E+01
  0.85750000E+00,  0.65084427E+00,  0.15128252E+01
  0.86000000E+00,  0.65312829E+00,  0.15041951E+01
  0.86250000E+00,  0.65541745E+00,  0.14955640E+01
  0.86500000E+00,  0.65772165E+00,  0.14869211E+01
  0.86750000E+00,  0.66003114E+00,  0.14782766E+01
  0.87000000E+00,  0.66235586E+00,  0.14696197E+01
  0.87250000E+00,  0.66468602E+00,  0.14609609E+01
  0.87500000E+00,  0.66703160E+00,  0.14522889E+01
  0.87750000E+00,  0.66938279E+00,  0.14436144E+01
  0.88000000E+00,  0.67174958E+00,  0.14349261E+01
  0.88250000E+00,  0.67412215E+00,  0.14262348E+01
  0.88500000E+00,  0.67651052E+00,  0.14175290E+01
  0.88750000E+00,  0.67890485E+00,  0.14088196E+01
  0.89000000E+00,  0.68131518E+00,  0.14000950E+01
  0.89250000E+00,  0.68373165E+00,  0.13913661E+01
  0.89500000E+00,  0.68616434E+00,  0.13826213E+01
  0.89750000E+00,  0.68860335E+00,  0.13738716E+01
  0.90000000E+00,  0.69105879E+00,  0.13651052E+01
  0.90250000E+00,  0.69352075E+00,  0.13563333E+01
  0.90500000E+00,  0.69599937E+00,  0.13475438E+01
  0.90750000E+00,  0.69848471E+00,  0.13387481E+01
  0.91000000E+00,  0.70098694E+00,  0.13299339E+01
  0.91250000E+00,  0.70349610E+00,  0.13211129E+01
  0.91500000E+00,  0.70602239E+00,  0.13122725E+01
  0.91750000E+00,  0.70855582E+00,  0.13034244E+01
  0.92000000E+00,  0.71110663E+00,  0.12945560E+01
  0.92250000E+00,  0.71366481E+00,  0.12856791E+01
  0.92500000E+00,  0.71624063E+00,  0.12767810E+01
  0.92750000E+00,  0.71882404E+00,  0.12678735E+01
  0.93000000E+00,  0.72142537E+00,  0.12589437E+01
  0.93250000E+00,  0.72403453E+00,  0.12500037E+01
  0.93500000E+00,  0.72666189E+00,  0.12410403E+01
  0.93750000E+00,  0.72929732E+00,  0.12320656E+01
  0.94000000E+00,  0.73195124E+00,  0.12230665E+01
  0.94250000E+00,  0.73461350E+00,  0.12140551E+01
  0.94500000E+00,  0.73729454E+00,  0.12050180E+01
  0.94750000E+00,  0.73998420E+00,  0.11959676E+01
  0.95000000E+00,  0.74269296E+00,  0.11868902E+01
  0.95250000E+00,  0.74541061E+00,  0.11777983E+01
  0.95500000E+00,  0.74814767E+00,  0.11686782E+01
  0.95750000E+00,  0.75089394E+00,  0.11595423E+01
  0.96000000E+00,  0.75365995E+00,  0.11503768E+01
  0.96250000E+00,  0.75643547E+00,  0.11411941E+01
  0.96500000E+00,  0.75923110E+00,  0.11319805E+01
  0.96750000E+00,  0.76203655E+00,  0.11227482E+01
  0.97000000E+00,  0.76486247E+00,  0.11134833E+01
  0.97250000E+00,  0.76769855E+00,  0.11041983E+01
  0.97500000E+00,  0.77055549E+00,  0.10948791E+01
  0.97750000E+00,  0.77342295E+00,  0.10855381E+01
  0.98000000E+00,  0.77631166E+00,  0.10761611E+01
  0.98250000E+00,  0.77921125E+00,  0.10667606E+01
  0.98500000E+00,  0.78213252E+00,  0.10573222E+01
  0.98750000E+00,  0.78506506E+00,  0.10478584E+01
  0.99000000E+00,  0.78801971E+00,  0.10383547E+01
  0.99250000E+00,  0.79098604E+00,  0.10288235E+01
  0.99500000E+00,  0.79397494E+00,  0.10192502E+01
  0.99750000E+00,  0.79697594E+00,  0.10096473E+01
  0.10000000E+01,  0.80000000E+00,  0.10000000E+01
