x,rho,T
# Solver Output (Python BVP)
# Parameters: J=-5.180425e-10, Q=-2.431465e+01
   0.00000,  6.00000000E-01,  6.00000000E+00
   0.00100,  6.00135135E-01,  5.99662239E+00
   0.00200,  6.00270376E-01,  5.99324365E+00
   0.00300,  6.00405724E-01,  5.98986376E+00
   0.00400,  6.00541179E-01,  5.98648272E+00
   0.00500,  6.00676741E-01,  5.98310053E+00
   0.00600,  6.00812410E-01,  5.97971720E+00
   0.00700,  6.00948187E-01,  5.97633272E+00
   0.00800,  6.01084072E-01,  5.97294708E+00
   0.00900,  6.01220064E-01,  5.96956029E+00
   0.01000,  6.01356164E-01,  5.96617235E+00
   0.01100,  6.01492373E-01,  5.96278325E+00
   0.01200,  6.01628690E-01,  5.95939298E+00
   0.01300,  6.01765115E-01,  5.95600156E+00
   0.01400,  6.01901649E-01,  5.95260898E+00
   0.01500,  6.02038292E-01,  5.94921523E+00
   0.01600,  6.02175044E-01,  5.94582031E+00
   0.01700,  6.02311905E-01,  5.94242423E+00
   0.01800,  6.02448875E-01,  5.93902698E+00
   0.01900,  6.02585955E-01,  5.93562855E+00
   0.02000,  6.02723145E-01,  5.93222896E+00
   0.02100,  6.02860445E-01,  5.92882819E+00
   0.02200,  6.02997854E-01,  5.92542624E+00
   0.02300,  6.03135374E-01,  5.92202312E+00
   0.02400,  6.03273005E-01,  5.91861881E+00
   0.02500,  6.03410746E-01,  5.91521332E+00
   0.02600,  6.03548598E-01,  5.91180665E+00
   0.02700,  6.03686561E-01,  5.90839880E+00
   0.02800,  6.03824635E-01,  5.90498976E+00
   0.02900,  6.03962821E-01,  5.90157952E+00
   0.03000,  6.04101118E-01,  5.89816810E+00
   0.03100,  6.04239526E-01,  5.89475549E+00
   0.03200,  6.04378047E-01,  5.89134168E+00
   0.03300,  6.04516680E-01,  5.88792668E+00
   0.03400,  6.04655425E-01,  5.88451047E+00
   0.03500,  6.04794282E-01,  5.88109307E+00
   0.03600,  6.04933252E-01,  5.87767447E+00
   0.03700,  6.05072335E-01,  5.87425466E+00
   0.03800,  6.05211531E-01,  5.87083365E+00
   0.03900,  6.05350840E-01,  5.86741143E+00
   0.04000,  6.05490263E-01,  5.86398800E+00
   0.04100,  6.05629799E-01,  5.86056337E+00
   0.04200,  6.05769449E-01,  5.85713752E+00
   0.04300,  6.05909212E-01,  5.85371045E+00
   0.04400,  6.06049090E-01,  5.85028217E+00
   0.04500,  6.06189083E-01,  5.84685267E+00
   0.04600,  6.06329189E-01,  5.84342195E+00
   0.04700,  6.06469411E-01,  5.83999001E+00
   0.04800,  6.06609747E-01,  5.83655685E+00
   0.04900,  6.06750199E-01,  5.83312246E+00
   0.05000,  6.06890765E-01,  5.82968685E+00
   0.05100,  6.07031448E-01,  5.82625000E+00
   0.05200,  6.07172245E-01,  5.82281192E+00
   0.05300,  6.07313159E-01,  5.81937261E+00
   0.05400,  6.07454189E-01,  5.81593207E+00
   0.05500,  6.07595335E-01,  5.81249029E+00
   0.05600,  6.07736598E-01,  5.80904727E+00
   0.05700,  6.07877977E-01,  5.80560301E+00
   0.05800,  6.08019473E-01,  5.80215750E+00
   0.05900,  6.08161086E-01,  5.79871075E+00
   0.06000,  6.08302816E-01,  5.79526276E+00
   0.06100,  6.08444664E-01,  5.79181352E+00
   0.06200,  6.08586629E-01,  5.78836302E+00
   0.06300,  6.08728712E-01,  5.78491128E+00
   0.06400,  6.08870913E-01,  5.78145828E+00
   0.06500,  6.09013232E-01,  5.77800402E+00
   0.06600,  6.09155670E-01,  5.77454851E+00
   0.06700,  6.09298227E-01,  5.77109174E+00
   0.06800,  6.09440902E-01,  5.76763370E+00
   0.06900,  6.09583696E-01,  5.76417440E+00
   0.07000,  6.09726609E-01,  5.76071384E+00
   0.07100,  6.09869642E-01,  5.75725200E+00
   0.07200,  6.10012795E-01,  5.75378890E+00
   0.07300,  6.10156067E-01,  5.75032452E+00
   0.07400,  6.10299460E-01,  5.74685887E+00
   0.07500,  6.10442972E-01,  5.74339195E+00
   0.07600,  6.10586605E-01,  5.73992374E+00
   0.07700,  6.10730359E-01,  5.73645426E+00
   0.07800,  6.10874234E-01,  5.73298350E+00
   0.07900,  6.11018229E-01,  5.72951145E+00
   0.08000,  6.11162346E-01,  5.72603811E+00
   0.08100,  6.11306585E-01,  5.72256349E+00
   0.08200,  6.11450945E-01,  5.71908757E+00
   0.08300,  6.11595427E-01,  5.71561037E+00
   0.08400,  6.11740031E-01,  5.71213187E+00
   0.08500,  6.11884757E-01,  5.70865207E+00
   0.08600,  6.12029606E-01,  5.70517097E+00
   0.08700,  6.12174578E-01,  5.70168858E+00
   0.08800,  6.12319673E-01,  5.69820488E+00
   0.08900,  6.12464890E-01,  5.69471988E+00
   0.09000,  6.12610232E-01,  5.69123357E+00
   0.09100,  6.12755697E-01,  5.68774595E+00
   0.09200,  6.12901285E-01,  5.68425702E+00
   0.09300,  6.13046998E-01,  5.68076678E+00
   0.09400,  6.13192835E-01,  5.67727522E+00
   0.09500,  6.13338796E-01,  5.67378234E+00
   0.09600,  6.13484882E-01,  5.67028815E+00
   0.09700,  6.13631093E-01,  5.66679264E+00
   0.09800,  6.13777429E-01,  5.66329580E+00
   0.09900,  6.13923891E-01,  5.65979763E+00
   0.10000,  6.14070478E-01,  5.65629814E+00
   0.10100,  6.14217190E-01,  5.65279732E+00
   0.10200,  6.14364029E-01,  5.64929516E+00
   0.10300,  6.14510994E-01,  5.64579167E+00
   0.10400,  6.14658085E-01,  5.64228685E+00
   0.10500,  6.14805303E-01,  5.63878068E+00
   0.10600,  6.14952648E-01,  5.63527318E+00
   0.10700,  6.15100120E-01,  5.63176433E+00
   0.10800,  6.15247720E-01,  5.62825414E+00
   0.10900,  6.15395447E-01,  5.62474259E+00
   0.11000,  6.15543301E-01,  5.62122970E+00
   0.11100,  6.15691284E-01,  5.61771546E+00
   0.11200,  6.15839395E-01,  5.61419987E+00
   0.11300,  6.15987634E-01,  5.61068291E+00
   0.11400,  6.16136002E-01,  5.60716460E+00
   0.11500,  6.16284499E-01,  5.60364493E+00
   0.11600,  6.16433125E-01,  5.60012389E+00
   0.11700,  6.16581881E-01,  5.59660149E+00
   0.11800,  6.16730766E-01,  5.59307773E+00
   0.11900,  6.16879781E-01,  5.58955259E+00
   0.12000,  6.17028926E-01,  5.58602608E+00
   0.12100,  6.17178201E-01,  5.58249820E+00
   0.12200,  6.17327607E-01,  5.57896894E+00
   0.12300,  6.17477143E-01,  5.57543830E+00
   0.12400,  6.17626811E-01,  5.57190628E+00
   0.12500,  6.17776609E-01,  5.56837287E+00
   0.12600,  6.17926540E-01,  5.56483809E+00
   0.12700,  6.18076602E-01,  5.56130191E+00
   0.12800,  6.18226796E-01,  5.55776434E+00
   0.12900,  6.18377122E-01,  5.55422538E+00
   0.13000,  6.18527580E-01,  5.55068503E+00
   0.13100,  6.18678171E-01,  5.54714328E+00
   0.13200,  6.18828895E-01,  5.54360012E+00
   0.13300,  6.18979753E-01,  5.54005557E+00
   0.13400,  6.19130743E-01,  5.53650961E+00
   0.13500,  6.19281867E-01,  5.53296225E+00
   0.13600,  6.19433125E-01,  5.52941348E+00
   0.13700,  6.19584518E-01,  5.52586329E+00
   0.13800,  6.19736044E-01,  5.52231169E+00
   0.13900,  6.19887705E-01,  5.51875868E+00
   0.14000,  6.20039501E-01,  5.51520424E+00
   0.14100,  6.20191432E-01,  5.51164839E+00
   0.14200,  6.20343499E-01,  5.50809111E+00
   0.14300,  6.20495701E-01,  5.50453241E+00
   0.14400,  6.20648038E-01,  5.50097228E+00
   0.14500,  6.20800512E-01,  5.49741072E+00
   0.14600,  6.20953123E-01,  5.49384772E+00
   0.14700,  6.21105869E-01,  5.49028329E+00
   0.14800,  6.21258753E-01,  5.48671742E+00
   0.14900,  6.21411774E-01,  5.48315011E+00
   0.15000,  6.21564932E-01,  5.47958136E+00
   0.15100,  6.21718227E-01,  5.47601116E+00
   0.15200,  6.21871661E-01,  5.47243952E+00
   0.15300,  6.22025232E-01,  5.46886643E+00
   0.15400,  6.22178942E-01,  5.46529188E+00
   0.15500,  6.22332791E-01,  5.46171588E+00
   0.15600,  6.22486778E-01,  5.45813842E+00
   0.15700,  6.22640905E-01,  5.45455949E+00
   0.15800,  6.22795171E-01,  5.45097911E+00
   0.15900,  6.22949576E-01,  5.44739726E+00
   0.16000,  6.23104121E-01,  5.44381395E+00
   0.16100,  6.23258807E-01,  5.44022916E+00
   0.16200,  6.23413633E-01,  5.43664290E+00
   0.16300,  6.23568600E-01,  5.43305517E+00
   0.16400,  6.23723707E-01,  5.42946595E+00
   0.16500,  6.23878956E-01,  5.42587526E+00
   0.16600,  6.24034347E-01,  5.42228308E+00
   0.16700,  6.24189879E-01,  5.41868942E+00
   0.16800,  6.24345553E-01,  5.41509427E+00
   0.16900,  6.24501369E-01,  5.41149763E+00
   0.17000,  6.24657328E-01,  5.40789950E+00
   0.17100,  6.24813430E-01,  5.40429987E+00
   0.17200,  6.24969674E-01,  5.40069874E+00
   0.17300,  6.25126062E-01,  5.39709611E+00
   0.17400,  6.25282594E-01,  5.39349197E+00
   0.17500,  6.25439270E-01,  5.38988633E+00
   0.17600,  6.25596090E-01,  5.38627918E+00
   0.17700,  6.25753054E-01,  5.38267052E+00
   0.17800,  6.25910163E-01,  5.37906034E+00
   0.17900,  6.26067417E-01,  5.37544865E+00
   0.18000,  6.26224816E-01,  5.37183543E+00
   0.18100,  6.26382361E-01,  5.36822070E+00
   0.18200,  6.26540051E-01,  5.36460444E+00
   0.18300,  6.26697888E-01,  5.36098665E+00
   0.18400,  6.26855871E-01,  5.35736733E+00
   0.18500,  6.27014001E-01,  5.35374647E+00
   0.18600,  6.27172277E-01,  5.35012408E+00
   0.18700,  6.27330701E-01,  5.34650015E+00
   0.18800,  6.27489272E-01,  5.34287468E+00
   0.18900,  6.27647992E-01,  5.33924767E+00
   0.19000,  6.27806859E-01,  5.33561911E+00
   0.19100,  6.27965874E-01,  5.33198900E+00
   0.19200,  6.28125038E-01,  5.32835733E+00
   0.19300,  6.28284352E-01,  5.32472411E+00
   0.19400,  6.28443814E-01,  5.32108933E+00
   0.19500,  6.28603426E-01,  5.31745300E+00
   0.19600,  6.28763187E-01,  5.31381509E+00
   0.19700,  6.28923099E-01,  5.31017562E+00
   0.19800,  6.29083161E-01,  5.30653458E+00
   0.19900,  6.29243374E-01,  5.30289197E+00
   0.20000,  6.29403737E-01,  5.29924779E+00
   0.20100,  6.29564252E-01,  5.29560202E+00
   0.20200,  6.29724919E-01,  5.29195468E+00
   0.20300,  6.29885737E-01,  5.28830575E+00
   0.20400,  6.30046708E-01,  5.28465523E+00
   0.20500,  6.30207831E-01,  5.28100313E+00
   0.20600,  6.30369106E-01,  5.27734943E+00
   0.20700,  6.30530535E-01,  5.27369414E+00
   0.20800,  6.30692117E-01,  5.27003725E+00
   0.20900,  6.30853853E-01,  5.26637876E+00
   0.21000,  6.31015742E-01,  5.26271866E+00
   0.21100,  6.31177786E-01,  5.25905696E+00
   0.21200,  6.31339984E-01,  5.25539364E+00
   0.21300,  6.31502337E-01,  5.25172872E+00
   0.21400,  6.31664846E-01,  5.24806218E+00
   0.21500,  6.31827510E-01,  5.24439402E+00
   0.21600,  6.31990329E-01,  5.24072424E+00
   0.21700,  6.32153305E-01,  5.23705283E+00
   0.21800,  6.32316437E-01,  5.23337979E+00
   0.21900,  6.32479726E-01,  5.22970513E+00
   0.22000,  6.32643172E-01,  5.22602883E+00
   0.22100,  6.32806775E-01,  5.22235089E+00
   0.22200,  6.32970536E-01,  5.21867132E+00
   0.22300,  6.33134454E-01,  5.21499010E+00
   0.22400,  6.33298531E-01,  5.21130724E+00
   0.22500,  6.33462767E-01,  5.20762272E+00
   0.22600,  6.33627161E-01,  5.20393656E+00
   0.22700,  6.33791715E-01,  5.20024874E+00
   0.22800,  6.33956428E-01,  5.19655926E+00
   0.22900,  6.34121301E-01,  5.19286812E+00
   0.23000,  6.34286335E-01,  5.18917531E+00
   0.23100,  6.34451528E-01,  5.18548084E+00
   0.23200,  6.34616883E-01,  5.18178469E+00
   0.23300,  6.34782399E-01,  5.17808688E+00
   0.23400,  6.34948076E-01,  5.17438738E+00
   0.23500,  6.35113915E-01,  5.17068621E+00
   0.23600,  6.35279917E-01,  5.16698335E+00
   0.23700,  6.35446080E-01,  5.16327881E+00
   0.23800,  6.35612407E-01,  5.15957257E+00
   0.23900,  6.35778896E-01,  5.15586464E+00
   0.24000,  6.35945549E-01,  5.15215502E+00
   0.24100,  6.36112366E-01,  5.14844370E+00
   0.24200,  6.36279347E-01,  5.14473067E+00
   0.24300,  6.36446493E-01,  5.14101594E+00
   0.24400,  6.36613803E-01,  5.13729950E+00
   0.24500,  6.36781278E-01,  5.13358135E+00
   0.24600,  6.36948919E-01,  5.12986148E+00
   0.24700,  6.37116726E-01,  5.12613989E+00
   0.24800,  6.37284699E-01,  5.12241658E+00
   0.24900,  6.37452838E-01,  5.11869155E+00
   0.25000,  6.37621144E-01,  5.11496478E+00
   0.25100,  6.37789618E-01,  5.11123629E+00
   0.25200,  6.37958259E-01,  5.10750606E+00
   0.25300,  6.38127068E-01,  5.10377409E+00
   0.25400,  6.38296045E-01,  5.10004038E+00
   0.25500,  6.38465190E-01,  5.09630492E+00
   0.25600,  6.38634505E-01,  5.09256771E+00
   0.25700,  6.38803989E-01,  5.08882875E+00
   0.25800,  6.38973642E-01,  5.08508804E+00
   0.25900,  6.39143465E-01,  5.08134556E+00
   0.26000,  6.39313459E-01,  5.07760133E+00
   0.26100,  6.39483624E-01,  5.07385532E+00
   0.26200,  6.39653959E-01,  5.07010755E+00
   0.26300,  6.39824466E-01,  5.06635801E+00
   0.26400,  6.39995145E-01,  5.06260668E+00
   0.26500,  6.40165995E-01,  5.05885358E+00
   0.26600,  6.40337019E-01,  5.05509870E+00
   0.26700,  6.40508215E-01,  5.05134203E+00
   0.26800,  6.40679584E-01,  5.04758357E+00
   0.26900,  6.40851127E-01,  5.04382331E+00
   0.27000,  6.41022844E-01,  5.04006126E+00
   0.27100,  6.41194735E-01,  5.03629740E+00
   0.27200,  6.41366801E-01,  5.03253175E+00
   0.27300,  6.41539042E-01,  5.02876428E+00
   0.27400,  6.41711459E-01,  5.02499500E+00
   0.27500,  6.41884051E-01,  5.02122391E+00
   0.27600,  6.42056819E-01,  5.01745100E+00
   0.27700,  6.42229764E-01,  5.01367626E+00
   0.27800,  6.42402886E-01,  5.00989970E+00
   0.27900,  6.42576185E-01,  5.00612131E+00
   0.28000,  6.42749662E-01,  5.00234109E+00
   0.28100,  6.42923317E-01,  4.99855903E+00
   0.28200,  6.43097150E-01,  4.99477513E+00
   0.28300,  6.43271162E-01,  4.99098938E+00
   0.28400,  6.43445354E-01,  4.98720179E+00
   0.28500,  6.43619724E-01,  4.98341234E+00
   0.28600,  6.43794275E-01,  4.97962104E+00
   0.28700,  6.43969007E-01,  4.97582788E+00
   0.28800,  6.44143919E-01,  4.97203286E+00
   0.28900,  6.44319012E-01,  4.96823597E+00
   0.29000,  6.44494287E-01,  4.96443721E+00
   0.29100,  6.44669744E-01,  4.96063657E+00
   0.29200,  6.44845383E-01,  4.95683406E+00
   0.29300,  6.45021204E-01,  4.95302967E+00
   0.29400,  6.45197209E-01,  4.94922338E+00
   0.29500,  6.45373398E-01,  4.94541521E+00
   0.29600,  6.45549770E-01,  4.94160515E+00
   0.29700,  6.45726327E-01,  4.93779319E+00
   0.29800,  6.45903068E-01,  4.93397933E+00
   0.29900,  6.46079995E-01,  4.93016356E+00
   0.30000,  6.46257107E-01,  4.92634588E+00
   0.30100,  6.46434405E-01,  4.92252629E+00
   0.30200,  6.46611889E-01,  4.91870479E+00
   0.30300,  6.46789561E-01,  4.91488136E+00
   0.30400,  6.46967419E-01,  4.91105601E+00
   0.30500,  6.47145465E-01,  4.90722873E+00
   0.30600,  6.47323699E-01,  4.90339951E+00
   0.30700,  6.47502121E-01,  4.89956836E+00
   0.30800,  6.47680732E-01,  4.89573527E+00
   0.30900,  6.47859533E-01,  4.89190024E+00
   0.31000,  6.48038523E-01,  4.88806325E+00
   0.31100,  6.48217703E-01,  4.88422432E+00
   0.31200,  6.48397074E-01,  4.88038342E+00
   0.31300,  6.48576636E-01,  4.87654057E+00
   0.31400,  6.48756389E-01,  4.87269575E+00
   0.31500,  6.48936334E-01,  4.86884896E+00
   0.31600,  6.49116471E-01,  4.86500020E+00
   0.31700,  6.49296801E-01,  4.86114946E+00
   0.31800,  6.49477324E-01,  4.85729674E+00
   0.31900,  6.49658040E-01,  4.85344203E+00
   0.32000,  6.49838951E-01,  4.84958533E+00
   0.32100,  6.50020056E-01,  4.84572664E+00
   0.32200,  6.50201355E-01,  4.84186595E+00
   0.32300,  6.50382850E-01,  4.83800326E+00
   0.32400,  6.50564541E-01,  4.83413856E+00
   0.32500,  6.50746428E-01,  4.83027185E+00
   0.32600,  6.50928511E-01,  4.82640312E+00
   0.32700,  6.51110792E-01,  4.82253238E+00
   0.32800,  6.51293270E-01,  4.81865961E+00
   0.32900,  6.51475946E-01,  4.81478481E+00
   0.33000,  6.51658820E-01,  4.81090798E+00
   0.33100,  6.51841893E-01,  4.80702912E+00
   0.33200,  6.52025166E-01,  4.80314821E+00
   0.33300,  6.52208638E-01,  4.79926525E+00
   0.33400,  6.52392311E-01,  4.79538025E+00
   0.33500,  6.52576184E-01,  4.79149319E+00
   0.33600,  6.52760259E-01,  4.78760407E+00
   0.33700,  6.52944535E-01,  4.78371289E+00
   0.33800,  6.53129013E-01,  4.77981965E+00
   0.33900,  6.53313693E-01,  4.77592432E+00
   0.34000,  6.53498577E-01,  4.77202693E+00
   0.34100,  6.53683664E-01,  4.76812745E+00
   0.34200,  6.53868955E-01,  4.76422588E+00
   0.34300,  6.54054451E-01,  4.76032223E+00
   0.34400,  6.54240151E-01,  4.75641648E+00
   0.34500,  6.54426057E-01,  4.75250863E+00
   0.34600,  6.54612169E-01,  4.74859868E+00
   0.34700,  6.54798487E-01,  4.74468662E+00
   0.34800,  6.54985012E-01,  4.74077244E+00
   0.34900,  6.55171744E-01,  4.73685615E+00
   0.35000,  6.55358684E-01,  4.73293773E+00
   0.35100,  6.55545832E-01,  4.72901719E+00
   0.35200,  6.55733189E-01,  4.72509452E+00
   0.35300,  6.55920755E-01,  4.72116971E+00
   0.35400,  6.56108531E-01,  4.71724276E+00
   0.35500,  6.56296518E-01,  4.71331366E+00
   0.35600,  6.56484715E-01,  4.70938241E+00
   0.35700,  6.56673123E-01,  4.70544900E+00
   0.35800,  6.56861743E-01,  4.70151344E+00
   0.35900,  6.57050575E-01,  4.69757571E+00
   0.36000,  6.57239620E-01,  4.69363581E+00
   0.36100,  6.57428879E-01,  4.68969373E+00
   0.36200,  6.57618351E-01,  4.68574948E+00
   0.36300,  6.57808037E-01,  4.68180304E+00
   0.36400,  6.57997938E-01,  4.67785441E+00
   0.36500,  6.58188054E-01,  4.67390359E+00
   0.36600,  6.58378387E-01,  4.66995057E+00
   0.36700,  6.58568935E-01,  4.66599534E+00
   0.36800,  6.58759701E-01,  4.66203791E+00
   0.36900,  6.58950683E-01,  4.65807826E+00
   0.37000,  6.59141884E-01,  4.65411639E+00
   0.37100,  6.59333303E-01,  4.65015229E+00
   0.37200,  6.59524941E-01,  4.64618597E+00
   0.37300,  6.59716799E-01,  4.64221741E+00
   0.37400,  6.59908876E-01,  4.63824662E+00
   0.37500,  6.60101174E-01,  4.63427358E+00
   0.37600,  6.60293694E-01,  4.63029829E+00
   0.37700,  6.60486434E-01,  4.62632074E+00
   0.37800,  6.60679397E-01,  4.62234093E+00
   0.37900,  6.60872583E-01,  4.61835886E+00
   0.38000,  6.61065992E-01,  4.61437452E+00
   0.38100,  6.61259625E-01,  4.61038791E+00
   0.38200,  6.61453482E-01,  4.60639901E+00
   0.38300,  6.61647564E-01,  4.60240783E+00
   0.38400,  6.61841871E-01,  4.59841435E+00
   0.38500,  6.62036405E-01,  4.59441858E+00
   0.38600,  6.62231165E-01,  4.59042051E+00
   0.38700,  6.62426152E-01,  4.58642012E+00
   0.38800,  6.62621367E-01,  4.58241743E+00
   0.38900,  6.62816810E-01,  4.57841242E+00
   0.39000,  6.63012481E-01,  4.57440508E+00
   0.39100,  6.63208383E-01,  4.57039542E+00
   0.39200,  6.63404514E-01,  4.56638342E+00
   0.39300,  6.63600876E-01,  4.56236908E+00
   0.39400,  6.63797468E-01,  4.55835240E+00
   0.39500,  6.63994293E-01,  4.55433337E+00
   0.39600,  6.64191350E-01,  4.55031197E+00
   0.39700,  6.64388639E-01,  4.54628822E+00
   0.39800,  6.64586162E-01,  4.54226210E+00
   0.39900,  6.64783919E-01,  4.53823361E+00
   0.40000,  6.64981911E-01,  4.53420274E+00
   0.40100,  6.65180138E-01,  4.53016948E+00
   0.40200,  6.65378600E-01,  4.52613384E+00
   0.40300,  6.65577299E-01,  4.52209579E+00
   0.40400,  6.65776235E-01,  4.51805535E+00
   0.40500,  6.65975409E-01,  4.51401250E+00
   0.40600,  6.66174821E-01,  4.50996724E+00
   0.40700,  6.66374471E-01,  4.50591956E+00
   0.40800,  6.66574361E-01,  4.50186945E+00
   0.40900,  6.66774491E-01,  4.49781691E+00
   0.41000,  6.66974861E-01,  4.49376194E+00
   0.41100,  6.67175473E-01,  4.48970453E+00
   0.41200,  6.67376327E-01,  4.48564466E+00
   0.41300,  6.67577423E-01,  4.48158235E+00
   0.41400,  6.67778762E-01,  4.47751757E+00
   0.41500,  6.67980345E-01,  4.47345033E+00
   0.41600,  6.68182172E-01,  4.46938062E+00
   0.41700,  6.68384244E-01,  4.46530843E+00
   0.41800,  6.68586562E-01,  4.46123375E+00
   0.41900,  6.68789126E-01,  4.45715659E+00
   0.42000,  6.68991937E-01,  4.45307693E+00
   0.42100,  6.69194996E-01,  4.44899477E+00
   0.42200,  6.69398303E-01,  4.44491010E+00
   0.42300,  6.69601858E-01,  4.44082291E+00
   0.42400,  6.69805663E-01,  4.43673321E+00
   0.42500,  6.70009718E-01,  4.43264098E+00
   0.42600,  6.70214024E-01,  4.42854622E+00
   0.42700,  6.70418582E-01,  4.42444891E+00
   0.42800,  6.70623391E-01,  4.42034906E+00
   0.42900,  6.70828453E-01,  4.41624666E+00
   0.43000,  6.71033769E-01,  4.41214171E+00
   0.43100,  6.71239339E-01,  4.40803418E+00
   0.43200,  6.71445163E-01,  4.40392409E+00
   0.43300,  6.71651243E-01,  4.39981142E+00
   0.43400,  6.71857579E-01,  4.39569617E+00
   0.43500,  6.72064172E-01,  4.39157832E+00
   0.43600,  6.72271023E-01,  4.38745788E+00
   0.43700,  6.72478131E-01,  4.38333484E+00
   0.43800,  6.72685498E-01,  4.37920918E+00
   0.43900,  6.72893125E-01,  4.37508091E+00
   0.44000,  6.73101013E-01,  4.37095002E+00
   0.44100,  6.73309161E-01,  4.36681650E+00
   0.44200,  6.73517571E-01,  4.36268034E+00
   0.44300,  6.73726243E-01,  4.35854154E+00
   0.44400,  6.73935178E-01,  4.35440009E+00
   0.44500,  6.74144377E-01,  4.35025598E+00
   0.44600,  6.74353840E-01,  4.34610921E+00
   0.44700,  6.74563569E-01,  4.34195977E+00
   0.44800,  6.74773563E-01,  4.33780766E+00
   0.44900,  6.74983824E-01,  4.33365286E+00
   0.45000,  6.75194353E-01,  4.32949537E+00
   0.45100,  6.75405150E-01,  4.32533518E+00
   0.45200,  6.75616215E-01,  4.32117229E+00
   0.45300,  6.75827550E-01,  4.31700668E+00
   0.45400,  6.76039155E-01,  4.31283836E+00
   0.45500,  6.76251031E-01,  4.30866732E+00
   0.45600,  6.76463180E-01,  4.30449354E+00
   0.45700,  6.76675600E-01,  4.30031702E+00
   0.45800,  6.76888294E-01,  4.29613775E+00
   0.45900,  6.77101262E-01,  4.29195573E+00
   0.46000,  6.77314505E-01,  4.28777095E+00
   0.46100,  6.77528023E-01,  4.28358341E+00
   0.46200,  6.77741817E-01,  4.27939308E+00
   0.46300,  6.77955889E-01,  4.27519998E+00
   0.46400,  6.78170238E-01,  4.27100408E+00
   0.46500,  6.78384866E-01,  4.26680539E+00
   0.46600,  6.78599774E-01,  4.26260389E+00
   0.46700,  6.78814962E-01,  4.25839958E+00
   0.46800,  6.79030430E-01,  4.25419245E+00
   0.46900,  6.79246181E-01,  4.24998249E+00
   0.47000,  6.79462214E-01,  4.24576970E+00
   0.47100,  6.79678530E-01,  4.24155406E+00
   0.47200,  6.79895130E-01,  4.23733558E+00
   0.47300,  6.80112016E-01,  4.23311424E+00
   0.47400,  6.80329187E-01,  4.22889003E+00
   0.47500,  6.80546645E-01,  4.22466296E+00
   0.47600,  6.80764390E-01,  4.22043300E+00
   0.47700,  6.80982423E-01,  4.21620015E+00
   0.47800,  6.81200745E-01,  4.21196441E+00
   0.47900,  6.81419357E-01,  4.20772576E+00
   0.48000,  6.81638260E-01,  4.20348420E+00
   0.48100,  6.81857454E-01,  4.19923973E+00
   0.48200,  6.82076941E-01,  4.19499232E+00
   0.48300,  6.82296721E-01,  4.19074198E+00
   0.48400,  6.82516795E-01,  4.18648870E+00
   0.48500,  6.82737163E-01,  4.18223246E+00
   0.48600,  6.82957828E-01,  4.17797327E+00
   0.48700,  6.83178789E-01,  4.17371111E+00
   0.48800,  6.83400047E-01,  4.16944597E+00
   0.48900,  6.83621604E-01,  4.16517785E+00
   0.49000,  6.83843460E-01,  4.16090674E+00
   0.49100,  6.84065616E-01,  4.15663263E+00
   0.49200,  6.84288073E-01,  4.15235550E+00
   0.49300,  6.84510831E-01,  4.14807537E+00
   0.49400,  6.84733893E-01,  4.14379220E+00
   0.49500,  6.84957258E-01,  4.13950601E+00
   0.49600,  6.85180927E-01,  4.13521677E+00
   0.49700,  6.85404902E-01,  4.13092448E+00
   0.49800,  6.85629183E-01,  4.12662913E+00
   0.49900,  6.85853771E-01,  4.12233071E+00
   0.50000,  6.86078667E-01,  4.11802922E+00
   0.50100,  6.86303872E-01,  4.11372464E+00
   0.50200,  6.86529387E-01,  4.10941697E+00
   0.50300,  6.86755213E-01,  4.10510620E+00
   0.50400,  6.86981351E-01,  4.10079231E+00
   0.50500,  6.87207801E-01,  4.09647531E+00
   0.50600,  6.87434565E-01,  4.09215518E+00
   0.50700,  6.87661644E-01,  4.08783191E+00
   0.50800,  6.87889038E-01,  4.08350549E+00
   0.50900,  6.88116748E-01,  4.07917592E+00
   0.51000,  6.88344776E-01,  4.07484318E+00
   0.51100,  6.88573122E-01,  4.07050727E+00
   0.51200,  6.88801788E-01,  4.06616818E+00
   0.51300,  6.89030773E-01,  4.06182589E+00
   0.51400,  6.89260081E-01,  4.05748041E+00
   0.51500,  6.89489710E-01,  4.05313171E+00
   0.51600,  6.89719663E-01,  4.04877980E+00
   0.51700,  6.89949939E-01,  4.04442466E+00
   0.51800,  6.90180541E-01,  4.04006627E+00
   0.51900,  6.90411469E-01,  4.03570464E+00
   0.52000,  6.90642725E-01,  4.03133976E+00
   0.52100,  6.90874308E-01,  4.02697161E+00
   0.52200,  6.91106221E-01,  4.02260018E+00
   0.52300,  6.91338464E-01,  4.01822546E+00
   0.52400,  6.91571039E-01,  4.01384745E+00
   0.52500,  6.91803945E-01,  4.00946614E+00
   0.52600,  6.92037185E-01,  4.00508151E+00
   0.52700,  6.92270759E-01,  4.00069356E+00
   0.52800,  6.92504669E-01,  3.99630227E+00
   0.52900,  6.92738915E-01,  3.99190764E+00
   0.53000,  6.92973498E-01,  3.98750965E+00
   0.53100,  6.93208420E-01,  3.98310830E+00
   0.53200,  6.93443682E-01,  3.97870358E+00
   0.53300,  6.93679284E-01,  3.97429547E+00
   0.53400,  6.93915229E-01,  3.96988397E+00
   0.53500,  6.94151515E-01,  3.96546906E+00
   0.53600,  6.94388146E-01,  3.96105074E+00
   0.53700,  6.94625122E-01,  3.95662900E+00
   0.53800,  6.94862444E-01,  3.95220382E+00
   0.53900,  6.95100113E-01,  3.94777519E+00
   0.54000,  6.95338130E-01,  3.94334311E+00
   0.54100,  6.95576497E-01,  3.93890756E+00
   0.54200,  6.95815215E-01,  3.93446853E+00
   0.54300,  6.96054284E-01,  3.93002602E+00
   0.54400,  6.96293705E-01,  3.92558001E+00
   0.54500,  6.96533481E-01,  3.92113049E+00
   0.54600,  6.96773612E-01,  3.91667745E+00
   0.54700,  6.97014099E-01,  3.91222088E+00
   0.54800,  6.97254943E-01,  3.90776076E+00
   0.54900,  6.97496146E-01,  3.90329710E+00
   0.55000,  6.97737709E-01,  3.89882987E+00
   0.55100,  6.97979632E-01,  3.89435907E+00
   0.55200,  6.98221917E-01,  3.88988468E+00
   0.55300,  6.98464566E-01,  3.88540670E+00
   0.55400,  6.98707579E-01,  3.88092511E+00
   0.55500,  6.98950958E-01,  3.87643990E+00
   0.55600,  6.99194703E-01,  3.87195106E+00
   0.55700,  6.99438817E-01,  3.86745858E+00
   0.55800,  6.99683299E-01,  3.86296244E+00
   0.55900,  6.99928152E-01,  3.85846264E+00
   0.56000,  7.00173377E-01,  3.85395917E+00
   0.56100,  7.00418975E-01,  3.84945201E+00
   0.56200,  7.00664947E-01,  3.84494114E+00
   0.56300,  7.00911294E-01,  3.84042657E+00
   0.56400,  7.01158018E-01,  3.83590827E+00
   0.56500,  7.01405119E-01,  3.83138624E+00
   0.56600,  7.01652600E-01,  3.82686047E+00
   0.56700,  7.01900462E-01,  3.82233093E+00
   0.56800,  7.02148705E-01,  3.81779762E+00
   0.56900,  7.02397331E-01,  3.81326053E+00
   0.57000,  7.02646341E-01,  3.80871965E+00
   0.57100,  7.02895737E-01,  3.80417496E+00
   0.57200,  7.03145520E-01,  3.79962645E+00
   0.57300,  7.03395692E-01,  3.79507410E+00
   0.57400,  7.03646252E-01,  3.79051792E+00
   0.57500,  7.03897204E-01,  3.78595787E+00
   0.57600,  7.04148548E-01,  3.78139396E+00
   0.57700,  7.04400286E-01,  3.77682616E+00
   0.57800,  7.04652418E-01,  3.77225447E+00
   0.57900,  7.04904947E-01,  3.76767888E+00
   0.58000,  7.05157873E-01,  3.76309936E+00
   0.58100,  7.05411199E-01,  3.75851591E+00
   0.58200,  7.05664925E-01,  3.75392851E+00
   0.58300,  7.05919052E-01,  3.74933715E+00
   0.58400,  7.06173583E-01,  3.74474182E+00
   0.58500,  7.06428519E-01,  3.74014251E+00
   0.58600,  7.06683860E-01,  3.73553919E+00
   0.58700,  7.06939609E-01,  3.73093187E+00
   0.58800,  7.07195767E-01,  3.72632052E+00
   0.58900,  7.07452335E-01,  3.72170513E+00
   0.59000,  7.07709315E-01,  3.71708568E+00
   0.59100,  7.07966708E-01,  3.71246217E+00
   0.59200,  7.08224516E-01,  3.70783458E+00
   0.59300,  7.08482740E-01,  3.70320290E+00
   0.59400,  7.08741382E-01,  3.69856710E+00
   0.59500,  7.09000443E-01,  3.69392719E+00
   0.59600,  7.09259924E-01,  3.68928314E+00
   0.59700,  7.09519828E-01,  3.68463494E+00
   0.59800,  7.09780155E-01,  3.67998258E+00
   0.59900,  7.10040907E-01,  3.67532603E+00
   0.60000,  7.10302087E-01,  3.67066530E+00
   0.60100,  7.10563694E-01,  3.66600036E+00
   0.60200,  7.10825731E-01,  3.66133119E+00
   0.60300,  7.11088199E-01,  3.65665779E+00
   0.60400,  7.11351101E-01,  3.65198014E+00
   0.60500,  7.11614437E-01,  3.64729822E+00
   0.60600,  7.11878209E-01,  3.64261202E+00
   0.60700,  7.12142418E-01,  3.63792153E+00
   0.60800,  7.12407067E-01,  3.63322672E+00
   0.60900,  7.12672157E-01,  3.62852759E+00
   0.61000,  7.12937689E-01,  3.62382412E+00
   0.61100,  7.13203666E-01,  3.61911629E+00
   0.61200,  7.13470088E-01,  3.61440409E+00
   0.61300,  7.13736958E-01,  3.60968751E+00
   0.61400,  7.14004277E-01,  3.60496652E+00
   0.61500,  7.14272046E-01,  3.60024111E+00
   0.61600,  7.14540268E-01,  3.59551126E+00
   0.61700,  7.14808945E-01,  3.59077697E+00
   0.61800,  7.15078077E-01,  3.58603821E+00
   0.61900,  7.15347666E-01,  3.58129497E+00
   0.62000,  7.15617715E-01,  3.57654723E+00
   0.62100,  7.15888226E-01,  3.57179498E+00
   0.62200,  7.16159198E-01,  3.56703819E+00
   0.62300,  7.16430636E-01,  3.56227686E+00
   0.62400,  7.16702539E-01,  3.55751097E+00
   0.62500,  7.16974911E-01,  3.55274049E+00
   0.62600,  7.17247753E-01,  3.54796542E+00
   0.62700,  7.17521066E-01,  3.54318573E+00
   0.62800,  7.17794853E-01,  3.53840142E+00
   0.62900,  7.18069115E-01,  3.53361245E+00
   0.63000,  7.18343854E-01,  3.52881882E+00
   0.63100,  7.18619072E-01,  3.52402051E+00
   0.63200,  7.18894771E-01,  3.51921750E+00
   0.63300,  7.19170953E-01,  3.51440977E+00
   0.63400,  7.19447619E-01,  3.50959730E+00
   0.63500,  7.19724772E-01,  3.50478009E+00
   0.63600,  7.20002413E-01,  3.49995810E+00
   0.63700,  7.20280545E-01,  3.49513133E+00
   0.63800,  7.20559169E-01,  3.49029974E+00
   0.63900,  7.20838286E-01,  3.48546334E+00
   0.64000,  7.21117900E-01,  3.48062209E+00
   0.64100,  7.21398012E-01,  3.47577599E+00
   0.64200,  7.21678624E-01,  3.47092500E+00
   0.64300,  7.21959739E-01,  3.46606911E+00
   0.64400,  7.22241357E-01,  3.46120831E+00
   0.64500,  7.22523481E-01,  3.45634258E+00
   0.64600,  7.22806113E-01,  3.45147189E+00
   0.64700,  7.23089256E-01,  3.44659622E+00
   0.64800,  7.23372910E-01,  3.44171557E+00
   0.64900,  7.23657079E-01,  3.43682990E+00
   0.65000,  7.23941764E-01,  3.43193920E+00
   0.65100,  7.24226968E-01,  3.42704345E+00
   0.65200,  7.24512692E-01,  3.42214263E+00
   0.65300,  7.24798939E-01,  3.41723672E+00
   0.65400,  7.25085711E-01,  3.41232570E+00
   0.65500,  7.25373009E-01,  3.40740955E+00
   0.65600,  7.25660837E-01,  3.40248825E+00
   0.65700,  7.25949196E-01,  3.39756177E+00
   0.65800,  7.26238088E-01,  3.39263011E+00
   0.65900,  7.26527516E-01,  3.38769324E+00
   0.66000,  7.26817482E-01,  3.38275113E+00
   0.66100,  7.27107989E-01,  3.37780377E+00
   0.66200,  7.27399037E-01,  3.37285113E+00
   0.66300,  7.27690630E-01,  3.36789320E+00
   0.66400,  7.27982771E-01,  3.36292995E+00
   0.66500,  7.28275460E-01,  3.35796137E+00
   0.66600,  7.28568701E-01,  3.35298742E+00
   0.66700,  7.28862496E-01,  3.34800809E+00
   0.66800,  7.29156847E-01,  3.34302336E+00
   0.66900,  7.29451757E-01,  3.33803320E+00
   0.67000,  7.29747228E-01,  3.33303760E+00
   0.67100,  7.30043262E-01,  3.32803653E+00
   0.67200,  7.30339862E-01,  3.32302996E+00
   0.67300,  7.30637030E-01,  3.31801788E+00
   0.67400,  7.30934769E-01,  3.31300026E+00
   0.67500,  7.31233081E-01,  3.30797708E+00
   0.67600,  7.31531969E-01,  3.30294831E+00
   0.67700,  7.31831434E-01,  3.29791394E+00
   0.67800,  7.32131481E-01,  3.29287394E+00
   0.67900,  7.32432110E-01,  3.28782828E+00
   0.68000,  7.32733325E-01,  3.28277695E+00
   0.68100,  7.33035129E-01,  3.27771992E+00
   0.68200,  7.33337523E-01,  3.27265715E+00
   0.68300,  7.33640511E-01,  3.26758864E+00
   0.68400,  7.33944095E-01,  3.26251436E+00
   0.68500,  7.34248277E-01,  3.25743427E+00
   0.68600,  7.34553061E-01,  3.25234836E+00
   0.68700,  7.34858449E-01,  3.24725661E+00
   0.68800,  7.35164444E-01,  3.24215898E+00
   0.68900,  7.35471049E-01,  3.23705545E+00
   0.69000,  7.35778265E-01,  3.23194599E+00
   0.69100,  7.36086097E-01,  3.22683059E+00
   0.69200,  7.36394546E-01,  3.22170920E+00
   0.69300,  7.36703616E-01,  3.21658182E+00
   0.69400,  7.37013309E-01,  3.21144841E+00
   0.69500,  7.37323628E-01,  3.20630894E+00
   0.69600,  7.37634577E-01,  3.20116339E+00
   0.69700,  7.37946158E-01,  3.19601174E+00
   0.69800,  7.38258373E-01,  3.19085395E+00
   0.69900,  7.38571226E-01,  3.18568999E+00
   0.70000,  7.38884720E-01,  3.18051985E+00
   0.70100,  7.39198858E-01,  3.17534349E+00
   0.70200,  7.39513642E-01,  3.17016088E+00
   0.70300,  7.39829076E-01,  3.16497200E+00
   0.70400,  7.40145163E-01,  3.15977682E+00
   0.70500,  7.40461906E-01,  3.15457531E+00
   0.70600,  7.40779307E-01,  3.14936744E+00
   0.70700,  7.41097371E-01,  3.14415318E+00
   0.70800,  7.41416100E-01,  3.13893251E+00
   0.70900,  7.41735497E-01,  3.13370539E+00
   0.71000,  7.42055565E-01,  3.12847180E+00
   0.71100,  7.42376309E-01,  3.12323170E+00
   0.71200,  7.42697730E-01,  3.11798507E+00
   0.71300,  7.43019832E-01,  3.11273187E+00
   0.71400,  7.43342619E-01,  3.10747207E+00
   0.71500,  7.43666093E-01,  3.10220565E+00
   0.71600,  7.43990259E-01,  3.09693258E+00
   0.71700,  7.44315119E-01,  3.09165281E+00
   0.71800,  7.44640677E-01,  3.08636633E+00
   0.71900,  7.44966936E-01,  3.08107309E+00
   0.72000,  7.45293899E-01,  3.07577307E+00
   0.72100,  7.45621571E-01,  3.07046623E+00
   0.72200,  7.45949955E-01,  3.06515255E+00
   0.72300,  7.46279053E-01,  3.05983199E+00
   0.72400,  7.46608871E-01,  3.05450451E+00
   0.72500,  7.46939410E-01,  3.04917009E+00
   0.72600,  7.47270676E-01,  3.04382868E+00
   0.72700,  7.47602671E-01,  3.03848027E+00
   0.72800,  7.47935399E-01,  3.03312480E+00
   0.72900,  7.48268864E-01,  3.02776226E+00
   0.73000,  7.48603070E-01,  3.02239259E+00
   0.73100,  7.48938019E-01,  3.01701578E+00
   0.73200,  7.49273718E-01,  3.01163178E+00
   0.73300,  7.49610168E-01,  3.00624056E+00
   0.73400,  7.49947374E-01,  3.00084208E+00
   0.73500,  7.50285339E-01,  2.99543631E+00
   0.73600,  7.50624068E-01,  2.99002321E+00
   0.73700,  7.50963565E-01,  2.98460274E+00
   0.73800,  7.51303833E-01,  2.97917487E+00
   0.73900,  7.51644877E-01,  2.97373956E+00
   0.74000,  7.51986700E-01,  2.96829678E+00
   0.74100,  7.52329307E-01,  2.96284647E+00
   0.74200,  7.52672702E-01,  2.95738862E+00
   0.74300,  7.53016889E-01,  2.95192317E+00
   0.74400,  7.53361872E-01,  2.94645009E+00
   0.74500,  7.53707655E-01,  2.94096934E+00
   0.74600,  7.54054243E-01,  2.93548089E+00
   0.74700,  7.54401639E-01,  2.92998468E+00
   0.74800,  7.54749849E-01,  2.92448068E+00
   0.74900,  7.55098877E-01,  2.91896886E+00
   0.75000,  7.55448726E-01,  2.91344917E+00
   0.75100,  7.55799402E-01,  2.90792156E+00
   0.75200,  7.56150909E-01,  2.90238600E+00
   0.75300,  7.56503252E-01,  2.89684245E+00
   0.75400,  7.56856435E-01,  2.89129086E+00
   0.75500,  7.57210462E-01,  2.88573119E+00
   0.75600,  7.57565338E-01,  2.88016339E+00
   0.75700,  7.57921069E-01,  2.87458743E+00
   0.75800,  7.58277658E-01,  2.86900327E+00
   0.75900,  7.58635111E-01,  2.86341084E+00
   0.76000,  7.58993432E-01,  2.85781012E+00
   0.76100,  7.59352626E-01,  2.85220106E+00
   0.76200,  7.59712698E-01,  2.84658361E+00
   0.76300,  7.60073654E-01,  2.84095772E+00
   0.76400,  7.60435497E-01,  2.83532335E+00
   0.76500,  7.60798234E-01,  2.82968046E+00
   0.76600,  7.61161869E-01,  2.82402899E+00
   0.76700,  7.61526407E-01,  2.81836890E+00
   0.76800,  7.61891853E-01,  2.81270014E+00
   0.76900,  7.62258214E-01,  2.80702266E+00
   0.77000,  7.62625493E-01,  2.80133641E+00
   0.77100,  7.62993697E-01,  2.79564135E+00
   0.77200,  7.63362830E-01,  2.78993743E+00
   0.77300,  7.63732899E-01,  2.78422458E+00
   0.77400,  7.64103908E-01,  2.77850277E+00
   0.77500,  7.64475863E-01,  2.77277195E+00
   0.77600,  7.64848771E-01,  2.76703205E+00
   0.77700,  7.65222635E-01,  2.76128303E+00
   0.77800,  7.65597463E-01,  2.75552484E+00
   0.77900,  7.65973260E-01,  2.74975742E+00
   0.78000,  7.66350032E-01,  2.74398072E+00
   0.78100,  7.66727784E-01,  2.73819469E+00
   0.78200,  7.67106522E-01,  2.73239927E+00
   0.78300,  7.67486253E-01,  2.72659440E+00
   0.78400,  7.67866983E-01,  2.72078003E+00
   0.78500,  7.68248717E-01,  2.71495610E+00
   0.78600,  7.68631462E-01,  2.70912256E+00
   0.78700,  7.69015224E-01,  2.70327935E+00
   0.78800,  7.69400010E-01,  2.69742641E+00
   0.78900,  7.69785825E-01,  2.69156369E+00
   0.79000,  7.70172676E-01,  2.68569111E+00
   0.79100,  7.70560570E-01,  2.67980863E+00
   0.79200,  7.70949513E-01,  2.67391619E+00
   0.79300,  7.71339512E-01,  2.66801371E+00
   0.79400,  7.71730573E-01,  2.66210115E+00
   0.79500,  7.72122703E-01,  2.65617843E+00
   0.79600,  7.72515910E-01,  2.65024550E+00
   0.79700,  7.72910199E-01,  2.64430229E+00
   0.79800,  7.73305578E-01,  2.63834874E+00
   0.79900,  7.73702054E-01,  2.63238478E+00
   0.80000,  7.74099634E-01,  2.62641035E+00
   0.80100,  7.74498326E-01,  2.62042538E+00
   0.80200,  7.74898135E-01,  2.61442980E+00
   0.80300,  7.75299071E-01,  2.60842355E+00
   0.80400,  7.75701140E-01,  2.60240656E+00
   0.80500,  7.76104350E-01,  2.59637876E+00
   0.80600,  7.76508708E-01,  2.59034008E+00
   0.80700,  7.76914222E-01,  2.58429045E+00
   0.80800,  7.77320900E-01,  2.57822979E+00
   0.80900,  7.77728749E-01,  2.57215804E+00
   0.81000,  7.78137778E-01,  2.56607512E+00
   0.81100,  7.78547995E-01,  2.55998096E+00
   0.81200,  7.78959407E-01,  2.55387549E+00
   0.81300,  7.79372023E-01,  2.54775862E+00
   0.81400,  7.79785851E-01,  2.54163028E+00
   0.81500,  7.80200900E-01,  2.53549041E+00
   0.81600,  7.80617178E-01,  2.52933891E+00
   0.81700,  7.81034693E-01,  2.52317571E+00
   0.81800,  7.81453454E-01,  2.51700073E+00
   0.81900,  7.81873471E-01,  2.51081388E+00
   0.82000,  7.82294751E-01,  2.50461510E+00
   0.82100,  7.82717303E-01,  2.49840429E+00
   0.82200,  7.83141138E-01,  2.49218137E+00
   0.82300,  7.83566264E-01,  2.48594626E+00
   0.82400,  7.83992690E-01,  2.47969887E+00
   0.82500,  7.84420426E-01,  2.47343911E+00
   0.82600,  7.84849481E-01,  2.46716691E+00
   0.82700,  7.85279865E-01,  2.46088216E+00
   0.82800,  7.85711587E-01,  2.45458479E+00
   0.82900,  7.86144658E-01,  2.44827469E+00
   0.83000,  7.86579088E-01,  2.44195179E+00
   0.83100,  7.87014885E-01,  2.43561598E+00
   0.83200,  7.87452062E-01,  2.42926717E+00
   0.83300,  7.87890627E-01,  2.42290527E+00
   0.83400,  7.88330592E-01,  2.41653018E+00
   0.83500,  7.88771967E-01,  2.41014181E+00
   0.83600,  7.89214763E-01,  2.40374005E+00
   0.83700,  7.89658990E-01,  2.39732480E+00
   0.83800,  7.90104661E-01,  2.39089597E+00
   0.83900,  7.90551785E-01,  2.38445346E+00
   0.84000,  7.91000374E-01,  2.37799715E+00
   0.84100,  7.91450439E-01,  2.37152695E+00
   0.84200,  7.91901993E-01,  2.36504275E+00
   0.84300,  7.92355046E-01,  2.35854444E+00
   0.84400,  7.92809611E-01,  2.35203190E+00
   0.84500,  7.93265700E-01,  2.34550505E+00
   0.84600,  7.93723324E-01,  2.33896375E+00
   0.84700,  7.94182496E-01,  2.33240790E+00
   0.84800,  7.94643230E-01,  2.32583738E+00
   0.84900,  7.95105536E-01,  2.31925208E+00
   0.85000,  7.95569429E-01,  2.31265188E+00
   0.85100,  7.96034921E-01,  2.30603666E+00
   0.85200,  7.96502025E-01,  2.29940630E+00
   0.85300,  7.96970755E-01,  2.29276068E+00
   0.85400,  7.97441124E-01,  2.28609966E+00
   0.85500,  7.97913146E-01,  2.27942314E+00
   0.85600,  7.98386834E-01,  2.27273097E+00
   0.85700,  7.98862204E-01,  2.26602304E+00
   0.85800,  7.99339269E-01,  2.25929920E+00
   0.85900,  7.99818044E-01,  2.25255933E+00
   0.86000,  8.00298544E-01,  2.24580329E+00
   0.86100,  8.00780782E-01,  2.23903095E+00
   0.86200,  8.01264775E-01,  2.23224217E+00
   0.86300,  8.01750539E-01,  2.22543680E+00
   0.86400,  8.02238087E-01,  2.21861470E+00
   0.86500,  8.02727437E-01,  2.21177573E+00
   0.86600,  8.03218604E-01,  2.20491975E+00
   0.86700,  8.03711604E-01,  2.19804660E+00
   0.86800,  8.04206454E-01,  2.19115614E+00
   0.86900,  8.04703172E-01,  2.18424820E+00
   0.87000,  8.05201772E-01,  2.17732264E+00
   0.87100,  8.05702274E-01,  2.17037930E+00
   0.87200,  8.06204694E-01,  2.16341801E+00
   0.87300,  8.06709050E-01,  2.15643861E+00
   0.87400,  8.07215361E-01,  2.14944095E+00
   0.87500,  8.07723644E-01,  2.14242485E+00
   0.87600,  8.08233918E-01,  2.13539014E+00
   0.87700,  8.08746202E-01,  2.12833665E+00
   0.87800,  8.09260515E-01,  2.12126420E+00
   0.87900,  8.09776878E-01,  2.11417262E+00
   0.88000,  8.10295308E-01,  2.10706172E+00
   0.88100,  8.10815827E-01,  2.09993133E+00
   0.88200,  8.11338455E-01,  2.09278125E+00
   0.88300,  8.11863213E-01,  2.08561129E+00
   0.88400,  8.12390122E-01,  2.07842126E+00
   0.88500,  8.12919202E-01,  2.07121098E+00
   0.88600,  8.13450477E-01,  2.06398023E+00
   0.88700,  8.13983968E-01,  2.05672882E+00
   0.88800,  8.14519698E-01,  2.04945653E+00
   0.88900,  8.15057690E-01,  2.04216316E+00
   0.89000,  8.15597966E-01,  2.03484851E+00
   0.89100,  8.16140551E-01,  2.02751235E+00
   0.89200,  8.16685468E-01,  2.02015445E+00
   0.89300,  8.17232743E-01,  2.01277461E+00
   0.89400,  8.17782400E-01,  2.00537258E+00
   0.89500,  8.18334464E-01,  1.99794814E+00
   0.89600,  8.18888961E-01,  1.99050106E+00
   0.89700,  8.19445918E-01,  1.98303110E+00
   0.89800,  8.20005361E-01,  1.97553800E+00
   0.89900,  8.20567318E-01,  1.96802151E+00
   0.90000,  8.21131816E-01,  1.96048141E+00
   0.90100,  8.21698882E-01,  1.95291742E+00
   0.90200,  8.22268547E-01,  1.94532927E+00
   0.90300,  8.22840839E-01,  1.93771671E+00
   0.90400,  8.23415789E-01,  1.93007945E+00
   0.90500,  8.23993426E-01,  1.92241723E+00
   0.90600,  8.24573781E-01,  1.91472978E+00
   0.90700,  8.25156885E-01,  1.90701678E+00
   0.90800,  8.25742773E-01,  1.89927795E+00
   0.90900,  8.26331475E-01,  1.89151299E+00
   0.91000,  8.26923025E-01,  1.88372161E+00
   0.91100,  8.27517457E-01,  1.87590349E+00
   0.91200,  8.28114805E-01,  1.86805832E+00
   0.91300,  8.28715107E-01,  1.86018575E+00
   0.91400,  8.29318397E-01,  1.85228548E+00
   0.91500,  8.29924712E-01,  1.84435717E+00
   0.91600,  8.30534089E-01,  1.83640048E+00
   0.91700,  8.31146567E-01,  1.82841505E+00
   0.91800,  8.31762187E-01,  1.82040052E+00
   0.91900,  8.32380987E-01,  1.81235652E+00
   0.92000,  8.33003008E-01,  1.80428271E+00
   0.92100,  8.33628291E-01,  1.79617870E+00
   0.92200,  8.34256879E-01,  1.78804409E+00
   0.92300,  8.34888818E-01,  1.77987848E+00
   0.92400,  8.35524150E-01,  1.77168146E+00
   0.92500,  8.36162921E-01,  1.76345264E+00
   0.92600,  8.36805175E-01,  1.75519160E+00
   0.92700,  8.37450963E-01,  1.74689790E+00
   0.92800,  8.38100334E-01,  1.73857107E+00
   0.92900,  8.38753336E-01,  1.73021068E+00
   0.93000,  8.39410019E-01,  1.72181627E+00
   0.93100,  8.40070436E-01,  1.71338737E+00
   0.93200,  8.40734640E-01,  1.70492350E+00
   0.93300,  8.41402685E-01,  1.69642415E+00
   0.93400,  8.42074628E-01,  1.68788881E+00
   0.93500,  8.42750526E-01,  1.67931698E+00
   0.93600,  8.43430436E-01,  1.67070811E+00
   0.93700,  8.44114420E-01,  1.66206166E+00
   0.93800,  8.44802538E-01,  1.65337708E+00
   0.93900,  8.45494854E-01,  1.64465379E+00
   0.94000,  8.46191431E-01,  1.63589120E+00
   0.94100,  8.46892337E-01,  1.62708871E+00
   0.94200,  8.47597640E-01,  1.61824571E+00
   0.94300,  8.48307408E-01,  1.60936156E+00
   0.94400,  8.49021714E-01,  1.60043560E+00
   0.94500,  8.49740631E-01,  1.59146718E+00
   0.94600,  8.50464234E-01,  1.58245561E+00
   0.94700,  8.51192601E-01,  1.57340017E+00
   0.94800,  8.51925812E-01,  1.56430016E+00
   0.94900,  8.52663949E-01,  1.55515483E+00
   0.95000,  8.53407096E-01,  1.54596340E+00
   0.95100,  8.54155339E-01,  1.53672510E+00
   0.95200,  8.54908768E-01,  1.52743911E+00
   0.95300,  8.55667473E-01,  1.51810462E+00
   0.95400,  8.56431550E-01,  1.50872074E+00
   0.95500,  8.57201096E-01,  1.49928662E+00
   0.95600,  8.57976211E-01,  1.48980133E+00
   0.95700,  8.58756998E-01,  1.48026394E+00
   0.95800,  8.59543564E-01,  1.47067348E+00
   0.95900,  8.60336017E-01,  1.46102897E+00
   0.96000,  8.61134473E-01,  1.45132936E+00
   0.96100,  8.61939046E-01,  1.44157362E+00
   0.96200,  8.62749858E-01,  1.43176062E+00
   0.96300,  8.63567034E-01,  1.42188926E+00
   0.96400,  8.64390703E-01,  1.41195836E+00
   0.96500,  8.65220997E-01,  1.40196670E+00
   0.96600,  8.66058054E-01,  1.39191306E+00
   0.96700,  8.66902017E-01,  1.38179612E+00
   0.96800,  8.67753033E-01,  1.37161457E+00
   0.96900,  8.68611256E-01,  1.36136700E+00
   0.97000,  8.69476843E-01,  1.35105198E+00
   0.97100,  8.70349959E-01,  1.34066804E+00
   0.97200,  8.71230774E-01,  1.33021361E+00
   0.97300,  8.72119465E-01,  1.31968711E+00
   0.97400,  8.73016216E-01,  1.30908686E+00
   0.97500,  8.73921218E-01,  1.29841114E+00
   0.97600,  8.74834667E-01,  1.28765816E+00
   0.97700,  8.75756773E-01,  1.27682603E+00
   0.97800,  8.76687749E-01,  1.26591282E+00
   0.97900,  8.77627818E-01,  1.25491651E+00
   0.98000,  8.78577216E-01,  1.24383496E+00
   0.98100,  8.79536184E-01,  1.23266600E+00
   0.98200,  8.80504978E-01,  1.22140729E+00
   0.98300,  8.81483862E-01,  1.21005646E+00
   0.98400,  8.82473114E-01,  1.19861099E+00
   0.98500,  8.83473025E-01,  1.18706824E+00
   0.98600,  8.84483899E-01,  1.17542548E+00
   0.98700,  8.85506055E-01,  1.16367980E+00
   0.98800,  8.86539826E-01,  1.15182819E+00
   0.98900,  8.87585565E-01,  1.13986747E+00
   0.99000,  8.88643641E-01,  1.12779430E+00
   0.99100,  8.89714441E-01,  1.11560517E+00
   0.99200,  8.90798376E-01,  1.10329637E+00
   0.99300,  8.91895876E-01,  1.09086402E+00
   0.99400,  8.93007397E-01,  1.07830398E+00
   0.99500,  8.94133419E-01,  1.06561192E+00
   0.99600,  8.95274453E-01,  1.05278323E+00
   0.99700,  8.96431037E-01,  1.03981303E+00
   0.99800,  8.97603744E-01,  1.02669614E+00
   0.99900,  8.98793183E-01,  1.01342708E+00
   1.00000,  9.00000000E-01,  1.00000000E+00
