 # Pos, Avg_Energy, Err_Energy
           1   2.0167613022102482        1.0482922507244597E-002
           2   1.9736545034416502        1.0329919971209944E-002
           3   1.9833831369867225        1.0337816508507651E-002
           4   1.9842928312849641        1.0352399626822346E-002
           5   1.9867455691656106        1.0358906366490200E-002
           6   1.9823789141666568        1.0374792974973198E-002
           7   1.9732593219301087        1.0381042164926881E-002
           8   1.9560464362228334        1.0220645983802802E-002
           9   1.9632641545039407        1.0243804065396649E-002
          10   1.9462377326484166        1.0132950479764728E-002
          11   1.9560885167836568        1.0201597159742183E-002
          12   1.9584344319119620        1.0242672384466130E-002
          13   1.9594552958823876        1.0245264064159532E-002
          14   1.9559285337122141        1.0199705613317192E-002
          15   1.9392479078309175        1.0156512252880534E-002
          16   1.9439347890834993        1.0158412614235250E-002
          17   1.9338880122500108        1.0091754774990266E-002
          18   1.9246265489363956        1.0087822876549154E-002
          19   1.9207879548444649        1.0124667259021915E-002
          20   1.9226494186732150        1.0101502657354778E-002
          21   1.9173613884440925        1.0020753258495885E-002
          22   1.9210268537363271        1.0037297639766473E-002
          23   1.9143384281397502        1.0004921139398208E-002
          24   1.9250175040123563        1.0052324279621444E-002
          25   1.9023798548929869        9.9396159802300002E-003
          26   1.8773189064056390        9.8204906323877961E-003
          27   1.8764876108327329        9.7745642462534355E-003
          28   1.8744750243737642        9.8965726289499505E-003
          29   1.8793366859253853        9.8543845838852725E-003
          30   1.8864009590708797        9.8325482962006213E-003
          31   1.8830416034806687        9.8484284585396934E-003
          32   1.8881212820347444        9.8229168124824382E-003
          33   1.8824517016572613        9.8085931066342943E-003
          34   1.8492156092519916        9.7209551875645679E-003
          35   1.8645283248381790        9.7653469256605095E-003
          36   1.8824892467010825        9.8224007692819405E-003
          37   1.8572907361937634        9.6443507908146806E-003
          38   1.8533909184417698        9.6668174951094841E-003
          39   1.8466664598989240        9.6743369641403426E-003
          40   1.8466600206171730        9.6794327509357563E-003
          41   1.8458307954765263        9.6668738039454426E-003
          42   1.8460031489871391        9.6545765014543605E-003
          43   1.8217921556598922        9.5065046055795074E-003
          44   1.8341375815439740        9.5685835324626906E-003
          45   1.8433584221389299        9.5893798547025347E-003
          46   1.8116986845546479        9.5048429403356022E-003
          47   1.8023870984355417        9.3879070037797083E-003
          48   1.8253793762597550        9.5359081286607462E-003
          49   1.8037403346882530        9.4309349496970955E-003
          50   1.8075447023305142        9.4397185928215433E-003
          51   1.7963682434967962        9.3442345674472644E-003
          52   1.7966243789915839        9.4258360321091382E-003
          53   1.8142912408889378        9.4211723561998719E-003
          54   1.7952962714474558        9.3905326112940623E-003
          55   1.8028624497899330        9.4198546068859149E-003
          56   1.7943374976644353        9.3471681429829062E-003
          57   1.7795413746967399        9.3380408316095283E-003
          58   1.7810934911666521        9.2846969506900651E-003
          59   1.7684196448792335        9.1986693722200027E-003
          60   1.7715594616586041        9.2502245145883507E-003
          61   1.7793774582978017        9.2839157540264786E-003
          62   1.7694569364765020        9.2182079068085648E-003
          63   1.7575160695928596        9.1936432995713031E-003
          64   1.7669475551185465        9.2289962974008120E-003
          65   1.7549564709978975        9.1308081524762406E-003
          66   1.7569499329662936        9.1594969697903848E-003
          67   1.7426791001054673        9.1958227736358891E-003
          68   1.7455790395826447        9.1472662741477941E-003
          69   1.7542767138907152        9.1280458436821012E-003
          70   1.7322011950911755        9.0363275656648416E-003
          71   1.7501630408471176        9.1359438878844713E-003
          72   1.7174678838154451        8.9548606164735964E-003
          73   1.7239275186533858        9.0152438577637741E-003
          74   1.7248646178517644        9.0284297607988416E-003
          75   1.7215124278657303        8.9820784608383615E-003
          76   1.7166360560706240        8.9732887303489474E-003
          77   1.7170663043336665        8.9468201636013125E-003
          78   1.6979420160261687        8.8580757844886372E-003
          79   1.6962881985582343        8.9141643052959608E-003
          80   1.6930607249518941        8.8775151178297623E-003
          81   1.6875333546442064        8.8178154374533059E-003
          82   1.6884171264195520        8.8251311842093751E-003
          83   1.6914690610475298        8.8692811664585359E-003
          84   1.6943533183973287        8.8537544702593438E-003
          85   1.6815212912905191        8.7852593728350165E-003
          86   1.6877044057999195        8.7999074943986445E-003
          87   1.6615755299370771        8.7468798063381099E-003
          88   1.6576546562350729        8.7092332713567203E-003
          89   1.6709875714878906        8.7171099363696856E-003
          90   1.6561967607415740        8.7182190898234344E-003
          91   1.6655895746051610        8.6880183036135445E-003
          92   1.6529786366106289        8.6273531920018232E-003
          93   1.6337615320624657        8.5675299999901887E-003
          94   1.6423756434477197        8.5661189852411328E-003
          95   1.6524015883922021        8.6008253663361466E-003
          96   1.6381951559743302        8.6103755285069951E-003
          97   1.6356012572997785        8.5746775518082460E-003
          98   1.6198572181461874        8.5165396193998613E-003
          99   1.6306634068546406        8.4993957324230110E-003
         100   1.6153834159661058        8.4874027855193421E-003
         101   1.6184220186951650        8.4922153316542709E-003
         102   1.6166258880457487        8.4181959933606974E-003
         103   1.6073957371898908        8.4461851366103968E-003
         104   1.6026116348495476        8.3782232671016747E-003
         105   1.6039895747436057        8.4021242875676992E-003
         106   1.6125719663156717        8.4550834362830882E-003
         107   1.5914533678829905        8.3174705600264180E-003
         108   1.5925265109801561        8.3348394797050779E-003
         109   1.5720813494682591        8.3059006503823935E-003
         110   1.5991389108707488        8.3834597772274137E-003
         111   1.5599101244674789        8.1906224432670947E-003
         112   1.5912740938303931        8.3453999412851122E-003
         113   1.5670655551860284        8.2117640640226308E-003
         114   1.5626222189070547        8.1457448857782319E-003
         115   1.5677331888079180        8.2032670008228593E-003
         116   1.5639391811916818        8.1821754281246970E-003
         117   1.5621975297805821        8.2104739381014345E-003
         118   1.5535032475463786        8.1482589673926333E-003
         119   1.5456788252449243        8.0877382980875656E-003
         120   1.5454936138950859        8.0813975816739336E-003
         121   1.5367460288438020        8.0511760655442993E-003
         122   1.5357199531595438        8.0313004815854225E-003
         123   1.5268490820651464        7.9523878571752284E-003
         124   1.5499138192261823        8.0958206711917394E-003
         125   1.5251810398441250        7.9948762486980428E-003
         126   1.5146037274583815        7.9631718400060090E-003
         127   1.5163851999579614        7.9260339559772356E-003
         128   1.5171599711003376        7.9103156513005563E-003
         129   1.5121029682530454        7.9207580484717908E-003
         130   1.5042032930325255        7.9108998953486744E-003
         131   1.5045006247746839        7.8591418002793255E-003
         132   1.5008538175300576        7.8790405134744473E-003
         133   1.4949028194090219        7.8361140605723873E-003
         134   1.4907883690822465        7.8016331357912659E-003
         135   1.4954692397681515        7.8144143615372537E-003
         136   1.4862135676455592        7.7976294003526975E-003
         137   1.4837136615131099        7.7555926332039489E-003
         138   1.4920108490200079        7.7502430078062456E-003
         139   1.4631148589395835        7.6380244063657685E-003
         140   1.4717839918158979        7.6809782982272578E-003
         141   1.4717692177257178        7.7452903092191903E-003
         142   1.4505273636517169        7.6136403362450896E-003
         143   1.4672147797411557        7.6512229811275534E-003
         144   1.4552900773476147        7.6114434767639372E-003
         145   1.4520185791863212        7.6348758663041796E-003
         146   1.4613323414268031        7.6454456520701477E-003
         147   1.4434920699210037        7.5531594001331812E-003
         148   1.4377698189184740        7.5454055205679471E-003
         149   1.4395791285227524        7.5243147291938917E-003
         150   1.4347309711397753        7.5154614595097143E-003
         151   1.4321310745928246        7.5035166413854760E-003
         152   1.4145249310748897        7.4069035107878940E-003
         153   1.4131708987617204        7.4207134793693157E-003
         154   1.4197856568866296        7.4351076292136107E-003
         155   1.4215190650918481        7.4447628791595548E-003
         156   1.4077533082818816        7.3714457348750140E-003
         157   1.4124291108939444        7.4130313418415373E-003
         158   1.4178226707392636        7.4400247347002268E-003
         159   1.4061217016125236        7.4083325799436887E-003
         160   1.3994740296658004        7.3072457490935862E-003
         161   1.3841614211695790        7.2335601703478625E-003
         162   1.3867703105079248        7.2844301037291110E-003
         163   1.3851406876664076        7.2535658204451172E-003
         164   1.3957299021870566        7.2610593836578384E-003
         165   1.3754160215532634        7.1981207946332981E-003
         166   1.3753152055831108        7.2100204402856310E-003
         167   1.3640530535867164        7.1179740944369435E-003
         168   1.3592375664346823        7.1185686578905004E-003
         169   1.3681087266218226        7.1794232199672396E-003
         170   1.3469977292912312        7.0475799668814525E-003
         171   1.3510497969181181        7.0915036150463141E-003
         172   1.3545658685560213        7.0680089334011261E-003
         173   1.3490480542191270        7.0556467550155055E-003
         174   1.3506125144979695        6.9975278079298080E-003
         175   1.3417215522830992        7.0144610124857933E-003
         176   1.3389238610255159        7.0005356390303993E-003
         177   1.3413928559989510        7.0150330635688129E-003
         178   1.3188358960496227        6.9301119664667010E-003
         179   1.3413839020870038        7.0086715495723366E-003
         180   1.3345506628532149        6.9725713504231700E-003
         181   1.3164947474037798        6.8964116983057525E-003
         182   1.3153323897841958        6.8372212497581526E-003
         183   1.3194398408331955        6.8559042390749537E-003
         184   1.3246846037742401        6.9392037478247723E-003
         185   1.3125493807294200        6.8584029862858564E-003
         186   1.3025984533355490        6.8453515763103072E-003
         187   1.3133350524364362        6.8767837016195897E-003
         188   1.2919278697377137        6.7768767233847759E-003
         189   1.2847475407301714        6.7454540099376875E-003
         190   1.2879182603542150        6.7820712570282795E-003
         191   1.2847647721627506        6.7199152139903974E-003
         192   1.2874537999587468        6.7493790272982537E-003
         193   1.2809205085945659        6.7272240622557556E-003
         194   1.2730553747537434        6.6523569706310477E-003
         195   1.2696430491665835        6.6470342270465105E-003
         196   1.2559152961507474        6.5594928341167801E-003
         197   1.2694322539270020        6.6388264429371310E-003
         198   1.2603943184702919        6.5702823144603191E-003
         199   1.2560610350149501        6.5935628751416630E-003
         200   1.2531344792298931        6.5673952932390712E-003
         201   1.2511453961343006        6.5491672170091293E-003
         202   1.2442736546664381        6.4808671731729625E-003
         203   1.2477098934170519        6.5330206038047428E-003
         204   1.2299195651531913        6.3971657853855472E-003
         205   1.2311302035475458        6.4089587437220373E-003
         206   1.2194426896214876        6.3600796994672040E-003
         207   1.2256173692007069        6.3990826478729857E-003
         208   1.2224794861595081        6.3687472347343285E-003
         209   1.2173602589539803        6.3623952203288045E-003
         210   1.2077960336589255        6.3056760089162910E-003
         211   1.2074769055789218        6.3756076481370130E-003
         212   1.2065537607568844        6.3139538595362336E-003
         213   1.2031340915312589        6.2905563356708289E-003
         214   1.1953538874679033        6.2453532192526737E-003
         215   1.2020002078421514        6.2826154126469922E-003
         216   1.1995397327823301        6.3069962315125804E-003
         217   1.1776813625275502        6.1826440695684657E-003
         218   1.1894127889994219        6.2255422285935440E-003
         219   1.1856669249241309        6.2018962760595295E-003
         220   1.1728015515064978        6.1305249442341345E-003
         221   1.1713605714403976        6.1399326243976229E-003
         222   1.1731470518006102        6.1302584483473388E-003
         223   1.1687617886175947        6.1311159172659909E-003
         224   1.1632182265847200        6.1000011945955930E-003
         225   1.1558933989709124        6.0634405684421170E-003
         226   1.1592975655555369        6.0537016310229985E-003
         227   1.1561973376061059        6.0436743103590837E-003
         228   1.1435709450006528        5.9952073502052283E-003
         229   1.1298867509463413        5.9483564438760350E-003
         230   1.1368201672355387        5.9215329529109569E-003
         231   1.1427486107138276        5.9439260670535194E-003
         232   1.1315146029970100        5.9517063778972822E-003
         233   1.1176757092832348        5.8345884882016969E-003
         234   1.1208345810601263        5.8559245785686758E-003
         235   1.1236517647295594        5.8660174484509780E-003
         236   1.1076288590260308        5.8195035214591833E-003
         237   1.1117378975222982        5.8226675980478206E-003
         238   1.1053326276771971        5.7985761463011931E-003
         239   1.1101407510924459        5.8476243351028448E-003
         240   1.1114610862434178        5.7973920849501885E-003
         241   1.0970135442401523        5.7623795693795658E-003
         242   1.0955288526452531        5.7028141528045282E-003
         243   1.0898672065713739        5.7014341267696955E-003
         244   1.0909853209752074        5.6839664903853421E-003
         245   1.0842099503580975        5.6510469811725632E-003
         246   1.0908090183391601        5.6763286077196398E-003
         247   1.0717065541877133        5.6219522738017993E-003
         248   1.0708812788708906        5.5895550357822005E-003
         249   1.0758695233451971        5.6021076052444434E-003
         250   1.0689619736614322        5.5708299571586043E-003
         251   1.0579481466943559        5.5328477828702214E-003
         252   1.0511565820253186        5.5045564442366560E-003
         253   1.0478841681926319        5.4868227845293310E-003
         254   1.0475852674754556        5.4671436210260733E-003
         255   1.0388170266479608        5.4355420786946339E-003
         256   1.0403758602868469        5.4371736825398493E-003
         257   1.0443764453264159        5.4649062711609976E-003
         258   1.0262474917681557        5.3807976260450705E-003
         259   1.0243127603741979        5.3626930173706223E-003
         260   1.0321685171037638        5.3718526577573606E-003
         261   1.0176962093932773        5.3146808587311942E-003
         262   1.0234103107706927        5.3271312508928192E-003
         263   1.0171099442906091        5.3045225548618525E-003
         264   1.0129335682506899        5.3027753977359891E-003
         265   1.0110028553542327        5.2702737975121898E-003
         266   1.0051091608888134        5.2397154159691279E-003
         267  0.99061789956384505        5.2160896056864048E-003
         268  0.99969134798407433        5.2311540324572262E-003
         269  0.99095059665779051        5.1681386767394467E-003
         270  0.98921490217189667        5.1635510320757897E-003
         271  0.98590347650979993        5.1482951282536540E-003
         272  0.98299006704974667        5.1400582154599445E-003
         273  0.97545802789959879        5.1119150194014430E-003
         274  0.98108698763164903        5.1283791964836590E-003
         275  0.97739659982779059        5.0966137932511018E-003
         276  0.96672400089330379        5.0672008897321178E-003
         277  0.96579129961606525        5.0514236689572153E-003
         278  0.95849381536273259        5.0038475755893284E-003
         279  0.95090981283549680        4.9539764702846920E-003
         280  0.94802912409237627        4.9602553546152506E-003
         281  0.94763140649511501        4.9892096870355626E-003
         282  0.94490508579795940        4.9344170869664280E-003
         283  0.93421545489929791        4.8854542141391058E-003
         284  0.92376111456434662        4.8539921140251709E-003
         285  0.93296967914561701        4.8973099485704070E-003
         286  0.92736785099987873        4.8585343499639210E-003
         287  0.91605863408244426        4.7928465760586000E-003
         288  0.92165191287013470        4.8018545858559058E-003
         289  0.91843099572486708        4.7894439459394648E-003
         290  0.91269215933401815        4.7745442956781386E-003
         291  0.91528544606167905        4.7496218594431554E-003
         292  0.90807838223886872        4.7427062877203772E-003
         293  0.90012422513098100        4.7134044588523069E-003
         294  0.90666973618570301        4.7349439804081558E-003
         295  0.89804510452919473        4.6813194484660375E-003
         296  0.88637333034600896        4.6421523510656957E-003
         297  0.88583022850176940        4.6349785149925422E-003
         298  0.88855266327557603        4.6162203486627565E-003
         299  0.88268988274110571        4.5830920905498953E-003
         300  0.87353148741806852        4.5678987843932170E-003
         301  0.87688940882641542        4.5582995913520672E-003
         302  0.87238424370935219        4.5454571233835474E-003
         303  0.87136035999540640        4.5630566098934918E-003
         304  0.86089491748637759        4.4952534161315956E-003
         305  0.86744847926101620        4.5160464345360670E-003
         306  0.85630535668053120        4.4564566475975512E-003
         307  0.84902329146132172        4.4216095159238435E-003
         308  0.85352082213016167        4.4835539179243367E-003
         309  0.83487666569192021        4.3507539230955745E-003
         310  0.84203562664649190        4.3875380148082604E-003
         311  0.83496794731466861        4.3564201869525305E-003
         312  0.83453725140935364        4.3558247184043849E-003
         313  0.83414945412236596        4.3407119658935229E-003
         314  0.82564081353354768        4.3170572197462048E-003
         315  0.81891873383903180        4.2856784060725803E-003
         316  0.82149572575708218        4.2851410000868499E-003
         317  0.82641350765709698        4.3023041575500276E-003
         318  0.81783807509351336        4.2706995374453011E-003
         319  0.81131322310506138        4.2351884638752637E-003
         320  0.79713749169122439        4.1624768682309030E-003
         321  0.80010966650391191        4.1662452776988056E-003
         322  0.79630678459310877        4.1587261442429801E-003
         323  0.79695030754469876        4.1764652263464727E-003
         324  0.79439374300905474        4.1479701959260392E-003
         325  0.78292941932644100        4.1186960016125389E-003
         326  0.78514044817950579        4.1225073124097084E-003
         327  0.77699050742691766        4.0529807513139853E-003
         328  0.77268776804420336        4.0386017230580763E-003
         329  0.77713970064134064        4.0304575637061767E-003
         330  0.75858097108171352        3.9633735018385395E-003
         331  0.76418556142378469        4.0118132942083152E-003
         332  0.76625721494994203        4.0036310408891676E-003
         333  0.75671033199416027        3.9384118506776023E-003
         334  0.75648335345806828        3.9361489639115465E-003
         335  0.75587311549276204        3.9568038553153689E-003
         336  0.74500932874086556        3.9233218621881468E-003
         337  0.73638259459667432        3.8497578042595623E-003
         338  0.73529696740108608        3.8461393351479994E-003
         339  0.73518603505036428        3.8313163533698629E-003
         340  0.73097707466138540        3.8325064937839910E-003
         341  0.72691505933187883        3.8193996294557447E-003
         342  0.72048756321916996        3.7809914836728418E-003
         343  0.71460768002268460        3.7457064508906839E-003
         344  0.71032145203783814        3.7316128883896891E-003
         345  0.72130936331271034        3.7473680971300588E-003
         346  0.70784419908391150        3.7109386206800703E-003
         347  0.71086295448231884        3.7135595384147932E-003
         348  0.69935381720969425        3.6509435017535777E-003
         349  0.69193904314562782        3.6112353517746701E-003
         350  0.69314088967010834        3.6121994237218150E-003
         351  0.68883343259204521        3.6141805659166250E-003
         352  0.68126458465864337        3.5362044038696658E-003
         353  0.67798245187364536        3.5326982598757220E-003
         354  0.67200111540514551        3.5053004600893770E-003
         355  0.67806830003723884        3.5255096507939765E-003
         356  0.67169432139596275        3.5131216532564447E-003
         357  0.66628630598512295        3.4734987351003059E-003
         358  0.66110831607037912        3.4228481511190088E-003
         359  0.65860831206393378        3.4433724188139615E-003
         360  0.65783542684815022        3.4343969297674316E-003
         361  0.65322931486189217        3.4129415341470478E-003
         362  0.64681235746759480        3.3872733193869480E-003
         363  0.64644595660468540        3.3891795101679435E-003
         364  0.63920582982536833        3.3445038508217307E-003
         365  0.64519792686868382        3.3302397128033142E-003
         366  0.63159415846802291        3.2993312820357424E-003
         367  0.61896295703312332        3.2521174088030666E-003
         368  0.62325834679090331        3.2518986919564362E-003
         369  0.62289911134137010        3.2622192451172414E-003
         370  0.61546557453703898        3.2403970841621225E-003
         371  0.61222952910779327        3.2083777199908865E-003
         372  0.60484241508756487        3.1545488351026212E-003
         373  0.59963516508098547        3.1396594657003740E-003
         374  0.60093206272403776        3.1453353243873182E-003
         375  0.60118023350076533        3.1428583765198263E-003
         376  0.59113682101037845        3.0902788717268007E-003
         377  0.58255672184714125        3.0431152567752281E-003
         378  0.58608422049432596        3.0569943178867893E-003
         379  0.58171101995703134        3.0363447688926846E-003
         380  0.57813847166124199        3.0161431567555489E-003
         381  0.57362561579881410        2.9954570577578879E-003
         382  0.57095404674100481        2.9889203429381774E-003
         383  0.57266521516846014        2.9648625886499521E-003
         384  0.56184651633991789        2.9167410632790014E-003
         385  0.55799268566629223        2.9248488730881758E-003
         386  0.55506437389838892        2.9040415641647696E-003
         387  0.55250103603108680        2.8855923186555596E-003
         388  0.54796595588020047        2.8662525865608122E-003
         389  0.54025030685779041        2.8213909194847162E-003
         390  0.54245679294332994        2.8369330082124319E-003
         391  0.53645832101202384        2.8080829247584729E-003
         392  0.53265001795231226        2.7869929045064522E-003
         393  0.53039082986718267        2.7511077860160479E-003
         394  0.52319210300178820        2.7325516741827393E-003
         395  0.52765336488488657        2.7407305838099199E-003
         396  0.52289678843498144        2.7287986901312717E-003
         397  0.51336985573998273        2.6893770269217042E-003
         398  0.51324163335890549        2.6605965280518669E-003
         399  0.51012729700291970        2.6493269621407048E-003
         400  0.50694976424902150        2.6301146615102257E-003
