 # Pos, Density, Err_Density
           1  0.50069795918367344        7.1428501836105806E-004
           2  0.50103469387755106        7.1428418486776230E-004
           3  0.49980000000000002        7.1428565714285483E-004
           4  0.49883469387755103        7.1428377437113863E-004
           5  0.49715102040816328        7.1427411892771944E-004
           6  0.49708571428571430        7.1427358123806026E-004
           7  0.49741020408163267        7.1427613273159450E-004
           8  0.49528163265306124        7.1425390930559499E-004
           9  0.49453673469387754        7.1424307405897481E-004
          10  0.49435510204081634        7.1424019158799362E-004
          11  0.49420408163265306        7.1423772314533685E-004
          12  0.49212857142857142        7.1419719538971913E-004
          13  0.49136938775510203        7.1417929569009807E-004
          14  0.49140408163265303        7.1418014960987215E-004
          15  0.49152040816326531        7.1418298764489799E-004
          16  0.48961836734693875        7.1413172869255867E-004
          17  0.48790204081632654        7.1407659707983903E-004
          18  0.48740204081632654        7.1405895175428015E-004
          19  0.48729387755102038        7.1405504054175323E-004
          20  0.48587755102040814        7.1400073805886913E-004
          21  0.48551836734693876        7.1398605473676807E-004
          22  0.48453469387755105        7.1394395296306586E-004
          23  0.48458571428571429        7.1394620473602644E-004
          24  0.48416734693877550        7.1392752032659404E-004
          25  0.48333265306122447        7.1388874618574718E-004
          26  0.48103265306122450        7.1377158604208170E-004
          27  0.48064489795918369        7.1375034225659565E-004
          28  0.48028775510204080        7.1373039470709143E-004
          29  0.47921224489795916        7.1366811762751112E-004
          30  0.47946122448979595        7.1368282942881089E-004
          31  0.47797551020408163        7.1359240902837333E-004
          32  0.47770612244897959        7.1357533678858252E-004
          33  0.47663877551020406        7.1350565003603273E-004
          34  0.47626530612244899        7.1348049514483589E-004
          35  0.47492653061224488        7.1338703628286637E-004
          36  0.47417346938775512        7.1333220688588235E-004
          37  0.47284897959183675        7.1323182550976421E-004
          38  0.47358367346938773        7.1328812865121421E-004
          39  0.47274081632653059        7.1322340562944618E-004
          40  0.47142448979591839        7.1311824622221937E-004
          41  0.47030000000000000        7.1302447220217041E-004
          42  0.47018367346938778        7.1301456417019709E-004
          43  0.46796734693877551        7.1281836301311169E-004
          44  0.46791020408163264        7.1281311773288558E-004
          45  0.46669183673469389        7.1269904668284510E-004
          46  0.46648367346938774        7.1267913015819946E-004
          47  0.46716122448979591        7.1274349913354055E-004
          48  0.46634693877551020        7.1266597990841246E-004
          49  0.46382040816326531        7.1241331321500023E-004
          50  0.46510000000000001        7.1254357546663457E-004
          51  0.46233265306122451        7.1225593166575232E-004
          52  0.46273877551020409        7.1229952589543343E-004
          53  0.46236530612244897        7.1225945429895915E-004
          54  0.46186326530612243        7.1220495425909647E-004
          55  0.45979795918367344        7.1197310760122944E-004
          56  0.45937346938775508        7.1192393111533972E-004
          57  0.45863469387755101        7.1183710508966927E-004
          58  0.45838979591836737        7.1180797530422753E-004
          59  0.45744693877551018        7.1169420884170903E-004
          60  0.45829183673469387        7.1179627490844594E-004
          61  0.45576530612244898        7.1148492584826055E-004
          62  0.45488163265306125        7.1137167432828389E-004
          63  0.45534285714285716        7.1143106653583793E-004
          64  0.45467755102040819        7.1134519823932703E-004
          65  0.45403265306122448        7.1126074184408097E-004
          66  0.45254693877551022        7.1106159063356552E-004
          67  0.45208979591836734        7.1099902744681655E-004
          68  0.45190000000000002        7.1097287470861265E-004
          69  0.45172040816326531        7.1094803193080315E-004
          70  0.45052244897959182        7.1077992797366669E-004
          71  0.44840408163265305        7.1047248034114747E-004
          72  0.45015918367346941        7.1072813055848101E-004
          73  0.44884489795918370        7.1053753083484973E-004
          74  0.44623469387755105        7.1014412428768660E-004
          75  0.44793877551020406        7.1040320385697250E-004
          76  0.44634693877551018        7.1016144905001620E-004
          77  0.44561224489795920        7.1004738573542765E-004
          78  0.44517959183673467        7.0997948065895623E-004
          79  0.44301020408163266        7.0963077948048964E-004
          80  0.44334285714285715        7.0968513881267223E-004
          81  0.44224285714285716        7.0950415633388672E-004
          82  0.44075918367346939        7.0925446008102697E-004
          83  0.44075102040816327        7.0925306847231914E-004
          84  0.44118979591836732        7.0932759176600821E-004
          85  0.43995510204081634        7.0911645258351968E-004
          86  0.44021428571428572        7.0916114338019100E-004
          87  0.43865102040816328        7.0888861377574601E-004
          88  0.43793061224489793        7.0876061861347860E-004
          89  0.43744897959183676        7.0867420027434665E-004
          90  0.43696938775510202        7.0858747378151413E-004
          91  0.43713469387755099        7.0861744275439416E-004
          92  0.43622244897959184        7.0845106118457436E-004
          93  0.43512448979591839        7.0824757601429362E-004
          94  0.43470612244897960        7.0816911037296264E-004
          95  0.43336122448979592        7.0791339490845740E-004
          96  0.43281836734693879        7.0780867389785439E-004
          97  0.43168979591836737        7.0758819457267935E-004
          98  0.43297346938775511        7.0783868246662913E-004
          99  0.43054693877551020        7.0736110958993261E-004
         100  0.43107142857142855        7.0746580221787991E-004
         101  0.43083061224489794        7.0741783369069906E-004
         102  0.43056326530612243        7.0736438070625454E-004
         103  0.42983673469387756        7.0721805689845753E-004
         104  0.42869795918367348        7.0698557987693958E-004
         105  0.42732857142857145        7.0670096361781086E-004
         106  0.42756326530612243        7.0675013548923975E-004
         107  0.42595714285714287        7.0641037865657049E-004
         108  0.42719795918367348        7.0667352802419241E-004
         109  0.42635714285714288        7.0649570617271494E-004
         110  0.42590612244897957        7.0639946106344331E-004
         111  0.42561020408163264        7.0633598737980454E-004
         112  0.42429795918367347        7.0605139579391616E-004
         113  0.42312448979591838        7.0579258664929772E-004
         114  0.42306530612244897        7.0577942567783729E-004
         115  0.42259999999999998        7.0567559176743996E-004
         116  0.42229387755102044        7.0560693014254914E-004
         117  0.42091836734693877        7.0529498153135823E-004
         118  0.42046122448979589        7.0519006439332072E-004
         119  0.41989795918367345        7.0505993819176729E-004
         120  0.42032244897959181        7.0515809178870110E-004
         121  0.41964897959183672        7.0500211827640509E-004
         122  0.41978775510204080        7.0503436848986134E-004
         123  0.41935306122448979        7.0493315831077078E-004
         124  0.41787551020408165        7.0458493813916549E-004
         125  0.41860000000000003        7.0475649290071413E-004
         126  0.41734489795918367        7.0445830123349392E-004
         127  0.41684285714285713        7.0433771119535530E-004
         128  0.41483061224489798        7.0384682846312096E-004
         129  0.41509387755102040        7.0391173839506687E-004
         130  0.41597346938775509        7.0412710783370933E-004
         131  0.41462653061224491        7.0379636828388637E-004
         132  0.41453673469387753        7.0377412639720835E-004
         133  0.41347346938775509        7.0350893050944807E-004
         134  0.41426326530612245        7.0370624136117824E-004
         135  0.41296938775510206        7.0338202313823548E-004
         136  0.41282448979591835        7.0334540302793380E-004
         137  0.41390408163265308        7.0361673942636270E-004
         138  0.41237551020408164        7.0323153325435822E-004
         139  0.41179795918367346        7.0308416774257946E-004
         140  0.41173673469387756        7.0306848738517914E-004
         141  0.41072040816326533        7.0280655230452681E-004
         142  0.40999387755102040        7.0261740673596034E-004
         143  0.41105918367346939        7.0289420806909659E-004
         144  0.41145714285714285        7.0299673766041247E-004
         145  0.40948163265306120        7.0248309613309850E-004
         146  0.41094489795918365        7.0286467591854486E-004
         147  0.40945918367346940        7.0247719198783466E-004
         148  0.40831224489795920        7.0217352870714019E-004
         149  0.40976734693877553        7.0255810758523037E-004
         150  0.41076938775510202        7.0281924671124110E-004
         151  0.40950408163265306        7.0248899876468470E-004
         152  0.40950204081632652        7.0248846222436081E-004
         153  0.40972448979591836        7.0254687149523369E-004
         154  0.40959591836734693        7.0251313013244300E-004
         155  0.40907755102040816        7.0237658988862850E-004
         156  0.40899999999999997        7.0235609318397248E-004
         157  0.40903265306122449        7.0236472557822286E-004
         158  0.40940408163265307        7.0246269357718077E-004
         159  0.40934693877551021        7.0244764855501311E-004
         160  0.40954693877551018        7.0250026322185306E-004
         161  0.40911020408163268        7.0238521467330770E-004
         162  0.41023877551020410        7.0268134064161900E-004
         163  0.40949591836734694        7.0248685252833265E-004
         164  0.41007551020408162        7.0263873803951536E-004
         165  0.41044285714285716        7.0273448140361142E-004
         166  0.41226530612244899        7.0320349116029376E-004
         167  0.41150816326530615        7.0300984814903635E-004
         168  0.41045306122448982        7.0273713516119326E-004
         169  0.41131020408163266        7.0295893586333979E-004
         170  0.41204285714285716        7.0314677688059391E-004
         171  0.41398775510204083        7.0363762375711422E-004
         172  0.41281836734693877        7.0334385431591916E-004
         173  0.41540204081632653        7.0398745539315807E-004
         174  0.41542448979591839        7.0399296012499271E-004
         175  0.41540408163265308        7.0398795588547287E-004
         176  0.41628367346938777        7.0420251127220601E-004
         177  0.41700816326530610        7.0437750059009895E-004
         178  0.41960816326530614        7.0499262202887458E-004
         179  0.41897755102040818        7.0484527577211169E-004
         180  0.42153673469387754        7.0543591386200964E-004
         181  0.42186326530612245        7.0550987596521009E-004
         182  0.42502040816326531        7.0620870593815987E-004
         183  0.42501020408163265        7.0620649478879817E-004
         184  0.42606734693877552        7.0643393441750021E-004
         185  0.42823469387755103        7.0688991267894559E-004
         186  0.43179795918367347        7.0760948763913176E-004
         187  0.43273673469387758        7.0779285154246128E-004
         188  0.43673469387755104        7.0854478786501506E-004
         189  0.43742857142857144        7.0867052349485413E-004
         190  0.44176938775510205        7.0942517086461951E-004
         191  0.44332040816326529        7.0968148053527302E-004
         192  0.44824081632653062        7.1044824439949069E-004
         193  0.45110000000000000        7.1086149229261934E-004
         194  0.45591224489795917        7.1150353857749060E-004
         195  0.45997959183673470        7.1199399064542340E-004
         196  0.46553061224489795        7.1258635181387314E-004
         197  0.47155102040816327        7.1312857065615335E-004
         198  0.47595510204081631        7.1345929747057687E-004
         199  0.48277755102040815        7.1386185602827484E-004
         200  0.49167346938775508        7.1418666297213369E-004
