 # Pos, Density, Err_Density
           1  0.49979499999999999        6.4549717011385885E-004
           2  0.50147833333333336        6.4549440293281595E-004
           3  0.50040166666666663        6.4549701608384539E-004
           4  0.50068666666666661        6.4549661564938885E-004
           5  0.50153833333333331        6.4549416926175710E-004
           6  0.50161833333333339        6.4549384324100027E-004
           7  0.50100666666666671        6.4549591610149149E-004
           8  0.50102833333333330        6.4549585917927671E-004
           9  0.50142666666666669        6.4549459670114231E-004
          10  0.50292333333333328        6.4548619159284664E-004
          11  0.50292000000000003        6.4548621673897889E-004
          12  0.50177499999999997        6.4549315691570268E-004
          13  0.50173999999999996        6.4549331574127603E-004
          14  0.50104166666666672        6.4549582354775348E-004
          15  0.50338833333333333        6.4548240254508132E-004
          16  0.50329000000000002        6.4548325036363268E-004
          17  0.50229000000000001        6.4549045422841072E-004
          18  0.50324000000000002        6.4548367188230768E-004
          19  0.50460333333333329        6.4546986674078783E-004
          20  0.50319999999999998        6.4548400444937445E-004
          21  0.50307999999999997        6.4548497736198322E-004
          22  0.50296500000000000        6.4548587484545314E-004
          23  0.50314166666666671        6.4548448203727250E-004
          24  0.50327333333333335        6.4548339158712273E-004
          25  0.50426499999999996        6.4547374046122123E-004
          26  0.50376666666666670        6.4547890776567622E-004
          27  0.50390666666666661        6.4547752085252809E-004
          28  0.50384666666666666        6.4547812144119900E-004
          29  0.50430500000000000        6.4547329789207139E-004
          30  0.50338666666666665        6.4548241712289488E-004
          31  0.50456500000000004        6.4547032048344402E-004
          32  0.50496500000000000        6.4546539898871936E-004
          33  0.50378500000000004        6.4547872902598422E-004
          34  0.50477499999999997        6.4546778821642219E-004
          35  0.50409000000000004        6.4547562812239476E-004
          36  0.50517666666666672        6.4546262752930713E-004
          37  0.50546666666666662        6.4545864256299122E-004
          38  0.50510666666666670        6.4546355687928605E-004
          39  0.50756333333333337        6.4542337008210993E-004
          40  0.50622666666666671        6.4544716879362302E-004
          41  0.50657833333333335        6.4544135485024962E-004
          42  0.50737166666666667        6.4542706601979896E-004
          43  0.50567833333333334        6.4545559688558433E-004
          44  0.50585166666666670        6.4545301661858936E-004
          45  0.50611666666666666        6.4544892179641000E-004
          46  0.50716666666666665        6.4543091405263112E-004
          47  0.50743499999999997        6.4542585524984982E-004
          48  0.50739166666666669        6.4542668479062345E-004
          49  0.50781166666666666        6.4541844032106914E-004
          50  0.50700999999999996        6.4543378165385790E-004
          51  0.50763833333333330        6.4542189801695981E-004
          52  0.50731000000000004        6.4542823497271942E-004
          53  0.50742333333333334        6.4542607906485855E-004
          54  0.50727166666666668        6.4542895666872696E-004
          55  0.50739999999999996        6.4542652564021576E-004
          56  0.50780000000000003        6.4541867548643700E-004
          57  0.50837166666666667        6.4540673893447769E-004
          58  0.50843000000000005        6.4540547345576997E-004
          59  0.50893666666666670        6.4539411213729054E-004
          60  0.50911333333333331        6.4538999470030466E-004
          61  0.50832500000000003        6.4540774498890756E-004
          62  0.50905500000000004        6.4539136314719920E-004
          63  0.50962166666666664        6.4537769759337514E-004
          64  0.50994833333333334        6.4536944285668515E-004
          65  0.51038333333333330        6.4535802258499492E-004
          66  0.51062500000000000        6.4535146674118591E-004
          67  0.51030833333333336        6.4536002647603468E-004
          68  0.51093333333333335        6.4534288330858429E-004
          69  0.51034166666666669        6.4535913765199448E-004
          70  0.51119000000000003        6.4533555083124523E-004
          71  0.51049333333333335        6.4535505725602394E-004
          72  0.51169500000000001        6.4532062699482965E-004
          73  0.51118333333333332        6.4533574343845178E-004
          74  0.51173500000000005        6.4531941674259268E-004
          75  0.51167166666666664        6.4532133106593012E-004
          76  0.51182833333333333        6.4531657674167379E-004
          77  0.51233833333333334        6.4530066058460364E-004
          78  0.51132666666666671        6.4533157707520432E-004
          79  0.51221166666666662        6.4530467635738056E-004
          80  0.51127666666666671        6.4533303648696113E-004
          81  0.51382499999999998        6.4525042861279835E-004
          82  0.51325500000000002        6.4527036320057344E-004
          83  0.51261333333333337        6.4529179939804785E-004
          84  0.51326499999999997        6.4527002070838529E-004
          85  0.51322333333333336        6.4527144605397858E-004
          86  0.51263499999999995        6.4529109293790811E-004
          87  0.51348000000000005        6.4526259460780772E-004
          88  0.51350499999999999        6.4526172335340024E-004
          89  0.51333499999999999        6.4526761602583672E-004
          90  0.51398500000000003        6.4524468198118453E-004
          91  0.51443166666666662        6.4522828905385916E-004
          92  0.51441833333333331        6.4522878586318624E-004
          93  0.51529999999999998        6.4519494470017874E-004
          94  0.51451999999999998        6.4522498608366580E-004
          95  0.51437999999999995        6.4523021162992669E-004
          96  0.51509333333333329        6.4520305755744948E-004
          97  0.51476999999999995        6.4521552871889254E-004
          98  0.51571999999999996        6.4517811700852553E-004
          99  0.51483666666666672        6.4521297946520766E-004
         100  0.51685333333333339        6.4513043274926909E-004
         101  0.51639500000000005        6.4515011686557618E-004
         102  0.51612333333333338        6.4516152773578367E-004
         103  0.51688666666666672        6.4512897998370434E-004
         104  0.51681166666666667        6.4513224466498454E-004
         105  0.51716166666666663        6.4511688501286632E-004
         106  0.51789833333333335        6.4508352128992948E-004
         107  0.51743666666666666        6.4510459443353773E-004
         108  0.51730166666666666        6.4511065243433958E-004
         109  0.51779833333333336        6.4508813264875617E-004
         110  0.51646333333333339        6.4514721660454571E-004
         111  0.51761333333333337        6.4509659546573451E-004
         112  0.51800500000000005        6.4507857399312212E-004
         113  0.51787166666666662        6.4508475351506532E-004
         114  0.51711666666666667        6.4511887757505871E-004
         115  0.51833666666666667        6.4506300293789849E-004
         116  0.51965166666666662        6.4499846511086392E-004
         117  0.51832833333333328        6.4506339765589733E-004
         118  0.51874666666666669        6.4504336093124896E-004
         119  0.51842500000000002        6.4505880788111097E-004
         120  0.51822666666666661        6.4506819874881216E-004
         121  0.51816833333333334        6.4507094140087791E-004
         122  0.51938499999999999        6.4501191432794476E-004
         123  0.51900000000000002        6.4503100700663996E-004
         124  0.51997666666666664        6.4498182505257323E-004
         125  0.51910999999999996        6.4502559109438950E-004
         126  0.51781500000000003        6.4508736588542799E-004
         127  0.52036666666666664        6.4496149612320393E-004
         128  0.51997000000000004        6.4498216913338004E-004
         129  0.51980999999999999        6.4499039256410635E-004
         130  0.52001666666666668        6.4497975815208804E-004
         131  0.51976000000000000        6.4499294879866707E-004
         132  0.52042166666666667        6.4495859754787820E-004
         133  0.51987833333333333        6.4498688857977167E-004
         134  0.52064500000000002        6.4494674712335751E-004
         135  0.52129666666666663        6.4491143059711294E-004
         136  0.52120666666666671        6.4491637350497992E-004
         137  0.52106666666666668        6.4492402079050577E-004
         138  0.52112333333333338        6.4492093157338397E-004
         139  0.52172333333333332        6.4488771217539474E-004
         140  0.52167166666666664        6.4489060941099266E-004
         141  0.52084833333333336        6.4493584564309214E-004
         142  0.52222333333333337        6.4485931728757134E-004
         143  0.52218833333333337        6.4486132600207011E-004
         144  0.52227333333333337        6.4485644219239757E-004
         145  0.52234666666666663        6.4485221367494852E-004
         146  0.52110333333333336        6.4492202283457259E-004
         147  0.52265499999999998        6.4483428229662233E-004
         148  0.52291500000000002        6.4481897042891043E-004
         149  0.52342333333333335        6.4478852793707425E-004
         150  0.52386166666666667        6.4476174005582466E-004
         151  0.52310000000000001        6.4480796882999719E-004
         152  0.52345333333333333        6.4478671041354901E-004
         153  0.52452333333333334        6.4472036072784060E-004
         154  0.52321166666666663        6.4480128532046677E-004
         155  0.52444999999999997        6.4472500274664901E-004
         156  0.52457333333333334        6.4471718772508933E-004
         157  0.52409333333333330        6.4474738113580693E-004
         158  0.52391666666666670        6.4475834369107576E-004
         159  0.52450500000000000        6.4472152253899516E-004
         160  0.52470499999999998        6.4470880115883840E-004
         161  0.52495000000000003        6.4469307619983019E-004
         162  0.52499833333333334        6.4468995562538378E-004
         163  0.52539666666666662        6.4466400721903470E-004
         164  0.52572500000000000        6.4464230957304272E-004
         165  0.52661500000000006        6.4458208912829718E-004
         166  0.52583500000000005        6.4463497781690378E-004
         167  0.52532500000000004        6.4466870610027291E-004
         168  0.52581666666666671        6.4463620195453683E-004
         169  0.52644166666666670        6.4459397849070963E-004
         170  0.52606500000000000        6.4461954641866078E-004
         171  0.52686166666666667        6.4456503533246985E-004
         172  0.52775666666666665        6.4450183275606432E-004
         173  0.52730166666666667        6.4453422329258082E-004
         174  0.52776333333333336        6.4450135417781480E-004
         175  0.52813666666666670        6.4447436978891165E-004
         176  0.52698000000000000        6.4455679811790056E-004
         177  0.52861666666666662        6.4443914425502439E-004
         178  0.52783500000000005        6.4449620218043173E-004
         179  0.52848833333333334        6.4444862073958088E-004
         180  0.52884833333333336        6.4442192915290224E-004
         181  0.52979500000000002        6.4435013511677012E-004
         182  0.52864333333333335        6.4443716975300179E-004
         183  0.52983833333333330        6.4434679309603780E-004
         184  0.52950500000000000        6.4437237548770402E-004
         185  0.52986333333333335        6.4434486278987571E-004
         186  0.53063000000000005        6.4428487889028299E-004
         187  0.53039666666666663        6.4430329640570623E-004
         188  0.53039333333333338        6.4430355848891716E-004
         189  0.53077666666666667        6.4427322980871102E-004
         190  0.53075000000000006        6.4427535197822579E-004
         191  0.53024499999999997        6.4431519198681014E-004
         192  0.53118833333333337        6.4424023451904039E-004
         193  0.53187833333333334        6.4418394353358535E-004
         194  0.53262333333333334        6.4412177694674869E-004
         195  0.53295000000000003        6.4409406339447034E-004
         196  0.53167500000000001        6.4420066021776169E-004
         197  0.53193500000000005        6.4417926564867541E-004
         198  0.53357333333333334        6.4404041189054914E-004
         199  0.53358166666666662        6.4403968778314804E-004
         200  0.53310333333333337        6.4408095935503617E-004
         201  0.53487833333333334        6.4392481686385416E-004
         202  0.53288999999999997        6.4409917442890727E-004
         203  0.53399666666666668        6.4400339887244330E-004
         204  0.53403999999999996        6.4399958385079716E-004
         205  0.53324499999999997        6.4406879805266142E-004
         206  0.53471000000000002        6.4393997636943360E-004
         207  0.53462333333333334        6.4394775252459848E-004
         208  0.53455666666666668        6.4395372089005604E-004
         209  0.53568666666666664        6.4385099443662979E-004
         210  0.53491833333333338        6.4392120376800539E-004
         211  0.53540333333333334        6.4387706382104865E-004
         212  0.53481500000000004        6.4393052908808934E-004
         213  0.53502666666666665        6.4391139740161741E-004
         214  0.53656666666666664        6.4376869408311669E-004
         215  0.53601500000000002        6.4382052335388207E-004
         216  0.53675499999999998        6.4375081873734345E-004
         217  0.53596833333333338        6.4382487137060055E-004
         218  0.53684333333333334        6.4374240291813526E-004
         219  0.53781500000000004        6.4364848814525049E-004
         220  0.53630833333333339        6.4379306319468259E-004
         221  0.53769500000000003        6.4366021959700649E-004
         222  0.53803000000000001        6.4362737550542398E-004
         223  0.53866499999999995        6.4356431661878209E-004
         224  0.53897499999999998        6.4353315036989357E-004
         225  0.53717499999999996        6.4371062258207295E-004
         226  0.53906500000000002        6.4352405520306697E-004
         227  0.53905000000000003        6.4352557252995003E-004
         228  0.53916833333333336        6.4351358657489235E-004
         229  0.53951666666666664        6.4347809216211286E-004
         230  0.54057833333333338        6.4336795959995933E-004
         231  0.54046499999999997        6.4337985640288732E-004
         232  0.53991333333333336        6.4343728757124195E-004
         233  0.54173833333333332        6.4324426611067371E-004
         234  0.54180499999999998        6.4323705062104952E-004
         235  0.54061999999999999        6.4336357735472294E-004
         236  0.54128166666666666        6.4329338044837958E-004
         237  0.54129666666666665        6.4329177584543265E-004
         238  0.54159166666666669        6.4326009936868829E-004
         239  0.54055666666666669        6.4337023657829774E-004
         240  0.54235000000000000        6.4317762904193116E-004
         241  0.54328833333333337        6.4307350564460136E-004
         242  0.54116500000000001        6.4330584065823621E-004
         243  0.54285666666666665        6.4312169159786835E-004
         244  0.54249333333333338        6.4316187260313434E-004
         245  0.54296999999999995        6.4310908755824624E-004
         246  0.54370499999999999        6.4302653259799478E-004
         247  0.54446333333333330        6.4293987794205774E-004
         248  0.54415833333333330        6.4297491085995760E-004
         249  0.54389166666666666        6.4300534160199928E-004
         250  0.54226333333333332        6.4318713017746704E-004
         251  0.54407499999999998        6.4298444042216140E-004
         252  0.54355500000000001        6.4304349512688485E-004
         253  0.54522499999999996        6.4285132985136362E-004
         254  0.54496333333333336        6.4288192106010101E-004
         255  0.54480499999999998        6.4290034475933096E-004
         256  0.54542166666666669        6.4282821992247955E-004
         257  0.54436666666666667        6.4295100758000846E-004
         258  0.54454833333333330        6.4293007136238161E-004
         259  0.54411666666666669        6.4297967790879964E-004
         260  0.54613999999999996        6.4274295069387309E-004
         261  0.54549166666666671        6.4281996995515644E-004
         262  0.54677166666666666        6.4266685407659218E-004
         263  0.54674000000000000        6.4267069379789416E-004
         264  0.54624333333333330        6.4273057357161999E-004
         265  0.54745166666666667        6.4258376799002581E-004
         266  0.54761499999999996        6.4256363079853815E-004
         267  0.54768833333333333        6.4255456689670703E-004
         268  0.54818999999999996        6.4249218399915179E-004
         269  0.54906333333333335        6.4238201163355311E-004
         270  0.54863666666666666        6.4243608586841223E-004
         271  0.54765500000000000        6.4255868859713244E-004
         272  0.54841833333333334        6.4246357224517954E-004
         273  0.54807833333333333        6.4250612690190082E-004
         274  0.54930000000000001        6.4235181170445841E-004
         275  0.55069166666666669        6.4217125822031251E-004
         276  0.54939666666666664        6.4233943431052896E-004
         277  0.55073000000000005        6.4216621303729972E-004
         278  0.55061333333333329        6.4218155595969497E-004
         279  0.54981999999999998        6.4228494143954516E-004
         280  0.55071166666666671        6.4216862643167805E-004
         281  0.55076333333333338        6.4216182278935589E-004
         282  0.54995333333333329        6.4226768107086645E-004
         283  0.55134000000000005        6.4208541020646160E-004
         284  0.55155333333333334        6.4205692092189441E-004
         285  0.55074666666666672        6.4216401827755067E-004
         286  0.55191000000000001        6.4200902369047745E-004
         287  0.55217166666666662        6.4197367183452595E-004
         288  0.55102666666666666        6.4212703739069280E-004
         289  0.55127333333333328        6.4209428862238094E-004
         290  0.55332833333333331        6.4181524972000174E-004
         291  0.55140999999999996        6.4207607532129716E-004
         292  0.55251833333333333        6.4192655948570019E-004
         293  0.55296333333333336        6.4186562108983292E-004
         294  0.55263333333333331        6.4191086118222339E-004
         295  0.55282833333333337        6.4188416296247490E-004
         296  0.55250833333333338        6.4192792291470899E-004
         297  0.55367000000000000        6.4176778134046792E-004
         298  0.55359333333333338        6.4177845946793589E-004
         299  0.55521166666666666        6.4154977965326138E-004
         300  0.55389999999999995        6.4173565430011761E-004
         301  0.55465166666666665        6.4162968984006594E-004
         302  0.55433166666666667        6.4167498262648805E-004
         303  0.55595333333333330        6.4144267669175351E-004
         304  0.55542666666666662        6.4151888075907038E-004
         305  0.55531833333333336        6.4153446516564518E-004
         306  0.55570833333333336        6.4147821682582250E-004
         307  0.55541333333333331        6.4152080050570580E-004
         308  0.55583166666666661        6.4146034561410759E-004
         309  0.55737000000000003        6.4123407465604943E-004
         310  0.55624666666666667        6.4139991748373966E-004
         311  0.55801166666666668        6.4113785118146988E-004
         312  0.55691000000000002        6.4130238824338293E-004
         313  0.55720000000000003        6.4125938589622213E-004
         314  0.55768333333333331        6.4118722312019960E-004
         315  0.55849000000000004        6.4106541514887536E-004
         316  0.55863833333333335        6.4104282990541910E-004
         317  0.55964000000000003        6.4088879742640740E-004
         318  0.55871166666666672        6.4103164274111339E-004
         319  0.55885166666666664        6.4101024605767881E-004
         320  0.55816333333333334        6.4111494894383749E-004
         321  0.55904166666666666        6.4098112504350473E-004
         322  0.55918500000000004        6.4095909356604031E-004
         323  0.55948333333333333        6.4091306359957483E-004
         324  0.55934833333333334        6.4093392188086949E-004
         325  0.56115000000000004        6.4065159213101154E-004
         326  0.55998833333333331        6.4083461187200875E-004
         327  0.56099833333333338        6.4067568931890897E-004
         328  0.56113833333333329        6.4065344791759584E-004
         329  0.56279333333333337        6.4038659845555915E-004
         330  0.56120666666666663        6.4064257319709295E-004
         331  0.56143333333333334        6.4060641264814542E-004
         332  0.56243833333333337        6.4044444792991939E-004
         333  0.56238666666666670        6.4045283956252683E-004
         334  0.56323666666666672        6.4031388655472318E-004
         335  0.56277666666666670        6.4038932184807466E-004
         336  0.56425666666666663        6.4014462010404194E-004
         337  0.56347833333333330        6.4027403143396635E-004
         338  0.56424166666666664        6.4014712926520377E-004
         339  0.56413500000000005        6.4016495501159696E-004
         340  0.56500666666666666        6.4001840245533675E-004
         341  0.56587166666666666        6.3987098117583520E-004
         342  0.56447166666666670        6.4010859000279815E-004
         343  0.56596500000000005        6.3985495592751328E-004
         344  0.56549000000000005        6.3993627273867401E-004
         345  0.56618333333333337        6.3981737809691824E-004
         346  0.56613000000000002        6.3982656907946543E-004
         347  0.56615166666666672        6.3982283615235012E-004
         348  0.56652833333333330        6.3975774173235405E-004
         349  0.56596000000000002        6.3985581500835013E-004
         350  0.56615333333333329        6.3982254895255774E-004
         351  0.56732000000000005        6.3961970159358489E-004
         352  0.56681999999999999        6.3970707827880097E-004
         353  0.56750500000000004        6.3958720408166395E-004
         354  0.56657333333333337        6.3974993980576620E-004
         355  0.56737666666666664        6.3960975705098090E-004
         356  0.56926500000000002        6.3927349360426325E-004
         357  0.56819833333333336        6.3946460330831386E-004
         358  0.56838000000000000        6.3943226850073814E-004
         359  0.57033666666666671        6.3907844239736100E-004
         360  0.56894333333333336        6.3933144350027712E-004
         361  0.57054499999999997        6.3904016954465914E-004
         362  0.57056333333333331        6.3903679600485312E-004
         363  0.56981833333333332        6.3917316423975378E-004
         364  0.57095333333333331        6.3896481970043915E-004
         365  0.57157833333333330        6.3884862865056207E-004
         366  0.57061333333333331        6.3902759089567171E-004
         367  0.57082999999999995        6.3898762520620586E-004
         368  0.57141333333333333        6.3887940414215656E-004
         369  0.57320333333333329        6.3854166137756021E-004
         370  0.57099666666666671        6.3895679734264535E-004
         371  0.57238999999999995        6.3869618220768060E-004
         372  0.57157833333333330        6.3884862865056207E-004
         373  0.57181499999999996        6.3880435942861261E-004
         374  0.57282999999999995        6.3861280796739426E-004
         375  0.57205833333333334        6.3875868760852905E-004
         376  0.57376166666666661        6.3843456533742955E-004
         377  0.57363833333333336        6.3845829394446865E-004
         378  0.57369166666666671        6.3844803790636046E-004
         379  0.57388333333333330        6.3841111761355840E-004
         380  0.57516999999999996        6.3816073092912888E-004
         381  0.57450833333333329        6.3829004413339780E-004
         382  0.57532166666666662        6.3813092508585253E-004
         383  0.57465333333333335        6.3826180603028179E-004
         384  0.57637833333333333        6.3792156022145100E-004
         385  0.57603166666666672        6.3799057681636763E-004
         386  0.57500666666666667        6.3819276079091171E-004
         387  0.57574333333333338        6.3804773522513651E-004
         388  0.57618333333333338        6.3796042160704379E-004
         389  0.57648833333333338        6.3789959354103277E-004
         390  0.57561666666666667        6.3807277500587951E-004
         391  0.57803333333333329        6.3758763958231507E-004
         392  0.57874833333333331        6.3744110838730584E-004
         393  0.57799500000000004        6.3759545687292970E-004
         394  0.57723166666666670        6.3775030336316952E-004
         395  0.57862166666666670        6.3746716716831192E-004
         396  0.57918333333333338        6.3735128948147870E-004
         397  0.57888833333333334        6.3741225652880901E-004
         398  0.57828666666666662        6.3753587849655203E-004
         399  0.57977833333333328        6.3722761178215790E-004
         400  0.57945500000000005        6.3729493822849929E-004
         401  0.58073333333333332        6.3702711727849396E-004
         402  0.58134333333333332        6.3689777060663643E-004
         403  0.58134833333333336        6.3689670625605751E-004
         404  0.58138666666666672        6.3688854400238779E-004
         405  0.58150833333333329        6.3686261155399156E-004
         406  0.58154833333333333        6.3685407712514954E-004
         407  0.58282999999999996        6.3657834173545889E-004
         408  0.58259499999999997        6.3662923010571865E-004
         409  0.58378500000000000        6.3637000999811424E-004
         410  0.58287500000000003        6.3656858019514812E-004
         411  0.58360000000000001        6.3641055930900462E-004
         412  0.58323000000000003        6.3649138132420928E-004
         413  0.58244166666666664        6.3666235373393729E-004
         414  0.58391499999999996        6.3634146071507862E-004
         415  0.58490166666666665        6.3612329386320259E-004
         416  0.58571833333333334        6.3594073011373682E-004
         417  0.58560999999999996        6.3596505131964607E-004
         418  0.58624500000000002        6.3582204005916624E-004
         419  0.58554833333333334        6.3597888154650868E-004
         420  0.58557333333333328        6.3597327593516357E-004
         421  0.58681666666666665        6.3569236059183123E-004
         422  0.58639833333333335        6.3578734389891484E-004
         423  0.58684333333333338        6.3568628984161100E-004
         424  0.58807166666666666        6.3540457129107326E-004
         425  0.58727666666666667        6.3558737067319012E-004
         426  0.58722166666666664        6.3559995393314399E-004
         427  0.58773833333333336        6.3548142493688583E-004
         428  0.58910666666666667        6.3516402337710583E-004
         429  0.58915166666666663        6.3515349894147056E-004
         430  0.58865166666666668        6.3527012889166845E-004
         431  0.58942499999999998        6.3508945482112990E-004
         432  0.59025499999999997        6.3489373779528383E-004
         433  0.58962999999999999        6.3504128881514469E-004
         434  0.59063833333333338        6.3480271545648416E-004
         435  0.59032166666666663        6.3487793647093503E-004
         436  0.59050000000000002        6.3483560864211136E-004
         437  0.59201166666666671        6.3447334222595231E-004
         438  0.59185333333333334        6.3451157745617688E-004
         439  0.59082833333333329        6.3475745218664545E-004
         440  0.59148000000000001        6.3460146233679606E-004
         441  0.59107500000000002        6.3469854310924654E-004
         442  0.59222833333333336        6.3442090987313724E-004
         443  0.59209666666666672        6.3445278782702300E-004
         444  0.59322500000000000        6.3417807616762245E-004
         445  0.59252000000000005        6.3435012624469980E-004
         446  0.59435499999999997        6.3389948463853476E-004
         447  0.59414666666666671        6.3395110899232016E-004
         448  0.59393499999999999        6.3400343818074045E-004
         449  0.59419333333333335        6.3393955541985695E-004
         450  0.59489499999999995        6.3376512338957254E-004
         451  0.59495666666666669        6.3374972906707632E-004
         452  0.59668666666666670        6.3331362489802909E-004
         453  0.59611499999999995        6.3345863686984337E-004
         454  0.59517333333333333        6.3369555863761347E-004
         455  0.59655333333333338        6.3334752680002128E-004
         456  0.59751666666666670        6.3310149228779815E-004
         457  0.59695166666666666        6.3324610056774864E-004
         458  0.59675000000000000        6.3329750446900282E-004
         459  0.59710333333333332        6.3320736816037805E-004
         460  0.59751666666666670        6.3310149228779815E-004
         461  0.59851666666666670        6.3284340662980352E-004
         462  0.59875500000000004        6.3278149200573174E-004
         463  0.59929166666666667        6.3264150581846847E-004
         464  0.60027666666666668        6.3238251889477764E-004
         465  0.60024166666666667        6.3239176710839736E-004
         466  0.60128833333333331        6.3211374705632892E-004
         467  0.60046833333333338        6.3233181426265727E-004
         468  0.60077499999999995        6.3225047696700083E-004
         469  0.60201166666666661        6.3191985233346498E-004
         470  0.60209333333333337        6.3189787055727197E-004
         471  0.60202333333333335        6.3191671320350911E-004
         472  0.60286833333333334        6.3168835406554483E-004
         473  0.60442666666666667        6.3126205769195533E-004
         474  0.60328999999999999        6.3157366408572388E-004
         475  0.60400666666666669        6.3137761190496357E-004
         476  0.60446833333333339        6.3125056743282163E-004
         477  0.60405666666666669        6.3136388097808044E-004
         478  0.60443499999999994        6.3125976002355799E-004
         479  0.60452166666666662        6.3123585290711306E-004
         480  0.60570833333333329        6.3090642235845732E-004
         481  0.60460166666666670        6.3121376639317618E-004
         482  0.60745499999999997        6.3041444433404280E-004
         483  0.60585999999999995        6.3086403764995192E-004
         484  0.60638333333333339        6.3071729851665566E-004
         485  0.60675500000000004        6.3061262538238695E-004
         486  0.60813166666666663        6.3022157831444335E-004
         487  0.60859333333333332        6.3008926345869910E-004
         488  0.60852833333333334        6.3010792840577303E-004
         489  0.60800166666666666        6.3025872993718781E-004
         490  0.60901833333333333        6.2996693431378100E-004
         491  0.60865999999999998        6.3007010773934256E-004
         492  0.60907666666666671        6.2995010488779831E-004
         493  0.60933833333333332        6.2987449657833812E-004
         494  0.61065000000000003        6.2949262307035816E-004
         495  0.61059500000000000        6.2950873170406992E-004
         496  0.61160166666666671        6.2921256079486918E-004
         497  0.61129000000000000        6.2930455782554120E-004
         498  0.61187833333333330        6.2913066810554223E-004
         499  0.61252166666666663        6.2893941749922087E-004
         500  0.61228833333333332        6.2900891646730289E-004
         501  0.61306666666666665        6.2877649564967153E-004
         502  0.61287333333333338        6.2883438548664813E-004
         503  0.61310166666666666        6.2876600443146074E-004
         504  0.61437666666666668        6.2838148991704900E-004
         505  0.61521999999999999        6.2812465800985719E-004
         506  0.61529833333333328        6.2810070096356837E-004
         507  0.61559666666666668        6.2800930281798045E-004
         508  0.61562833333333333        6.2799958669115319E-004
         509  0.61593833333333337        6.2790432241423657E-004
         510  0.61734833333333339        6.2746762023216374E-004
         511  0.61621833333333331        6.2781804555834782E-004
         512  0.61927833333333338        6.2686080219511548E-004
         513  0.61812000000000000        6.2722625582799067E-004
         514  0.61825166666666664        6.2718490539148491E-004
         515  0.61835666666666667        6.2715189475325082E-004
         516  0.61830833333333335        6.2716709398145899E-004
         517  0.61880500000000005        6.2701059530521485E-004
         518  0.62021000000000004        6.2656411736283356E-004
         519  0.62018666666666666        6.2657157765567853E-004
         520  0.61980166666666670        6.2669445062152481E-004
         521  0.61977333333333329        6.2670347669667806E-004
         522  0.62026000000000003        6.2654812584509421E-004
         523  0.62121666666666664        6.2624079463922695E-004
         524  0.62231999999999998        6.2588313286107971E-004
         525  0.62107500000000004        6.2628646849904076E-004
         526  0.62145666666666666        6.2616328823800985E-004
         527  0.62251000000000001        6.2582119371270900E-004
         528  0.62253333333333338        6.2581358009956693E-004
         529  0.62355166666666662        6.2547979672127019E-004
         530  0.62328499999999998        6.2556748739977413E-004
         531  0.62354166666666666        6.2548308876316048E-004
         532  0.62382833333333332        6.2538860434118468E-004
         533  0.62368000000000001        6.2543752365843861E-004
         534  0.62427666666666670        6.2524036727515462E-004
         535  0.62472499999999997        6.2509155912687439E-004
         536  0.62499833333333332        6.2500055555160495E-004
         537  0.62573166666666669        6.2475534944651497E-004
         538  0.62614999999999998        6.2461478462062250E-004
         539  0.62680666666666662        6.2439313108661617E-004
         540  0.62778666666666672        6.2406005029193334E-004
         541  0.62729166666666669        6.2422863279039864E-004
         542  0.62812500000000004        6.2394442110255298E-004
         543  0.62874500000000000        6.2373167972427587E-004
         544  0.62838000000000005        6.2385705574273987E-004
         545  0.62839666666666671        6.2385133911438775E-004
         546  0.62969166666666665        6.2340472621085971E-004
         547  0.62937333333333334        6.2351495654638228E-004
         548  0.62962833333333335        6.2342667999429075E-004
         549  0.63005000000000000        6.2328029743179483E-004
         550  0.63013666666666668        6.2325014773215105E-004
         551  0.63185500000000006        6.2264791947375846E-004
         552  0.63081666666666669        6.2301284058760543E-004
         553  0.63238666666666665        6.2245986549186298E-004
         554  0.63238333333333330        6.2246104704840178E-004
         555  0.63354333333333335        6.2204793240047327E-004
         556  0.63379833333333335        6.2195659816049087E-004
         557  0.63311666666666666        6.2220033356837133E-004
         558  0.63327000000000000        6.2214562483392912E-004
         559  0.63503333333333334        6.2151159668570523E-004
         560  0.63408833333333336        6.2185249974557055E-004
         561  0.63448499999999997        6.2170971894043932E-004
         562  0.63609000000000004        6.2112735127347273E-004
         563  0.63576666666666670        6.2124527123917574E-004
         564  0.63671833333333339        6.2089733092591550E-004
         565  0.63580999999999999        6.2122948510728838E-004
         566  0.63620500000000002        6.2108533763485351E-004
         567  0.63887666666666665        6.2009847531871302E-004
         568  0.63638166666666662        6.2102072026251295E-004
         569  0.63684833333333335        6.2084959754609499E-004
         570  0.63841499999999995        6.2027048908117500E-004
         571  0.63875333333333328        6.2014448919705926E-004
         572  0.63847666666666669        6.2024754841499754E-004
         573  0.63956166666666669        6.1984210515961540E-004
         574  0.64078500000000005        6.1938085183915715E-004
         575  0.64040833333333336        6.1952333818099696E-004
         576  0.64053166666666672        6.1947672900049136E-004
         577  0.64131333333333329        6.1918029391314642E-004
         578  0.64140666666666668        6.1914477927517387E-004
         579  0.64233833333333334        6.1878886930288933E-004
         580  0.64163666666666663        6.1905715225596034E-004
         581  0.64259166666666667        6.1869165259874836E-004
         582  0.64219166666666672        6.1884506667737600E-004
         583  0.64373499999999995        6.1825055570132728E-004
         584  0.64509499999999997        6.1772086599990025E-004
         585  0.64456000000000002        6.1792988599031207E-004
         586  0.64430833333333337        6.1802791863927353E-004
         587  0.64490999999999998        6.1779323927993901E-004
         588  0.64558000000000004        6.1753065187082016E-004
         589  0.64527500000000004        6.1765035197243001E-004
         590  0.64677666666666667        6.1705835775100750E-004
         591  0.64677666666666667        6.1705835775100750E-004
         592  0.64840333333333333        6.1640956440713393E-004
         593  0.64761999999999997        6.1672297346539639E-004
         594  0.64827000000000001        6.1646303903802697E-004
         595  0.64747333333333335        6.1678145231996550E-004
         596  0.64964833333333338        6.1590769915975175E-004
         597  0.64782166666666663        6.1664246105271427E-004
         598  0.64975000000000005        6.1586651354006894E-004
         599  0.65148166666666663        6.1516028353577484E-004
         600  0.65093500000000004        6.1538419676247780E-004
         601  0.65072333333333332        6.1547065566238128E-004
         602  0.65203166666666668        6.1493410531882130E-004
         603  0.65305000000000002        6.1451294738190828E-004
         604  0.65242333333333336        6.1477248834501848E-004
         605  0.65322333333333338        6.1444095203447909E-004
         606  0.65407000000000004        6.1408798921652914E-004
         607  0.65546499999999996        6.1350174378317786E-004
         608  0.65565833333333334        6.1342003453844583E-004
         609  0.65484166666666666        6.1376442041971460E-004
         610  0.65566500000000005        6.1341721497281114E-004
         611  0.65612666666666664        6.1322163469602019E-004
         612  0.65710666666666662        6.1280433974867938E-004
         613  0.65741333333333329        6.1267316258193337E-004
         614  0.65822833333333330        6.1232316431025693E-004
         615  0.65854999999999997        6.1218447315059096E-004
         616  0.65856333333333328        6.1217871753574036E-004
         617  0.66056000000000004        6.1131073167961533E-004
         618  0.65931666666666666        6.1185265072867317E-004
         619  0.66029000000000004        6.1142881283651220E-004
         620  0.66093500000000005        6.1114636241383833E-004
         621  0.66090000000000004        6.1116172164166172E-004
         622  0.66071333333333337        6.1124357459320703E-004
         623  0.66299500000000000        6.1023578772880904E-004
         624  0.66301333333333334        6.1022762577521775E-004
         625  0.66324000000000005        6.1012662947948764E-004
         626  0.66364999999999996        6.0994354588491772E-004
         627  0.66379333333333335        6.0987941971556365E-004
         628  0.66560166666666665        6.0906497737272418E-004
         629  0.66495833333333332        6.0935587339404124E-004
         630  0.66624666666666665        6.0877205069196770E-004
         631  0.66674833333333339        6.0854333361253681E-004
         632  0.66609666666666667        6.0884028738006249E-004
         633  0.66763833333333333        6.0813566084827681E-004
         634  0.66861499999999996        6.0768547480721195E-004
         635  0.67009500000000000        6.0699765372281304E-004
         636  0.66850166666666666        6.0773786609381127E-004
         637  0.66916166666666665        6.0743220544978726E-004
         638  0.67032666666666663        6.0688937298080704E-004
         639  0.66996500000000003        6.0705834257645012E-004
         640  0.67093833333333330        6.0660267913083244E-004
         641  0.67234833333333333        6.0593736199547642E-004
         642  0.67389666666666670        6.0519962178086633E-004
         643  0.67288999999999999        6.0568012446064854E-004
         644  0.67559499999999995        6.0438177224747612E-004
         645  0.67503833333333330        6.0465083845126250E-004
         646  0.67404666666666668        6.0512775210724748E-004
         647  0.67455166666666666        6.0488527240555969E-004
         648  0.67624333333333331        6.0406716990684013E-004
         649  0.67630000000000001        6.0403960962837524E-004
         650  0.67646166666666663        6.0396092616054535E-004
         651  0.67756666666666665        6.0342091291912335E-004
         652  0.67768499999999998        6.0336285486015790E-004
         653  0.67881000000000002        6.0280868150682768E-004
         654  0.67871166666666671        6.0285728023198296E-004
         655  0.67929499999999998        6.0256853410352144E-004
         656  0.67939000000000005        6.0252140750350106E-004
         657  0.68027000000000004        6.0208350348325151E-004
         658  0.68103666666666662        6.0169998798158297E-004
         659  0.68196999999999997        6.0123057016422574E-004
         660  0.68181833333333330        6.0130703979454747E-004
         661  0.68222000000000005        6.0110436087809790E-004
         662  0.68320333333333338        6.0060599766063427E-004
         663  0.68347500000000005        6.0046776818160690E-004
         664  0.68478333333333330        5.9979874363853944E-004
         665  0.68527166666666661        5.9954762047529850E-004
         666  0.68453666666666668        5.9992529903807692E-004
         667  0.68496166666666669        5.9970712555364452E-004
         668  0.68650000000000000        5.9891255622169083E-004
         669  0.68724499999999999        5.9852500640463358E-004
         670  0.68826666666666669        5.9799061060385422E-004
         671  0.68869333333333338        5.9776643425833633E-004
         672  0.68849666666666665        5.9786983903348560E-004
         673  0.69002833333333335        5.9706118130187680E-004
         674  0.69093166666666672        5.9658067163892274E-004
         675  0.69121833333333338        5.9642762762582551E-004
         676  0.69217166666666663        5.9591673150219502E-004
         677  0.69206166666666669        5.9597583311912653E-004
         678  0.69367666666666672        5.9510412084621633E-004
         679  0.69345166666666669        5.9522608122724945E-004
         680  0.69371166666666662        5.9508513424162289E-004
         681  0.69574000000000003        5.9397790699654816E-004
         682  0.69485333333333332        5.9446359362718597E-004
         683  0.69641833333333336        5.9360457984890291E-004
         684  0.69686999999999999        5.9335515376543252E-004
         685  0.69840000000000002        5.9250518985068813E-004
         686  0.69841500000000001        5.9249681824040206E-004
         687  0.69904833333333338        5.9214266439378471E-004
         688  0.69940833333333330        5.9194075801161929E-004
         689  0.69965666666666670        5.9180122712438330E-004
         690  0.70075666666666669        5.9118068415232817E-004
         691  0.70153500000000002        5.9073914685332980E-004
         692  0.70134333333333332        5.9084806580911330E-004
         693  0.70306500000000005        5.8986524700561905E-004
         694  0.70344833333333334        5.8964505660028064E-004
         695  0.70448999999999995        5.8904419740797044E-004
         696  0.70534333333333332        5.8854922685016415E-004
         697  0.70499833333333328        5.8874964024129917E-004
         698  0.70540999999999998        5.8851045289499038E-004
         699  0.70561499999999999        5.8839112809847840E-004
         700  0.70628333333333337        5.8800111449566837E-004
         701  0.70816999999999997        5.8689188541559054E-004
         702  0.70840999999999998        5.8674990683140848E-004
         703  0.70940499999999995        5.8615917345461726E-004
         704  0.70880500000000002        5.8651580253647046E-004
         705  0.71034333333333333        5.8559895566024560E-004
         706  0.71142666666666665        5.8494838037531454E-004
         707  0.71146833333333337        5.8492327701620012E-004
         708  0.71229500000000001        5.8442397990813720E-004
         709  0.71333333333333337        5.8379346931497500E-004
         710  0.71396833333333332        5.8340602260997668E-004
         711  0.71514833333333339        5.8268229574369955E-004
         712  0.71441500000000002        5.8313264325108747E-004
         713  0.71670833333333328        5.8171799906811799E-004
         714  0.71657166666666672        5.8180282054607669E-004
         715  0.71814500000000003        5.8082234658427760E-004
         716  0.71814999999999996        5.8081921671032893E-004
         717  0.71779000000000004        5.8104434125116477E-004
         718  0.71969333333333330        5.7984888733888954E-004
         719  0.72158166666666668        5.7865010296554603E-004
         720  0.72201000000000004        5.7837640555264704E-004
         721  0.72233666666666663        5.7816722877202745E-004
         722  0.72398166666666663        5.7710803869700481E-004
         723  0.72490833333333338        5.7650707078234253E-004
         724  0.72430499999999998        5.7689870135492602E-004
         725  0.72640833333333332        5.7552768047711687E-004
         726  0.72740666666666665        5.7487130147473810E-004
         727  0.72753333333333337        5.7478776115221027E-004
         728  0.72823499999999997        5.7432392830614339E-004
         729  0.72907166666666667        5.7376849502587641E-004
         730  0.72984499999999997        5.7325281795353325E-004
         731  0.73050333333333328        5.7281208862101582E-004
         732  0.73192500000000005        5.7185486849811815E-004
         733  0.73179166666666662        5.7194496131459033E-004
         734  0.73165833333333330        5.7203498814498849E-004
         735  0.73300166666666666        5.7112494740724283E-004
         736  0.73479666666666665        5.6989841978230689E-004
         737  0.73599000000000003        5.6907632748164809E-004
         738  0.73628499999999997        5.6887227443864769E-004
         739  0.73707166666666668        5.6832652713014787E-004
         740  0.73773833333333338        5.6786219699249939E-004
         741  0.73845333333333329        5.6736232958933496E-004
         742  0.73867499999999997        5.6720696454204444E-004
         743  0.73930333333333331        5.6676555214002955E-004
         744  0.74053166666666670        5.6589827903748963E-004
         745  0.74138999999999999        5.6528881688920759E-004
         746  0.74337500000000001        5.6386849733928795E-004
         747  0.74446333333333337        5.6308329557824680E-004
         748  0.74511499999999997        5.6261093243169984E-004
         749  0.74491166666666664        5.6275849694541213E-004
         750  0.74611333333333330        5.6188407338696297E-004
         751  0.74620500000000001        5.6181713806629282E-004
         752  0.74778666666666671        5.6065700718327209E-004
         753  0.74812666666666672        5.6040633664168019E-004
         754  0.75037833333333337        5.5873471671450401E-004
         755  0.75114166666666671        5.5816345166371129E-004
         756  0.75326833333333332        5.5655959748343738E-004
         757  0.75268833333333329        5.5699881238236988E-004
         758  0.75412999999999997        5.5590458278976867E-004
         759  0.75463999999999998        5.5551548193247203E-004
         760  0.75600166666666668        5.5447143999772257E-004
         761  0.75696166666666664        5.5373083392548661E-004
         762  0.75766333333333336        5.5318713930512940E-004
         763  0.75968500000000005        5.5160931339581266E-004
         764  0.75909666666666664        5.5207022095958981E-004
         765  0.76019999999999999        5.5120468067678817E-004
         766  0.76115833333333338        5.5044879406195382E-004
         767  0.76154166666666667        5.5014536957247683E-004
         768  0.76337166666666667        5.4868838332460652E-004
         769  0.76412000000000002        5.4808853542713943E-004
         770  0.76505999999999996        5.4733170381405833E-004
         771  0.76604333333333330        5.4653597745084282E-004
         772  0.76693833333333339        5.4580815646345651E-004
         773  0.76904166666666662        5.4408421774149120E-004
         774  0.77001166666666665        5.4328276839949092E-004
         775  0.77060499999999998        5.4279052739063173E-004
         776  0.77157333333333333        5.4198389370629560E-004
         777  0.77163833333333331        5.4192960161489757E-004
         778  0.77434333333333338        5.3965380176485293E-004
         779  0.77479833333333337        5.3926783079347846E-004
         780  0.77585499999999996        5.3836793331791231E-004
         781  0.77671166666666669        5.3763471727334775E-004
         782  0.77779333333333334        5.3670423878140366E-004
         783  0.77943666666666667        5.3528053287072786E-004
         784  0.78080000000000005        5.3409012972219076E-004
         785  0.78243499999999999        5.3265134120892492E-004
         786  0.78334999999999999        5.3184079306373882E-004
         787  0.78447500000000003        5.3083891840337641E-004
         788  0.78484500000000001        5.3050813059273645E-004
         789  0.78616333333333333        5.2932432820145903E-004
         790  0.78686333333333336        5.2869245626811702E-004
         791  0.78861833333333331        5.2709812126378790E-004
         792  0.78935166666666667        5.2642760343853275E-004
         793  0.79123833333333338        5.2469075526641123E-004
         794  0.79228333333333334        5.2372138435042529E-004
         795  0.79391666666666671        5.2219567382281063E-004
         796  0.79539166666666672        5.2080668720727347E-004
         797  0.79491666666666672        5.2125515140895274E-004
         798  0.79765333333333333        5.1865610500529075E-004
         799  0.79883000000000004        5.1752718302198065E-004
         800  0.79807166666666662        5.1825553788736889E-004
