 # Pos, Energy, Err_Energy
           1   1.9995145297896719        4.4796395514195234E-003
           2   2.0112669562052239        4.4851698601514802E-003
           3   2.0017599581990333        4.4782811408332493E-003
           4   2.0015087179400561        4.4704779783376614E-003
           5   1.9922618385928617        4.4369627244255231E-003
           6   2.0038211033861195        4.4650581492689132E-003
           7   2.0012039461991744        4.4684131569537747E-003
           8   1.9953515290597548        4.4619190224315453E-003
           9   1.9992289919334569        4.4604682460281670E-003
          10   1.9995672842476893        4.4474944692168448E-003
          11   2.0009618688835844        4.4590188735885595E-003
          12   1.9924053024216839        4.4410083514148761E-003
          13   1.9940507665911491        4.4369741410574840E-003
          14   1.9895960844893641        4.4493877365958208E-003
          15   1.9917867345203619        4.4398882575199718E-003
          16   1.9928821628266122        4.4406143469731280E-003
          17   1.9944313140248286        4.4636918111820544E-003
          18   1.9947771316824552        4.4479735405069847E-003
          19   1.9948077950378671        4.4304483229038851E-003
          20   1.9848967421994397        4.4195464011573876E-003
          21   1.9875870637497068        4.4197284799204510E-003
          22   1.9873097170751188        4.4230328486990567E-003
          23   1.9782248835209066        4.4000453407026276E-003
          24   1.9869644800560631        4.4143770887758206E-003
          25   1.9936379100553494        4.4367458788124340E-003
          26   1.9857579322973231        4.4203298950624692E-003
          27   1.9845422565571258        4.4159215015080744E-003
          28   1.9821144035309168        4.4147313787453370E-003
          29   1.9804343816256744        4.4059986832634219E-003
          30   1.9717326734348428        4.3859855229689167E-003
          31   1.9815222795639482        4.4038924798081129E-003
          32   1.9779426329019545        4.3944279851400618E-003
          33   1.9764965681271656        4.3943883652309878E-003
          34   1.9796941472082119        4.3986916618079640E-003
          35   1.9754930291743829        4.3998995741755661E-003
          36   1.9710145094695399        4.3839061398531862E-003
          37   1.9818831180415566        4.4023139718782035E-003
          38   1.9734170421694193        4.3808903074893041E-003
          39   1.9821388600523080        4.3814406017211325E-003
          40   1.9705147876208722        4.3758333958889058E-003
          41   1.9706686115174679        4.3642897473912890E-003
          42   1.9765273739372202        4.3756266385213925E-003
          43   1.9646784198064919        4.3526295955545313E-003
          44   1.9683305232236705        4.3614127698306812E-003
          45   1.9616857344900649        4.3494686952965569E-003
          46   1.9698364254459293        4.3701755121888525E-003
          47   1.9669753994795722        4.3558175840141119E-003
          48   1.9685840116422693        4.3586918748456929E-003
          49   1.9629477466706082        4.3434917682260883E-003
          50   1.9597842081425707        4.3264886731668424E-003
          51   1.9611857426776567        4.3464264612058249E-003
          52   1.9632514493598432        4.3480965637973153E-003
          53   1.9593189238970454        4.3346704023475074E-003
          54   1.9515911001460045        4.3194594320152867E-003
          55   1.9557790870555369        4.3314191559929204E-003
          56   1.9562808567448868        4.3324374417481023E-003
          57   1.9575136243095070        4.3342109648039553E-003
          58   1.9511300355368613        4.3205126790269782E-003
          59   1.9589830214042763        4.3295487975519176E-003
          60   1.9634569498991625        4.3344507834298758E-003
          61   1.9418156530331738        4.2954725686017783E-003
          62   1.9508711061250545        4.3169131774705351E-003
          63   1.9657183035433878        4.3360317099327026E-003
          64   1.9572093260895946        4.3220684313152831E-003
          65   1.9566691572144030        4.3173029550405305E-003
          66   1.9533470209300363        4.3071644467265460E-003
          67   1.9512460903105653        4.3046286878936279E-003
          68   1.9545426904857808        4.3156358436075275E-003
          69   1.9446648605568186        4.2952824822206420E-003
          70   1.9505783730660806        4.2982276828316384E-003
          71   1.9480736254664146        4.2997459491163625E-003
          72   1.9486516850959714        4.3026003248153380E-003
          73   1.9432114471387014        4.2864032241633192E-003
          74   1.9427667302275875        4.2711119284524245E-003
          75   1.9470452219212067        4.2854013491734500E-003
          76   1.9462239421241931        4.2869756686183640E-003
          77   1.9443681763975369        4.2646447744322923E-003
          78   1.9418580428128793        4.2888736114305211E-003
          79   1.9387587717575332        4.2685236196025834E-003
          80   1.9315827084736032        4.2546770551139335E-003
          81   1.9403406947480371        4.2559321110600878E-003
          82   1.9374973570435323        4.2571006602756039E-003
          83   1.9395633119261948        4.2650340345970761E-003
          84   1.9274453877460009        4.2459569270004134E-003
          85   1.9354669555010682        4.2540868978444687E-003
          86   1.9354536863625982        4.2619571902600319E-003
          87   1.9326016800258230        4.2377265323182006E-003
          88   1.9247799899987503        4.2231154669283670E-003
          89   1.9252240761189015        4.2248865655505263E-003
          90   1.9256820536335328        4.2281318657929490E-003
          91   1.9334054154851215        4.2475265266587866E-003
          92   1.9261091783170794        4.2314189509361022E-003
          93   1.9375780163808509        4.2480762450145945E-003
          94   1.9291854358165681        4.2360583876595460E-003
          95   1.9255251194892653        4.2248574152221746E-003
          96   1.9263400665433417        4.2344964751636080E-003
          97   1.9200616937852799        4.2048942024605317E-003
          98   1.9276771795280616        4.2238656768722911E-003
          99   1.9235737276701066        4.2218204476294711E-003
         100   1.9290300695214537        4.2202959470182119E-003
         101   1.9275828925080973        4.2044215594366019E-003
         102   1.9259024253198593        4.2145090794670406E-003
         103   1.9217899080635426        4.2022236357504555E-003
         104   1.9305642275982948        4.2241896107053124E-003
         105   1.9133874042517753        4.1905197052795216E-003
         106   1.9221788093734036        4.2016197025953796E-003
         107   1.9161292950141868        4.1923376964072279E-003
         108   1.9153694729783142        4.1876465190294433E-003
         109   1.9208164505305130        4.1966579992238073E-003
         110   1.9106165138061297        4.1800000723504161E-003
         111   1.9153522565228900        4.1950762044738977E-003
         112   1.9158001775686249        4.1863913970523270E-003
         113   1.9096253765951117        4.1804874790534402E-003
         114   1.9114030041321080        4.1858946257501573E-003
         115   1.9135237967649827        4.1754168577067428E-003
         116   1.9100971177252102        4.1581438132072945E-003
         117   1.9088443305361213        4.1655808810636486E-003
         118   1.9094665237526711        4.1707520196610530E-003
         119   1.8995134882175733        4.1423538255910735E-003
         120   1.9056186327400504        4.1639981372131223E-003
         121   1.9021205261243690        4.1496853729081021E-003
         122   1.8982978156310142        4.1429660664071295E-003
         123   1.8998818899180592        4.1396993593564710E-003
         124   1.8961095379220998        4.1328324186065465E-003
         125   1.9017255091974186        4.1510126179201880E-003
         126   1.8979593216106883        4.1524113955353900E-003
         127   1.9031596446398098        4.1425291169214472E-003
         128   1.9035910405817593        4.1408915710752685E-003
         129   1.8994244555915445        4.1381457517135328E-003
         130   1.8966183540649313        4.1364757582213908E-003
         131   1.8876011450665848        4.1189963631159130E-003
         132   1.8967486153610560        4.1309437640254078E-003
         133   1.8910430425495550        4.1190642158719648E-003
         134   1.8978273980151756        4.1261761939909939E-003
         135   1.8942622865687073        4.1240795019499123E-003
         136   1.8920195420048145        4.1227751718957871E-003
         137   1.8947524915258944        4.1123202536897671E-003
         138   1.8860229111328144        4.0979241475955974E-003
         139   1.8923995637773727        4.1156920791457479E-003
         140   1.8891086330637692        4.1084465312040928E-003
         141   1.8870154667993095        4.0992946729418766E-003
         142   1.8899508580318956        4.1106392879703907E-003
         143   1.8824463236266615        4.0962093080907603E-003
         144   1.8849013868710278        4.0880689476019035E-003
         145   1.8820216590248360        4.0961196175440416E-003
         146   1.8798429328932613        4.0871756643998157E-003
         147   1.8824914733285305        4.0935214882648454E-003
         148   1.8827132641680706        4.0854416023578585E-003
         149   1.8852104283654072        4.0938328720488259E-003
         150   1.8796308144651874        4.0730717718450412E-003
         151   1.8756820887262460        4.0691921842322459E-003
         152   1.8811599106953585        4.0878163597647954E-003
         153   1.8843222761362663        4.0817662966160370E-003
         154   1.8799069706016402        4.0856367961666067E-003
         155   1.8848872889962316        4.0857842404037311E-003
         156   1.8735139561334799        4.0650949975825417E-003
         157   1.8710406862271456        4.0556706627590863E-003
         158   1.8668562738385051        4.0430630366256005E-003
         159   1.8716370782571592        4.0488632865156166E-003
         160   1.8714714243408608        4.0492467494424962E-003
         161   1.8691778689670884        4.0517486193918199E-003
         162   1.8697796527372363        4.0436856825330205E-003
         163   1.8635675619891352        4.0246825400505762E-003
         164   1.8685811781881125        4.0341153579271719E-003
         165   1.8635344839168826        4.0223975475936818E-003
         166   1.8644613967368646        4.0296874002732908E-003
         167   1.8632766884389613        4.0313752675190800E-003
         168   1.8639900411034371        4.0260684437733877E-003
         169   1.8653173054223868        4.0263940802528469E-003
         170   1.8608490551791887        4.0294590561664777E-003
         171   1.8633405149280482        4.0320456918682560E-003
         172   1.8636219364522595        4.0220083685131892E-003
         173   1.8586054007568737        4.0085195617306666E-003
         174   1.8608455064076068        4.0195983036873080E-003
         175   1.8604069678497357        4.0157309536832395E-003
         176   1.8521053618403800        3.9987567332884760E-003
         177   1.8601104850778190        4.0070586007872359E-003
         178   1.8523689432474844        3.9944302076151943E-003
         179   1.8594096268899862        4.0078872651225297E-003
         180   1.8538377806695132        3.9984263899501427E-003
         181   1.8563442029667545        4.0005414956816501E-003
         182   1.8484110326114647        3.9740657771730765E-003
         183   1.8503839178910853        3.9778478829232871E-003
         184   1.8567111844695487        3.9964920656801600E-003
         185   1.8482747945596576        3.9815935804882029E-003
         186   1.8487232810530110        3.9730971110976581E-003
         187   1.8496049982503895        3.9746523146923611E-003
         188   1.8516647572285223        3.9774586746869397E-003
         189   1.8435420853145423        3.9494109777790786E-003
         190   1.8428031241652318        3.9661536778836997E-003
         191   1.8456209577318234        3.9641923620628728E-003
         192   1.8360007827501945        3.9440609711299318E-003
         193   1.8485155643662088        3.9732068453811583E-003
         194   1.8471248192134306        3.9566072266326927E-003
         195   1.8449887045693192        3.9637761479380512E-003
         196   1.8332195744656177        3.9430130689682751E-003
         197   1.8373835636843228        3.9459052303748333E-003
         198   1.8407022558274175        3.9370473862190272E-003
         199   1.8433596964425500        3.9425757103913302E-003
         200   1.8328476062492902        3.9292677837070274E-003
         201   1.8386364007021669        3.9283729731235907E-003
         202   1.8338829108697157        3.9304641813344872E-003
         203   1.8355212380949815        3.9310061264280754E-003
         204   1.8353614287272100        3.9278614567319270E-003
         205   1.8297793896878574        3.9160370294194936E-003
         206   1.8316542755802170        3.9195378905672049E-003
         207   1.8304910485747803        3.9190279950007036E-003
         208   1.8238201204735309        3.9010848155704597E-003
         209   1.8307317990405370        3.9179113428207272E-003
         210   1.8315869847433781        3.9120547973535008E-003
         211   1.8266003494455938        3.9007466032807119E-003
         212   1.8274580823243844        3.9067723397197612E-003
         213   1.8221780537233152        3.8884458134352535E-003
         214   1.8339900041393145        3.9126370604785467E-003
         215   1.8232229282077494        3.8863922648111286E-003
         216   1.8227544137117209        3.8872815746794770E-003
         217   1.8212919167402262        3.8929988773338717E-003
         218   1.8251975842764303        3.8869344453853105E-003
         219   1.8223012216131338        3.8774090521040945E-003
         220   1.8151913544871201        3.8739390292449223E-003
         221   1.8189153411070906        3.8822078069835775E-003
         222   1.8191604999868736        3.8654035744467722E-003
         223   1.8191673588957327        3.8819303613547834E-003
         224   1.8231759027048313        3.8752731938778381E-003
         225   1.8077829022281804        3.8573489691334684E-003
         226   1.8189554094993599        3.8728248411034213E-003
         227   1.8170325027884329        3.8675331181380257E-003
         228   1.8156704150469849        3.8532798974000504E-003
         229   1.8133145666613817        3.8562425813490411E-003
         230   1.8210322843375997        3.8797057332907677E-003
         231   1.8150488728113523        3.8585849445697670E-003
         232   1.8116698848989101        3.8469125918900973E-003
         233   1.8138715166887343        3.8415184006654877E-003
         234   1.8081480340174154        3.8323797427137611E-003
         235   1.8110704335260135        3.8480079546039415E-003
         236   1.8099852035138104        3.8370984303390749E-003
         237   1.8078810806780488        3.8378263195738079E-003
         238   1.8065057186811537        3.8339944890407257E-003
         239   1.8017368192157499        3.8278808851518568E-003
         240   1.8022049358232604        3.8177368795475068E-003
         241   1.8007955671237614        3.8104768002146499E-003
         242   1.7999190283102333        3.8130283816604662E-003
         243   1.7978128357551797        3.7992977926324888E-003
         244   1.7985466154401404        3.8138874543067257E-003
         245   1.8020636941951260        3.8188299655972451E-003
         246   1.7953702739362811        3.7946136596264555E-003
         247   1.8003109836109281        3.7993091466949182E-003
         248   1.7983408669188219        3.8061397264609019E-003
         249   1.7983772746468389        3.8051061618990557E-003
         250   1.7913844687181542        3.7893794594944449E-003
         251   1.7922066504332381        3.7875916366994469E-003
         252   1.7910704042628187        3.7928939056651157E-003
         253   1.7910684581390985        3.7786124778033266E-003
         254   1.7946485614701608        3.7844952359445514E-003
         255   1.7921324649638701        3.7813010566236935E-003
         256   1.7842698388569418        3.7692728418773961E-003
         257   1.7807160380384150        3.7610851280075238E-003
         258   1.7801637662227228        3.7586529726252177E-003
         259   1.7817465599912945        3.7626407298120600E-003
         260   1.7826311469895726        3.7597309547863509E-003
         261   1.7846520677719373        3.7648351524645620E-003
         262   1.7831287599143957        3.7544158128501701E-003
         263   1.7804576985189486        3.7520589322656102E-003
         264   1.7827946156585435        3.7498176829902363E-003
         265   1.7828477824496947        3.7505451607791375E-003
         266   1.7763859589601265        3.7356902429187080E-003
         267   1.7755003131380942        3.7289943131400467E-003
         268   1.7743222494556965        3.7268992635081295E-003
         269   1.7738683222104838        3.7165187097683476E-003
         270   1.7731720161132636        3.7221449328858590E-003
         271   1.7749513614816972        3.7354556621224718E-003
         272   1.7765364819450087        3.7311442722820385E-003
         273   1.7658913793859281        3.7081318679369544E-003
         274   1.7677010922400798        3.7094157739314330E-003
         275   1.7754494926475908        3.7185876333573494E-003
         276   1.7715228320502114        3.7160734015697244E-003
         277   1.7710148456846531        3.7024839757025534E-003
         278   1.7676578927245681        3.7017780948174817E-003
         279   1.7635171360614814        3.7006525246674775E-003
         280   1.7617476767339468        3.6924390839408448E-003
         281   1.7624774331249460        3.6923650605566517E-003
         282   1.7631107595951354        3.6975418078567537E-003
         283   1.7661128080480215        3.6876937523205588E-003
         284   1.7606861403837610        3.6903785403037698E-003
         285   1.7586220044749188        3.6861637866387039E-003
         286   1.7620672266614357        3.6833933041665414E-003
         287   1.7621208232067063        3.6844446723264322E-003
         288   1.7456342096587416        3.6628980624491447E-003
         289   1.7528262065461977        3.6687055501014474E-003
         290   1.7584008539525686        3.6688730814555199E-003
         291   1.7524562615197710        3.6684944429993551E-003
         292   1.7527209650327533        3.6632731039290150E-003
         293   1.7510395831957914        3.6571686428896132E-003
         294   1.7449598173984628        3.6455299615116353E-003
         295   1.7481341179970344        3.6507494217357492E-003
         296   1.7415523891639100        3.6422476801348286E-003
         297   1.7463666249642325        3.6456360283487164E-003
         298   1.7505628126420045        3.6569682674845940E-003
         299   1.7485522025929408        3.6390924044812402E-003
         300   1.7364033077563854        3.6232521135411409E-003
         301   1.7422456169446050        3.6220151641045929E-003
         302   1.7398724961614751        3.6305982106542220E-003
         303   1.7357174467636822        3.6163201197526311E-003
         304   1.7357071277952758        3.6185545996740660E-003
         305   1.7399452007599221        3.6207973950156528E-003
         306   1.7377029848448777        3.6176709876900043E-003
         307   1.7362128332454367        3.6093534082036116E-003
         308   1.7299617483465330        3.6054951773045185E-003
         309   1.7344520755498365        3.5981117623462094E-003
         310   1.7324338775063501        3.6051573886101036E-003
         311   1.7331006764209118        3.6063869298914564E-003
         312   1.7305181261993181        3.5991622205485160E-003
         313   1.7252589407820644        3.5903303987604956E-003
         314   1.7262287573616812        3.5813067147856385E-003
         315   1.7284412829219391        3.5822640075666014E-003
         316   1.7265444386420290        3.5790259891473278E-003
         317   1.7274358851059346        3.5825009761766163E-003
         318   1.7202862617144339        3.5652706228195851E-003
         319   1.7207838313609778        3.5721491652708380E-003
         320   1.7169652314813337        3.5690526708215061E-003
         321   1.7132009263773593        3.5506509055180146E-003
         322   1.7171960521600540        3.5615537105726631E-003
         323   1.7139432287463574        3.5521265201144117E-003
         324   1.7082490091323943        3.5397644944260560E-003
         325   1.7192579059395980        3.5508058615844724E-003
         326   1.7148323872372042        3.5486150374153332E-003
         327   1.7158776718801534        3.5509055978592929E-003
         328   1.7144075738489997        3.5426405558093522E-003
         329   1.7121686023208460        3.5310255391463059E-003
         330   1.7037623674394984        3.5233375417116374E-003
         331   1.7113509172786525        3.5311038952768299E-003
         332   1.7083600364314602        3.5272671668958471E-003
         333   1.7059728485692949        3.5249661369089807E-003
         334   1.7107132324660477        3.5307106480464939E-003
         335   1.7053478678015983        3.5194544278336370E-003
         336   1.7052836089787020        3.5143944492342606E-003
         337   1.7073002197735969        3.5300700971458735E-003
         338   1.7076333575187879        3.5153086055724888E-003
         339   1.6972595333195244        3.4988847977735836E-003
         340   1.7019056279257077        3.4969981234437620E-003
         341   1.7050166559705717        3.5052905355736079E-003
         342   1.6943869395377109        3.4891116575827118E-003
         343   1.6973428568841917        3.4892327546972753E-003
         344   1.6953536762718748        3.4889733570629498E-003
         345   1.6956836086694314        3.4871687043645182E-003
         346   1.6944720937490101        3.4761060973498227E-003
         347   1.6954875765692417        3.4820431548353236E-003
         348   1.6935971090518598        3.4831381200968420E-003
         349   1.6885207070454611        3.4769637808277788E-003
         350   1.6822850388556734        3.4673622391035853E-003
         351   1.6897917005684513        3.4739619779435003E-003
         352   1.6804399127971732        3.4550312645839623E-003
         353   1.6856604231635854        3.4567649546247206E-003
         354   1.6827505652046724        3.4638467968289700E-003
         355   1.6842304621758448        3.4519680874023030E-003
         356   1.6836707666050124        3.4483711099225168E-003
         357   1.6753058016660423        3.4331243816758616E-003
         358   1.6784519742577115        3.4376112957652505E-003
         359   1.6829460204854363        3.4371351756532155E-003
         360   1.6743222541456482        3.4301000825003231E-003
         361   1.6813643953609949        3.4399151756880340E-003
         362   1.6748512376264433        3.4219391232499859E-003
         363   1.6710466887705253        3.4256471954784303E-003
         364   1.6776904118060629        3.4352301033050837E-003
         365   1.6727637815557241        3.4221958279618920E-003
         366   1.6700538955484268        3.4181581216170972E-003
         367   1.6676755084249961        3.4125054402501269E-003
         368   1.6730945728142059        3.4220106637007732E-003
         369   1.6677268220009573        3.3933617981270823E-003
         370   1.6671764642691629        3.4060289203374952E-003
         371   1.6711095697226173        3.4060411298120897E-003
         372   1.6592021828987784        3.3922590914092169E-003
         373   1.6583039698907653        3.3796742010243712E-003
         374   1.6662966271540414        3.4020791192837479E-003
         375   1.6556624848329673        3.3755619952504298E-003
         376   1.6627030629734316        3.3912231968072212E-003
         377   1.6585827751519833        3.3761797672082739E-003
         378   1.6591297797002371        3.3801899056857525E-003
         379   1.6524060443622350        3.3671219663564682E-003
         380   1.6546982968901354        3.3548283579003576E-003
         381   1.6565456439756263        3.3741604809862575E-003
         382   1.6552632001200704        3.3701352246195333E-003
         383   1.6502048187298535        3.3551807064558653E-003
         384   1.6500628570662170        3.3575371460014282E-003
         385   1.6553905020677624        3.3597849524666865E-003
         386   1.6463680093842872        3.3586471846694913E-003
         387   1.6420984912398131        3.3420053675629834E-003
         388   1.6423773457550341        3.3337124398232255E-003
         389   1.6410956784618373        3.3238719403242494E-003
         390   1.6388743242020820        3.3351981488756077E-003
         391   1.6488036936705692        3.3390183014002455E-003
         392   1.6486147019680768        3.3304614821545418E-003
         393   1.6418960846822213        3.3334508740903912E-003
         394   1.6347513756887651        3.3183878634018152E-003
         395   1.6345217160722756        3.3052478585179124E-003
         396   1.6373470734784203        3.3270262386298770E-003
         397   1.6353268161169949        3.3138280184834296E-003
         398   1.6340555924480515        3.3042748959553939E-003
         399   1.6311418477280135        3.2962209993871879E-003
         400   1.6263119595767084        3.2916408998601362E-003
         401   1.6337245217843983        3.2980740448032724E-003
         402   1.6286597839918919        3.2805266103634822E-003
         403   1.6285431072855099        3.2841591561676054E-003
         404   1.6257843283203133        3.2811481706859292E-003
         405   1.6273558061018891        3.2911610284806769E-003
         406   1.6274007072428549        3.2775544325206402E-003
         407   1.6264550829590114        3.2821366920890091E-003
         408   1.6246834287816836        3.2725863811193241E-003
         409   1.6270557239261316        3.2717264578412931E-003
         410   1.6233218165394092        3.2645629026753871E-003
         411   1.6171548022049669        3.2601240172268112E-003
         412   1.6158731267729602        3.2485139572351962E-003
         413   1.6139646317049057        3.2552655974231316E-003
         414   1.6123755126287445        3.2397555826632917E-003
         415   1.6177771436408122        3.2494197773259448E-003
         416   1.6115543655044458        3.2349020667635205E-003
         417   1.6146009510416834        3.2418407670851018E-003
         418   1.6106391844850230        3.2296166031831994E-003
         419   1.6074027740810297        3.2254323668944630E-003
         420   1.6077125268288779        3.2246711175254223E-003
         421   1.6043136224015977        3.2067012926327615E-003
         422   1.6085365031603573        3.2251463604949875E-003
         423   1.6075150845276378        3.2225801108184075E-003
         424   1.6081904326088345        3.2233601589787739E-003
         425   1.5992380325712174        3.2031550606839918E-003
         426   1.6012609728971410        3.2060301307806445E-003
         427   1.5987212217333604        3.1981044098829598E-003
         428   1.5983055027265711        3.1987390353186260E-003
         429   1.5932795376181665        3.1791627023083093E-003
         430   1.5954419520433523        3.1814589292830627E-003
         431   1.5978374065530085        3.1935162935431798E-003
         432   1.5916354820833081        3.1736128603219501E-003
         433   1.5982510600324156        3.1932125613442670E-003
         434   1.5927190364631034        3.1793757062823658E-003
         435   1.5881188495201082        3.1694883133336631E-003
         436   1.5853603506237104        3.1591080627050502E-003
         437   1.5841438807379866        3.1548971829449654E-003
         438   1.5871228019090187        3.1662741598934294E-003
         439   1.5807467897172125        3.1603544125656967E-003
         440   1.5836141086597082        3.1602997154875152E-003
         441   1.5770810657067691        3.1434175744900397E-003
         442   1.5807635241263049        3.1474371674025761E-003
         443   1.5729552066743593        3.1351094921225719E-003
         444   1.5818283598450005        3.1490275660640641E-003
         445   1.5748035617859755        3.1428693380662742E-003
         446   1.5727509241715938        3.1296109953275505E-003
         447   1.5806942574897980        3.1441208318715424E-003
         448   1.5711294643463540        3.1235162906685728E-003
         449   1.5672085314842970        3.1095755616257978E-003
         450   1.5690207522364332        3.1124616104026468E-003
         451   1.5689959891410270        3.1160754303909107E-003
         452   1.5753975890287648        3.1216624054453360E-003
         453   1.5693443016108917        3.1117592508370026E-003
         454   1.5646904639268830        3.1103727122492775E-003
         455   1.5634074371594193        3.1041348689750622E-003
         456   1.5640741156229678        3.0935395893862253E-003
         457   1.5633095221009803        3.0966965843983846E-003
         458   1.5571468685378262        3.0920286436815973E-003
         459   1.5587864485868561        3.0858403115233291E-003
         460   1.5520318623908245        3.0691600179455379E-003
         461   1.5611857783815524        3.0903296286280382E-003
         462   1.5624552211705307        3.0875140800312824E-003
         463   1.5533068212208130        3.0728146721241151E-003
         464   1.5555158116009034        3.0630001573505269E-003
         465   1.5545949748926235        3.0702053105804003E-003
         466   1.5509072507264392        3.0578527605480644E-003
         467   1.5473689742574150        3.0486830048581854E-003
         468   1.5457744730546030        3.0381335851964088E-003
         469   1.5456768640520615        3.0383073441110080E-003
         470   1.5429819102113618        3.0372327486210909E-003
         471   1.5418812254609813        3.0298101535821929E-003
         472   1.5478525987424105        3.0450622075911815E-003
         473   1.5451749230871434        3.0293777639089953E-003
         474   1.5395663902346555        3.0257966942428432E-003
         475   1.5410475752585022        3.0272961556223055E-003
         476   1.5381937506213759        3.0156958841625705E-003
         477   1.5336396528062815        3.0111601344114929E-003
         478   1.5311190213563859        3.0038148881729415E-003
         479   1.5355821589566652        3.0133911983592520E-003
         480   1.5333911906800499        3.0074910560193217E-003
         481   1.5270614456167777        2.9876607812759056E-003
         482   1.5331248615774029        3.0004101587108559E-003
         483   1.5236254722927145        2.9827663544930764E-003
         484   1.5268174230128815        2.9913212752758454E-003
         485   1.5251812267960365        2.9891704343793612E-003
         486   1.5211659446007044        2.9778072213887345E-003
         487   1.5253595483542186        2.9805293513128217E-003
         488   1.5245703003766311        2.9781335784380392E-003
         489   1.5164076929348198        2.9659444381642053E-003
         490   1.5203479610243154        2.9655298297360925E-003
         491   1.5142821932346253        2.9587907849637838E-003
         492   1.5174801336643049        2.9584148169032663E-003
         493   1.5112282264613004        2.9503320120381543E-003
         494   1.5158882185862761        2.9602239599031454E-003
         495   1.5054996168199166        2.9364502202436638E-003
         496   1.5121856092720654        2.9418377482139757E-003
         497   1.5107287554955939        2.9425049921675797E-003
         498   1.5042827567316190        2.9259379745225898E-003
         499   1.5097992128554871        2.9324357123469676E-003
         500   1.5022995718666774        2.9318156833883541E-003
         501   1.5082219386069164        2.9330375048820128E-003
         502   1.4978384179064916        2.9097529658620495E-003
         503   1.4991421997710630        2.9127847978612877E-003
         504   1.5010872809764981        2.9129543765987601E-003
         505   1.4974261068530250        2.9010299590507636E-003
         506   1.4937823894572528        2.8965896657618811E-003
         507   1.4957497023384265        2.8976384034933448E-003
         508   1.4913363058628442        2.8913138359165356E-003
         509   1.4910007912791494        2.8812649254539736E-003
         510   1.4934991087697500        2.8940040331310664E-003
         511   1.4892126850243828        2.8853353631108753E-003
         512   1.4904983796181079        2.8715947336915666E-003
         513   1.4806512235207527        2.8640258826428044E-003
         514   1.4819408172365331        2.8603866170146264E-003
         515   1.4853112377284883        2.8747006257417241E-003
         516   1.4759923011362868        2.8533192383346632E-003
         517   1.4778676507150064        2.8510767241568670E-003
         518   1.4739188272777115        2.8377995034333759E-003
         519   1.4770329473605497        2.8432097075760574E-003
         520   1.4700862083146797        2.8363875689460766E-003
         521   1.4690825002561334        2.8313739482018338E-003
         522   1.4746357892649204        2.8396357846360042E-003
         523   1.4736322399571435        2.8416096422598305E-003
         524   1.4684985940260677        2.8212576142949315E-003
         525   1.4655346491458576        2.8230150389935526E-003
         526   1.4593330112711695        2.8091851741352571E-003
         527   1.4680051775278353        2.8257155410033015E-003
         528   1.4611323653698820        2.8049155736500396E-003
         529   1.4606667682100669        2.8090217242931806E-003
         530   1.4567073166081330        2.7999881426242928E-003
         531   1.4517527668254073        2.7896876242922649E-003
         532   1.4546005250910206        2.7852962430992747E-003
         533   1.4538849367099673        2.7872168849227036E-003
         534   1.4475012066711896        2.7757393988312447E-003
         535   1.4531363109348714        2.7882121368456329E-003
         536   1.4470163298557874        2.7676183867878556E-003
         537   1.4452454456748809        2.7663300327304373E-003
         538   1.4450425551459036        2.7626574887937363E-003
         539   1.4444736574267816        2.7655887396581310E-003
         540   1.4427968588593860        2.7594920119363791E-003
         541   1.4363644128277555        2.7462688093714575E-003
         542   1.4437055499525890        2.7592797511500839E-003
         543   1.4374762605067448        2.7496704355653291E-003
         544   1.4336351934460745        2.7383145387017234E-003
         545   1.4345411158046377        2.7397607814350199E-003
         546   1.4353520129257702        2.7390218331715156E-003
         547   1.4279855455519546        2.7201575517035591E-003
         548   1.4302647768078907        2.7237194881957216E-003
         549   1.4234546968695703        2.7136711771134749E-003
         550   1.4251353214127367        2.7146991852015304E-003
         551   1.4316319274850446        2.7208705752460537E-003
         552   1.4152818363962827        2.6938877995087967E-003
         553   1.4219959257604682        2.7008840957715107E-003
         554   1.4222031051284982        2.6994941523242732E-003
         555   1.4194195265444072        2.6896769924768921E-003
         556   1.4220158559299276        2.6978020540613084E-003
         557   1.4129891253903459        2.6822116760265922E-003
         558   1.4114638432004407        2.6774520409058801E-003
         559   1.4120947782475002        2.6760775954142190E-003
         560   1.4071256754723560        2.6699791772399287E-003
         561   1.4070824094869656        2.6691494945367987E-003
         562   1.4072957734275837        2.6620113515534120E-003
         563   1.4088184613757657        2.6692046584433026E-003
         564   1.4008013298448725        2.6444086267629111E-003
         565   1.3956956705645918        2.6435027757726573E-003
         566   1.3980879775930282        2.6448826684523016E-003
         567   1.4041493870438955        2.6482422100583920E-003
         568   1.3921176450663393        2.6405518415858731E-003
         569   1.3892276057793145        2.6258786838397183E-003
         570   1.3937697541869578        2.6269780086963950E-003
         571   1.3876657372307215        2.6139735973469257E-003
         572   1.3845843106807281        2.6117791806498851E-003
         573   1.3838721176097657        2.6128387800739054E-003
         574   1.3862423522039029        2.6131407015235683E-003
         575   1.3841266280068611        2.6056017910783599E-003
         576   1.3840816206623134        2.6040482943160050E-003
         577   1.3796184268903782        2.5992322987162596E-003
         578   1.3761573181697766        2.5887116836380312E-003
         579   1.3778558889496832        2.5911630720907059E-003
         580   1.3742005571424949        2.5801964548644793E-003
         581   1.3708156318476867        2.5741456052171402E-003
         582   1.3693808337547444        2.5700984332066362E-003
         583   1.3711992090645400        2.5753490509752668E-003
         584   1.3677679080965579        2.5625632655712836E-003
         585   1.3679622522343855        2.5593672814825897E-003
         586   1.3616966560879162        2.5542675348295407E-003
         587   1.3584866224627175        2.5391938658127305E-003
         588   1.3614803923674303        2.5477040370108003E-003
         589   1.3540703025197900        2.5375834197943251E-003
         590   1.3558423116700113        2.5355026658476824E-003
         591   1.3543046362945246        2.5321415891031863E-003
         592   1.3573080272960434        2.5295385437715139E-003
         593   1.3494900776788055        2.5200758472130181E-003
         594   1.3473387301885611        2.5156889411443333E-003
         595   1.3459294455615072        2.5169959575967256E-003
         596   1.3462348849814170        2.5043234631686624E-003
         597   1.3402144944744538        2.5027503601411198E-003
         598   1.3395509224886168        2.4947599761303732E-003
         599   1.3434934424389864        2.4947547810005217E-003
         600   1.3380737103426747        2.4904006354926431E-003
         601   1.3380248551853993        2.4892194306043139E-003
         602   1.3319037136677072        2.4740970101059670E-003
         603   1.3309925360226009        2.4711169723663409E-003
         604   1.3325437731953482        2.4724531113714207E-003
         605   1.3279086401735714        2.4649774851339739E-003
         606   1.3285285711688646        2.4622193427471131E-003
         607   1.3278943777858749        2.4601842865511359E-003
         608   1.3269512978887912        2.4550538467863394E-003
         609   1.3258078010197598        2.4579451235476309E-003
         610   1.3210626496419724        2.4450309927665213E-003
         611   1.3185496569629389        2.4412999865591192E-003
         612   1.3177584038475005        2.4362701854473193E-003
         613   1.3150372663058481        2.4313095227748711E-003
         614   1.3159419641361354        2.4325066602638502E-003
         615   1.3139063317046396        2.4215401691265442E-003
         616   1.3103821741270967        2.4176348742302426E-003
         617   1.3121276534060471        2.4135885571997095E-003
         618   1.3062812130172001        2.4106992805439775E-003
         619   1.2998092350634158        2.3932388263930540E-003
         620   1.3035895033317311        2.3969889094149414E-003
         621   1.2988845255344108        2.3933172570193904E-003
         622   1.2971812710002721        2.3841153780377383E-003
         623   1.2971830669806084        2.3834599415295311E-003
         624   1.2974439546639227        2.3780643437092490E-003
         625   1.2960957808162754        2.3767739665293674E-003
         626   1.2911199771315116        2.3706712138614741E-003
         627   1.2875709338167483        2.3627680455584996E-003
         628   1.2913297081637169        2.3661481541581513E-003
         629   1.2793945157426416        2.3453568902816039E-003
         630   1.2848467856880024        2.3509253077741302E-003
         631   1.2800789933145853        2.3341983776518148E-003
         632   1.2757952453974009        2.3297185477499090E-003
         633   1.2782622385704141        2.3375262282289444E-003
         634   1.2783578581093415        2.3316615936420904E-003
         635   1.2774279281650975        2.3260679012705593E-003
         636   1.2702226495272713        2.3164358537609096E-003
         637   1.2675773229755294        2.3137511758658364E-003
         638   1.2701988739033785        2.3173337732898536E-003
         639   1.2609508324029439        2.2991603006713725E-003
         640   1.2656639950299495        2.3013204377963451E-003
         641   1.2603707527630537        2.2876633537266314E-003
         642   1.2610254011718891        2.2835245500555561E-003
         643   1.2601570613827502        2.2848590491444582E-003
         644   1.2607654784097007        2.2779309726206039E-003
         645   1.2591615775293010        2.2764338706837725E-003
         646   1.2493393184118069        2.2650696500748422E-003
         647   1.2498956721308621        2.2657776814339345E-003
         648   1.2464881145438258        2.2530165384539659E-003
         649   1.2459523147186433        2.2553701599591536E-003
         650   1.2411029436016330        2.2418966100570406E-003
         651   1.2451575396828327        2.2455405434265857E-003
         652   1.2380872379434411        2.2366825534059155E-003
         653   1.2383461282425665        2.2328829682915154E-003
         654   1.2326242342109801        2.2182935818289957E-003
         655   1.2320763118709273        2.2140246403272818E-003
         656   1.2300520059869953        2.2149810188309086E-003
         657   1.2284381915112670        2.2157225553513511E-003
         658   1.2280410304658500        2.2101869018431278E-003
         659   1.2229482570669141        2.2000561146636472E-003
         660   1.2218908276062321        2.1973695608305181E-003
         661   1.2197781565983485        2.1885501161278283E-003
         662   1.2187647187501631        2.1861690040867938E-003
         663   1.2139402929697622        2.1750616050632593E-003
         664   1.2148376025847893        2.1719758804541536E-003
         665   1.2134031069314559        2.1661982328609569E-003
         666   1.2065985212424359        2.1581255557242790E-003
         667   1.2034042065554722        2.1527650895149801E-003
         668   1.2018194710252994        2.1461416558561626E-003
         669   1.2026412923606900        2.1539995638622821E-003
         670   1.2005966693559265        2.1483922294841438E-003
         671   1.1988381377395676        2.1327597979045303E-003
         672   1.1956380342543040        2.1298341850743770E-003
         673   1.1940683176996554        2.1263292351414577E-003
         674   1.1923534024172802        2.1253661321127826E-003
         675   1.1882672760250974        2.1128734806979636E-003
         676   1.1829078940352329        2.1058340108785225E-003
         677   1.1830586221864661        2.1011163435574083E-003
         678   1.1786560641747648        2.0931171268896206E-003
         679   1.1779003954665050        2.0912396655741179E-003
         680   1.1769927177358275        2.0886148033728265E-003
         681   1.1774715185182973        2.0894031367815363E-003
         682   1.1661611560608633        2.0650386779583756E-003
         683   1.1690346969160779        2.0687429751443174E-003
         684   1.1663502377034138        2.0662345938580141E-003
         685   1.1678786924206936        2.0609960220956741E-003
         686   1.1652090597574489        2.0555922054755586E-003
         687   1.1601808270921870        2.0429432635804580E-003
         688   1.1596645070200793        2.0445751880178845E-003
         689   1.1529487540836765        2.0330303457890921E-003
         690   1.1546244763868139        2.0271076529217173E-003
         691   1.1517901700776612        2.0243271607935523E-003
         692   1.1474028537313377        2.0171455543729934E-003
         693   1.1469821586003952        2.0146562252272636E-003
         694   1.1440210140504514        2.0093911763057245E-003
         695   1.1447491597712136        2.0032241615803386E-003
         696   1.1383268605097889        1.9969027197656742E-003
         697   1.1366782952329195        1.9942826221916107E-003
         698   1.1306929373677497        1.9819881468064009E-003
         699   1.1294814118683791        1.9765526142962453E-003
         700   1.1284589834893008        1.9747588040499179E-003
         701   1.1259695709846227        1.9644468171146181E-003
         702   1.1193985382548839        1.9535523594967075E-003
         703   1.1234685771211144        1.9601170662437474E-003
         704   1.1172902019192574        1.9515137755022019E-003
         705   1.1175381819523214        1.9521199475700385E-003
         706   1.1134721096413343        1.9376804577081080E-003
         707   1.1074907080524272        1.9254954358677301E-003
         708   1.1098099847843492        1.9288697603765373E-003
         709   1.1069005261984852        1.9238069565214841E-003
         710   1.1040383437989310        1.9154654304041404E-003
         711   1.0998719321902897        1.9109418396596682E-003
         712   1.0911409002616754        1.8954280883150801E-003
         713   1.0949315225995928        1.8953937309122584E-003
         714   1.0913780416133250        1.8882354285506542E-003
         715   1.0905724477745287        1.8841852020107651E-003
         716   1.0868567309977430        1.8785391674899774E-003
         717   1.0803402202345107        1.8698008035901675E-003
         718   1.0834723005388367        1.8698337243750745E-003
         719   1.0787340983276978        1.8576815605534935E-003
         720   1.0777707611348113        1.8533609131315091E-003
         721   1.0730625938579992        1.8434723293036738E-003
         722   1.0733552380049405        1.8417772101919213E-003
         723   1.0693568906392001        1.8350882583423151E-003
         724   1.0647914983494389        1.8288909691475583E-003
         725   1.0656723400564452        1.8262964874328263E-003
         726   1.0626664483435393        1.8164026240104442E-003
         727   1.0595535918950518        1.8127977226721134E-003
         728   1.0568433490907141        1.8025857546966947E-003
         729   1.0529672199064350        1.7968682789224492E-003
         730   1.0494063516796941        1.7904295980587755E-003
         731   1.0464397222039532        1.7861006349761479E-003
         732   1.0434855832120113        1.7778087186314472E-003
         733   1.0419591997667543        1.7731279332750939E-003
         734   1.0350942118658588        1.7589685874412038E-003
         735   1.0342880647541188        1.7622234421877470E-003
         736   1.0333598948823772        1.7531775039111269E-003
         737   1.0301089892428001        1.7455106695281177E-003
         738   1.0251169670067497        1.7369449982788741E-003
         739   1.0207997454990536        1.7259974620844614E-003
         740   1.0185291031010291        1.7214819900505027E-003
         741   1.0153107932059724        1.7204744436235010E-003
         742   1.0127022718362582        1.7098560920361307E-003
         743   1.0095495174756342        1.7046129470959955E-003
         744   1.0045597370500701        1.6932722251182448E-003
         745   1.0044962252769996        1.6904153464465080E-003
         746   1.0049647747844561        1.6873616974556816E-003
         747  0.99852600863588081        1.6791605903716548E-003
         748  0.99842672343056005        1.6752565005063683E-003
         749  0.98968975651181901        1.6629216526869888E-003
         750  0.98610126877809678        1.6520790012677482E-003
         751  0.98397390863130219        1.6508575368995900E-003
         752  0.98218735692271864        1.6471209318607777E-003
         753  0.97802025126687853        1.6342192243494998E-003
         754  0.97865753283971668        1.6366797127062703E-003
         755  0.97403134367571309        1.6259613290394437E-003
         756  0.97139043537726977        1.6173754612212315E-003
         757  0.96486355211758423        1.6073791534869097E-003
         758  0.96265373331324222        1.6008496491950232E-003
         759  0.95939591462120954        1.5940099446885964E-003
         760  0.95690608681111367        1.5873783264105919E-003
         761  0.95429249796345827        1.5819581641174168E-003
         762  0.94801886944836000        1.5711352770228842E-003
         763  0.94873931035797476        1.5649339083818772E-003
         764  0.94432199337409384        1.5604597945308371E-003
         765  0.93917918251211985        1.5501334828028136E-003
         766  0.93478989881208496        1.5401270988991032E-003
         767  0.93231420191060077        1.5397342257523318E-003
         768  0.93012011383484172        1.5269612120239926E-003
         769  0.92356082827150487        1.5168363158358743E-003
         770  0.92352695797627926        1.5144860397384753E-003
         771  0.92024108226070489        1.5115039636462622E-003
         772  0.91660803587832562        1.5035822097355987E-003
         773  0.90974922034538586        1.4896866141189638E-003
         774  0.90806920110623679        1.4824934269261417E-003
         775  0.90517519831600057        1.4787669650040199E-003
         776  0.90129977585956589        1.4707849055445241E-003
         777  0.89514613949355226        1.4599364222967846E-003
         778  0.89455529217134733        1.4561890581575620E-003
         779  0.89280431208218158        1.4500906785889776E-003
         780  0.88538843807683854        1.4382025019203932E-003
         781  0.88153866606488807        1.4295748024151739E-003
         782  0.87876867980855844        1.4233789625563034E-003
         783  0.87582601143313343        1.4189547480025577E-003
         784  0.87158852012878396        1.4079917312129102E-003
         785  0.86601105715493187        1.3952953943199816E-003
         786  0.86273224708056451        1.3906282037344114E-003
         787  0.85942623251668249        1.3842998352266401E-003
         788  0.85475074376637150        1.3738085701026654E-003
         789  0.85115597749401251        1.3660293588267139E-003
         790  0.84785564961690796        1.3595758388461521E-003
         791  0.84393914355772293        1.3506807662548991E-003
         792  0.83817079162314412        1.3460340708888166E-003
         793  0.83598021867146943        1.3347945280053337E-003
         794  0.83277987116452368        1.3270653162491661E-003
         795  0.82883272254998275        1.3185699752214387E-003
         796  0.82425692860435773        1.3088293672647861E-003
         797  0.81793970988771814        1.3018175728930002E-003
         798  0.81394451762796483        1.2938365625229939E-003
         799  0.80892665281994369        1.2772445770599986E-003
         800  0.80144671508343257        1.2708948694109938E-003
