# x, rho, T
# CSV format for plotting
# x,rho,T
  0.00000000E+00,  0.50000000E+00,  0.40000000E+01
  0.12500000E-02,  0.50017500E+00,  0.39972000E+01
  0.25000000E-02,  0.50035037E+00,  0.39943981E+01
  0.37500000E-02,  0.50052573E+00,  0.39915962E+01
  0.50000000E-02,  0.50070147E+00,  0.39887923E+01
  0.62500000E-02,  0.50087721E+00,  0.39859884E+01
  0.75000000E-02,  0.50105331E+00,  0.39831825E+01
  0.87500000E-02,  0.50122942E+00,  0.39803766E+01
  0.10000000E-01,  0.50140590E+00,  0.39775687E+01
  0.11250000E-01,  0.50158238E+00,  0.39747609E+01
  0.12500000E-01,  0.50175924E+00,  0.39719510E+01
  0.13750000E-01,  0.50193609E+00,  0.39691411E+01
  0.15000000E-01,  0.50211332E+00,  0.39663293E+01
  0.16250000E-01,  0.50229055E+00,  0.39635174E+01
  0.17500000E-01,  0.50246816E+00,  0.39607036E+01
  0.18750000E-01,  0.50264577E+00,  0.39578897E+01
  0.20000000E-01,  0.50282375E+00,  0.39550739E+01
  0.21250000E-01,  0.50300174E+00,  0.39522580E+01
  0.22500000E-01,  0.50318010E+00,  0.39494401E+01
  0.23750000E-01,  0.50335847E+00,  0.39466222E+01
  0.25000000E-01,  0.50353722E+00,  0.39438023E+01
  0.26250000E-01,  0.50371597E+00,  0.39409823E+01
  0.27500000E-01,  0.50389510E+00,  0.39381604E+01
  0.28750000E-01,  0.50407423E+00,  0.39353384E+01
  0.30000000E-01,  0.50425374E+00,  0.39325145E+01
  0.31250000E-01,  0.50443326E+00,  0.39296904E+01
  0.32500000E-01,  0.50461316E+00,  0.39268644E+01
  0.33750000E-01,  0.50479307E+00,  0.39240384E+01
  0.35000000E-01,  0.50497335E+00,  0.39212103E+01
  0.36250000E-01,  0.50515365E+00,  0.39183822E+01
  0.37500000E-01,  0.50533432E+00,  0.39155520E+01
  0.38750000E-01,  0.50551501E+00,  0.39127218E+01
  0.40000000E-01,  0.50569608E+00,  0.39098896E+01
  0.41250000E-01,  0.50587715E+00,  0.39070574E+01
  0.42500000E-01,  0.50605861E+00,  0.39042231E+01
  0.43750000E-01,  0.50624008E+00,  0.39013887E+01
  0.45000000E-01,  0.50642193E+00,  0.38985524E+01
  0.46250000E-01,  0.50660380E+00,  0.38957159E+01
  0.47500000E-01,  0.50678605E+00,  0.38928775E+01
  0.48750000E-01,  0.50696831E+00,  0.38900389E+01
  0.50000000E-01,  0.50715095E+00,  0.38871984E+01
  0.51250000E-01,  0.50733361E+00,  0.38843577E+01
  0.52500000E-01,  0.50751666E+00,  0.38815151E+01
  0.53750000E-01,  0.50769972E+00,  0.38786723E+01
  0.55000000E-01,  0.50788316E+00,  0.38758275E+01
  0.56250000E-01,  0.50806662E+00,  0.38729827E+01
  0.57500000E-01,  0.50825047E+00,  0.38701358E+01
  0.58750000E-01,  0.50843433E+00,  0.38672888E+01
  0.60000000E-01,  0.50861858E+00,  0.38644398E+01
  0.61250000E-01,  0.50880285E+00,  0.38615906E+01
  0.62500000E-01,  0.50898751E+00,  0.38587395E+01
  0.63750000E-01,  0.50917218E+00,  0.38558882E+01
  0.65000000E-01,  0.50935725E+00,  0.38530349E+01
  0.66250000E-01,  0.50954233E+00,  0.38501815E+01
  0.67500000E-01,  0.50972780E+00,  0.38473260E+01
  0.68750000E-01,  0.50991330E+00,  0.38444704E+01
  0.70000000E-01,  0.51009918E+00,  0.38416128E+01
  0.71250000E-01,  0.51028509E+00,  0.38387550E+01
  0.72500000E-01,  0.51047138E+00,  0.38358952E+01
  0.73750000E-01,  0.51065770E+00,  0.38330353E+01
  0.75000000E-01,  0.51084441E+00,  0.38301733E+01
  0.76250000E-01,  0.51103114E+00,  0.38273112E+01
  0.77500000E-01,  0.51121827E+00,  0.38244470E+01
  0.78750000E-01,  0.51140542E+00,  0.38215827E+01
  0.80000000E-01,  0.51159296E+00,  0.38187164E+01
  0.81250000E-01,  0.51178053E+00,  0.38158499E+01
  0.82500000E-01,  0.51196850E+00,  0.38129813E+01
  0.83750000E-01,  0.51215649E+00,  0.38101126E+01
  0.85000000E-01,  0.51234487E+00,  0.38072418E+01
  0.86250000E-01,  0.51253328E+00,  0.38043709E+01
  0.87500000E-01,  0.51272209E+00,  0.38014979E+01
  0.88750000E-01,  0.51291093E+00,  0.37986248E+01
  0.90000000E-01,  0.51310016E+00,  0.37957495E+01
  0.91250000E-01,  0.51328942E+00,  0.37928742E+01
  0.92500000E-01,  0.51347908E+00,  0.37899967E+01
  0.93750000E-01,  0.51366877E+00,  0.37871191E+01
  0.95000000E-01,  0.51385886E+00,  0.37842393E+01
  0.96250000E-01,  0.51404898E+00,  0.37813595E+01
  0.97500000E-01,  0.51423949E+00,  0.37784775E+01
  0.98750000E-01,  0.51443005E+00,  0.37755954E+01
  0.10000000E+00,  0.51462099E+00,  0.37727111E+01
  0.10125000E+00,  0.51481198E+00,  0.37698268E+01
  0.10250000E+00,  0.51500336E+00,  0.37669402E+01
  0.10375000E+00,  0.51519478E+00,  0.37640536E+01
  0.10500000E+00,  0.51538660E+00,  0.37611648E+01
  0.10625000E+00,  0.51557846E+00,  0.37582759E+01
  0.10750000E+00,  0.51577072E+00,  0.37553848E+01
  0.10875000E+00,  0.51596301E+00,  0.37524935E+01
  0.11000000E+00,  0.51615571E+00,  0.37496001E+01
  0.11125000E+00,  0.51634845E+00,  0.37467066E+01
  0.11250000E+00,  0.51654159E+00,  0.37438109E+01
  0.11375000E+00,  0.51673477E+00,  0.37409151E+01
  0.11500000E+00,  0.51692835E+00,  0.37380171E+01
  0.11625000E+00,  0.51712197E+00,  0.37351189E+01
  0.11750000E+00,  0.51731600E+00,  0.37322185E+01
  0.11875000E+00,  0.51751007E+00,  0.37293181E+01
  0.12000000E+00,  0.51770455E+00,  0.37264154E+01
  0.12125000E+00,  0.51789907E+00,  0.37235125E+01
  0.12250000E+00,  0.51809400E+00,  0.37206075E+01
  0.12375000E+00,  0.51828897E+00,  0.37177023E+01
  0.12500000E+00,  0.51848435E+00,  0.37147950E+01
  0.12625000E+00,  0.51867977E+00,  0.37118874E+01
  0.12750000E+00,  0.51887560E+00,  0.37089777E+01
  0.12875000E+00,  0.51907148E+00,  0.37060678E+01
  0.13000000E+00,  0.51926776E+00,  0.37031557E+01
  0.13125000E+00,  0.51946410E+00,  0.37002434E+01
  0.13250000E+00,  0.51966084E+00,  0.36973289E+01
  0.13375000E+00,  0.51985764E+00,  0.36944143E+01
  0.13500000E+00,  0.52005484E+00,  0.36914974E+01
  0.13625000E+00,  0.52025210E+00,  0.36885803E+01
  0.13750000E+00,  0.52044976E+00,  0.36856611E+01
  0.13875000E+00,  0.52064748E+00,  0.36827416E+01
  0.14000000E+00,  0.52084561E+00,  0.36798199E+01
  0.14125000E+00,  0.52104379E+00,  0.36768980E+01
  0.14250000E+00,  0.52124239E+00,  0.36739739E+01
  0.14375000E+00,  0.52144104E+00,  0.36710496E+01
  0.14500000E+00,  0.52164010E+00,  0.36681231E+01
  0.14625000E+00,  0.52183922E+00,  0.36651963E+01
  0.14750000E+00,  0.52203875E+00,  0.36622674E+01
  0.14875000E+00,  0.52223834E+00,  0.36593382E+01
  0.15000000E+00,  0.52243835E+00,  0.36564068E+01
  0.15125000E+00,  0.52263841E+00,  0.36534751E+01
  0.15250000E+00,  0.52283889E+00,  0.36505413E+01
  0.15375000E+00,  0.52303943E+00,  0.36476072E+01
  0.15500000E+00,  0.52324039E+00,  0.36446708E+01
  0.15625000E+00,  0.52344140E+00,  0.36417343E+01
  0.15750000E+00,  0.52364284E+00,  0.36387954E+01
  0.15875000E+00,  0.52384434E+00,  0.36358564E+01
  0.16000000E+00,  0.52404625E+00,  0.36329151E+01
  0.16125000E+00,  0.52424823E+00,  0.36299735E+01
  0.16250000E+00,  0.52445063E+00,  0.36270297E+01
  0.16375000E+00,  0.52465309E+00,  0.36240857E+01
  0.16500000E+00,  0.52485598E+00,  0.36211393E+01
  0.16625000E+00,  0.52505893E+00,  0.36181928E+01
  0.16750000E+00,  0.52526230E+00,  0.36152439E+01
  0.16875000E+00,  0.52546574E+00,  0.36122948E+01
  0.17000000E+00,  0.52566960E+00,  0.36093435E+01
  0.17125000E+00,  0.52587353E+00,  0.36063918E+01
  0.17250000E+00,  0.52607789E+00,  0.36034379E+01
  0.17375000E+00,  0.52628231E+00,  0.36004838E+01
  0.17500000E+00,  0.52648716E+00,  0.35975273E+01
  0.17625000E+00,  0.52669208E+00,  0.35945706E+01
  0.17750000E+00,  0.52689743E+00,  0.35916116E+01
  0.17875000E+00,  0.52710284E+00,  0.35886523E+01
  0.18000000E+00,  0.52730869E+00,  0.35856907E+01
  0.18125000E+00,  0.52751461E+00,  0.35827288E+01
  0.18250000E+00,  0.52772095E+00,  0.35797646E+01
  0.18375000E+00,  0.52792737E+00,  0.35768002E+01
  0.18500000E+00,  0.52813422E+00,  0.35738334E+01
  0.18625000E+00,  0.52834115E+00,  0.35708663E+01
  0.18750000E+00,  0.52854851E+00,  0.35678970E+01
  0.18875000E+00,  0.52875594E+00,  0.35649273E+01
  0.19000000E+00,  0.52896380E+00,  0.35619553E+01
  0.19125000E+00,  0.52917174E+00,  0.35589830E+01
  0.19250000E+00,  0.52938012E+00,  0.35560084E+01
  0.19375000E+00,  0.52958857E+00,  0.35530335E+01
  0.19500000E+00,  0.52979746E+00,  0.35500562E+01
  0.19625000E+00,  0.53000643E+00,  0.35470787E+01
  0.19750000E+00,  0.53021584E+00,  0.35440988E+01
  0.19875000E+00,  0.53042532E+00,  0.35411186E+01
  0.20000000E+00,  0.53063525E+00,  0.35381360E+01
  0.20125000E+00,  0.53084525E+00,  0.35351531E+01
  0.20250000E+00,  0.53105570E+00,  0.35321679E+01
  0.20375000E+00,  0.53126623E+00,  0.35291823E+01
  0.20500000E+00,  0.53147719E+00,  0.35261944E+01
  0.20625000E+00,  0.53168825E+00,  0.35232062E+01
  0.20750000E+00,  0.53189974E+00,  0.35202156E+01
  0.20875000E+00,  0.53211132E+00,  0.35172246E+01
  0.21000000E+00,  0.53232334E+00,  0.35142313E+01
  0.21125000E+00,  0.53253545E+00,  0.35112376E+01
  0.21250000E+00,  0.53274800E+00,  0.35082416E+01
  0.21375000E+00,  0.53296064E+00,  0.35052452E+01
  0.21500000E+00,  0.53317373E+00,  0.35022465E+01
  0.21625000E+00,  0.53338691E+00,  0.34992473E+01
  0.21750000E+00,  0.53360053E+00,  0.34962458E+01
  0.21875000E+00,  0.53381424E+00,  0.34932440E+01
  0.22000000E+00,  0.53402840E+00,  0.34902397E+01
  0.22125000E+00,  0.53424266E+00,  0.34872351E+01
  0.22250000E+00,  0.53445736E+00,  0.34842281E+01
  0.22375000E+00,  0.53467215E+00,  0.34812207E+01
  0.22500000E+00,  0.53488740E+00,  0.34782109E+01
  0.22625000E+00,  0.53510274E+00,  0.34752007E+01
  0.22750000E+00,  0.53531853E+00,  0.34721881E+01
  0.22875000E+00,  0.53553442E+00,  0.34691751E+01
  0.23000000E+00,  0.53575076E+00,  0.34661597E+01
  0.23125000E+00,  0.53596720E+00,  0.34631439E+01
  0.23250000E+00,  0.53618410E+00,  0.34601257E+01
  0.23375000E+00,  0.53640109E+00,  0.34571071E+01
  0.23500000E+00,  0.53661854E+00,  0.34540861E+01
  0.23625000E+00,  0.53683609E+00,  0.34510647E+01
  0.23750000E+00,  0.53705409E+00,  0.34480408E+01
  0.23875000E+00,  0.53727220E+00,  0.34450165E+01
  0.24000000E+00,  0.53749077E+00,  0.34419898E+01
  0.24125000E+00,  0.53770944E+00,  0.34389626E+01
  0.24250000E+00,  0.53792857E+00,  0.34359330E+01
  0.24375000E+00,  0.53814780E+00,  0.34329030E+01
  0.24500000E+00,  0.53836750E+00,  0.34298706E+01
  0.24625000E+00,  0.53858730E+00,  0.34268377E+01
  0.24750000E+00,  0.53880756E+00,  0.34238023E+01
  0.24875000E+00,  0.53902793E+00,  0.34207665E+01
  0.25000000E+00,  0.53924877E+00,  0.34177283E+01
  0.25125000E+00,  0.53946971E+00,  0.34146896E+01
  0.25250000E+00,  0.53969112E+00,  0.34116484E+01
  0.25375000E+00,  0.53991264E+00,  0.34086068E+01
  0.25500000E+00,  0.54013463E+00,  0.34055626E+01
  0.25625000E+00,  0.54035673E+00,  0.34025181E+01
  0.25750000E+00,  0.54057930E+00,  0.33994710E+01
  0.25875000E+00,  0.54080198E+00,  0.33964235E+01
  0.26000000E+00,  0.54102513E+00,  0.33933735E+01
  0.26125000E+00,  0.54124840E+00,  0.33903230E+01
  0.26250000E+00,  0.54147213E+00,  0.33872701E+01
  0.26375000E+00,  0.54169599E+00,  0.33842166E+01
  0.26500000E+00,  0.54192031E+00,  0.33811606E+01
  0.26625000E+00,  0.54214476E+00,  0.33781042E+01
  0.26750000E+00,  0.54236968E+00,  0.33750452E+01
  0.26875000E+00,  0.54259471E+00,  0.33719858E+01
  0.27000000E+00,  0.54282023E+00,  0.33689238E+01
  0.27125000E+00,  0.54304586E+00,  0.33658614E+01
  0.27250000E+00,  0.54327197E+00,  0.33627964E+01
  0.27375000E+00,  0.54349821E+00,  0.33597309E+01
  0.27500000E+00,  0.54372492E+00,  0.33566628E+01
  0.27625000E+00,  0.54395176E+00,  0.33535943E+01
  0.27750000E+00,  0.54417908E+00,  0.33505232E+01
  0.27875000E+00,  0.54440652E+00,  0.33474516E+01
  0.28000000E+00,  0.54463445E+00,  0.33443774E+01
  0.28125000E+00,  0.54486250E+00,  0.33413028E+01
  0.28250000E+00,  0.54509103E+00,  0.33382255E+01
  0.28375000E+00,  0.54531970E+00,  0.33351478E+01
  0.28500000E+00,  0.54554885E+00,  0.33320674E+01
  0.28625000E+00,  0.54577813E+00,  0.33289865E+01
  0.28750000E+00,  0.54600790E+00,  0.33259031E+01
  0.28875000E+00,  0.54623780E+00,  0.33228191E+01
  0.29000000E+00,  0.54646819E+00,  0.33197325E+01
  0.29125000E+00,  0.54669871E+00,  0.33166454E+01
  0.29250000E+00,  0.54692972E+00,  0.33135557E+01
  0.29375000E+00,  0.54716087E+00,  0.33104654E+01
  0.29500000E+00,  0.54739251E+00,  0.33073726E+01
  0.29625000E+00,  0.54762428E+00,  0.33042791E+01
  0.29750000E+00,  0.54785655E+00,  0.33011831E+01
  0.29875000E+00,  0.54808896E+00,  0.32980865E+01
  0.30000000E+00,  0.54832186E+00,  0.32949872E+01
  0.30125000E+00,  0.54855491E+00,  0.32918874E+01
  0.30250000E+00,  0.54878845E+00,  0.32887850E+01
  0.30375000E+00,  0.54902213E+00,  0.32856820E+01
  0.30500000E+00,  0.54925631E+00,  0.32825763E+01
  0.30625000E+00,  0.54949064E+00,  0.32794701E+01
  0.30750000E+00,  0.54972546E+00,  0.32763612E+01
  0.30875000E+00,  0.54996043E+00,  0.32732517E+01
  0.31000000E+00,  0.55019590E+00,  0.32701396E+01
  0.31125000E+00,  0.55043152E+00,  0.32670269E+01
  0.31250000E+00,  0.55066765E+00,  0.32639115E+01
  0.31375000E+00,  0.55090392E+00,  0.32607955E+01
  0.31500000E+00,  0.55114069E+00,  0.32576768E+01
  0.31625000E+00,  0.55137762E+00,  0.32545575E+01
  0.31750000E+00,  0.55161506E+00,  0.32514356E+01
  0.31875000E+00,  0.55185265E+00,  0.32483130E+01
  0.32000000E+00,  0.55209074E+00,  0.32451877E+01
  0.32125000E+00,  0.55232900E+00,  0.32420618E+01
  0.32250000E+00,  0.55256776E+00,  0.32389332E+01
  0.32375000E+00,  0.55280668E+00,  0.32358039E+01
  0.32500000E+00,  0.55304611E+00,  0.32326720E+01
  0.32625000E+00,  0.55328570E+00,  0.32295394E+01
  0.32750000E+00,  0.55352580E+00,  0.32264040E+01
  0.32875000E+00,  0.55376607E+00,  0.32232681E+01
  0.33000000E+00,  0.55400684E+00,  0.32201294E+01
  0.33125000E+00,  0.55424779E+00,  0.32169900E+01
  0.33250000E+00,  0.55448925E+00,  0.32138479E+01
  0.33375000E+00,  0.55473087E+00,  0.32107052E+01
  0.33500000E+00,  0.55497301E+00,  0.32075597E+01
  0.33625000E+00,  0.55521532E+00,  0.32044135E+01
  0.33750000E+00,  0.55545815E+00,  0.32012646E+01
  0.33875000E+00,  0.55570115E+00,  0.31981149E+01
  0.34000000E+00,  0.55594467E+00,  0.31949626E+01
  0.34125000E+00,  0.55618837E+00,  0.31918095E+01
  0.34250000E+00,  0.55643258E+00,  0.31886537E+01
  0.34375000E+00,  0.55667698E+00,  0.31854971E+01
  0.34500000E+00,  0.55692189E+00,  0.31823378E+01
  0.34625000E+00,  0.55716698E+00,  0.31791777E+01
  0.34750000E+00,  0.55741260E+00,  0.31760149E+01
  0.34875000E+00,  0.55765840E+00,  0.31728514E+01
  0.35000000E+00,  0.55790472E+00,  0.31696851E+01
  0.35125000E+00,  0.55815123E+00,  0.31665180E+01
  0.35250000E+00,  0.55839826E+00,  0.31633481E+01
  0.35375000E+00,  0.55864548E+00,  0.31601775E+01
  0.35500000E+00,  0.55889324E+00,  0.31570041E+01
  0.35625000E+00,  0.55914117E+00,  0.31538299E+01
  0.35750000E+00,  0.55938964E+00,  0.31506529E+01
  0.35875000E+00,  0.55963830E+00,  0.31474752E+01
  0.36000000E+00,  0.55988749E+00,  0.31442946E+01
  0.36125000E+00,  0.56013688E+00,  0.31411132E+01
  0.36250000E+00,  0.56038680E+00,  0.31379290E+01
  0.36375000E+00,  0.56063691E+00,  0.31347441E+01
  0.36500000E+00,  0.56088756E+00,  0.31315562E+01
  0.36625000E+00,  0.56113841E+00,  0.31283676E+01
  0.36750000E+00,  0.56138980E+00,  0.31251762E+01
  0.36875000E+00,  0.56164138E+00,  0.31219839E+01
  0.37000000E+00,  0.56189351E+00,  0.31187888E+01
  0.37125000E+00,  0.56214584E+00,  0.31155928E+01
  0.37250000E+00,  0.56239871E+00,  0.31123940E+01
  0.37375000E+00,  0.56265178E+00,  0.31091944E+01
  0.37500000E+00,  0.56290540E+00,  0.31059919E+01
  0.37625000E+00,  0.56315923E+00,  0.31027885E+01
  0.37750000E+00,  0.56341360E+00,  0.30995823E+01
  0.37875000E+00,  0.56366818E+00,  0.30963752E+01
  0.38000000E+00,  0.56392331E+00,  0.30931652E+01
  0.38125000E+00,  0.56417865E+00,  0.30899544E+01
  0.38250000E+00,  0.56443455E+00,  0.30867407E+01
  0.38375000E+00,  0.56469065E+00,  0.30835261E+01
  0.38500000E+00,  0.56494731E+00,  0.30803085E+01
  0.38625000E+00,  0.56520418E+00,  0.30770901E+01
  0.38750000E+00,  0.56546161E+00,  0.30738688E+01
  0.38875000E+00,  0.56571926E+00,  0.30706466E+01
  0.39000000E+00,  0.56597747E+00,  0.30674214E+01
  0.39125000E+00,  0.56623589E+00,  0.30641954E+01
  0.39250000E+00,  0.56649488E+00,  0.30609664E+01
  0.39375000E+00,  0.56675408E+00,  0.30577365E+01
  0.39500000E+00,  0.56701385E+00,  0.30545036E+01
  0.39625000E+00,  0.56727385E+00,  0.30512698E+01
  0.39750000E+00,  0.56753441E+00,  0.30480331E+01
  0.39875000E+00,  0.56779520E+00,  0.30447954E+01
  0.40000000E+00,  0.56805655E+00,  0.30415548E+01
  0.40125000E+00,  0.56831813E+00,  0.30383132E+01
  0.40250000E+00,  0.56858029E+00,  0.30350686E+01
  0.40375000E+00,  0.56884267E+00,  0.30318230E+01
  0.40500000E+00,  0.56910563E+00,  0.30285745E+01
  0.40625000E+00,  0.56936882E+00,  0.30253250E+01
  0.40750000E+00,  0.56963259E+00,  0.30220725E+01
  0.40875000E+00,  0.56989659E+00,  0.30188190E+01
  0.41000000E+00,  0.57016117E+00,  0.30155625E+01
  0.41125000E+00,  0.57042599E+00,  0.30123050E+01
  0.41250000E+00,  0.57069139E+00,  0.30090445E+01
  0.41375000E+00,  0.57095703E+00,  0.30057830E+01
  0.41500000E+00,  0.57122325E+00,  0.30025184E+01
  0.41625000E+00,  0.57148972E+00,  0.29992528E+01
  0.41750000E+00,  0.57175677E+00,  0.29959842E+01
  0.41875000E+00,  0.57202407E+00,  0.29927146E+01
  0.42000000E+00,  0.57229196E+00,  0.29894419E+01
  0.42125000E+00,  0.57256009E+00,  0.29861681E+01
  0.42250000E+00,  0.57282882E+00,  0.29828913E+01
  0.42375000E+00,  0.57309779E+00,  0.29796135E+01
  0.42500000E+00,  0.57336736E+00,  0.29763325E+01
  0.42625000E+00,  0.57363719E+00,  0.29730505E+01
  0.42750000E+00,  0.57390761E+00,  0.29697654E+01
  0.42875000E+00,  0.57417828E+00,  0.29664792E+01
  0.43000000E+00,  0.57444956E+00,  0.29631900E+01
  0.43125000E+00,  0.57472109E+00,  0.29598996E+01
  0.43250000E+00,  0.57499322E+00,  0.29566061E+01
  0.43375000E+00,  0.57526562E+00,  0.29533116E+01
  0.43500000E+00,  0.57553862E+00,  0.29500139E+01
  0.43625000E+00,  0.57581189E+00,  0.29467150E+01
  0.43750000E+00,  0.57608576E+00,  0.29434131E+01
  0.43875000E+00,  0.57635990E+00,  0.29401100E+01
  0.44000000E+00,  0.57663465E+00,  0.29368038E+01
  0.44125000E+00,  0.57690967E+00,  0.29334964E+01
  0.44250000E+00,  0.57718530E+00,  0.29301859E+01
  0.44375000E+00,  0.57746121E+00,  0.29268742E+01
  0.44500000E+00,  0.57773773E+00,  0.29235594E+01
  0.44625000E+00,  0.57801452E+00,  0.29202433E+01
  0.44750000E+00,  0.57829193E+00,  0.29169241E+01
  0.44875000E+00,  0.57856963E+00,  0.29136038E+01
  0.45000000E+00,  0.57884794E+00,  0.29102802E+01
  0.45125000E+00,  0.57912654E+00,  0.29069554E+01
  0.45250000E+00,  0.57940575E+00,  0.29036274E+01
  0.45375000E+00,  0.57968526E+00,  0.29002982E+01
  0.45500000E+00,  0.57996539E+00,  0.28969658E+01
  0.45625000E+00,  0.58024581E+00,  0.28936322E+01
  0.45750000E+00,  0.58052685E+00,  0.28902953E+01
  0.45875000E+00,  0.58080819E+00,  0.28869572E+01
  0.46000000E+00,  0.58109016E+00,  0.28836159E+01
  0.46125000E+00,  0.58137243E+00,  0.28802733E+01
  0.46250000E+00,  0.58165533E+00,  0.28769274E+01
  0.46375000E+00,  0.58193853E+00,  0.28735803E+01
  0.46500000E+00,  0.58222236E+00,  0.28702299E+01
  0.46625000E+00,  0.58250650E+00,  0.28668783E+01
  0.46750000E+00,  0.58279127E+00,  0.28635233E+01
  0.46875000E+00,  0.58307635E+00,  0.28601671E+01
  0.47000000E+00,  0.58336208E+00,  0.28568075E+01
  0.47125000E+00,  0.58364811E+00,  0.28534467E+01
  0.47250000E+00,  0.58393479E+00,  0.28500825E+01
  0.47375000E+00,  0.58422178E+00,  0.28467171E+01
  0.47500000E+00,  0.58450942E+00,  0.28433483E+01
  0.47625000E+00,  0.58479737E+00,  0.28399781E+01
  0.47750000E+00,  0.58508598E+00,  0.28366046E+01
  0.47875000E+00,  0.58537490E+00,  0.28332298E+01
  0.48000000E+00,  0.58566448E+00,  0.28298516E+01
  0.48125000E+00,  0.58595438E+00,  0.28264721E+01
  0.48250000E+00,  0.58624494E+00,  0.28230892E+01
  0.48375000E+00,  0.58653583E+00,  0.28197049E+01
  0.48500000E+00,  0.58682738E+00,  0.28163172E+01
  0.48625000E+00,  0.58711925E+00,  0.28129281E+01
  0.48750000E+00,  0.58741179E+00,  0.28095357E+01
  0.48875000E+00,  0.58770466E+00,  0.28061418E+01
  0.49000000E+00,  0.58799820E+00,  0.28027445E+01
  0.49125000E+00,  0.58829208E+00,  0.27993458E+01
  0.49250000E+00,  0.58858663E+00,  0.27959436E+01
  0.49375000E+00,  0.58888152E+00,  0.27925401E+01
  0.49500000E+00,  0.58917708E+00,  0.27891330E+01
  0.49625000E+00,  0.58947298E+00,  0.27857246E+01
  0.49750000E+00,  0.58976957E+00,  0.27823126E+01
  0.49875000E+00,  0.59006650E+00,  0.27788992E+01
  0.50000000E+00,  0.59036411E+00,  0.27754823E+01
  0.50125000E+00,  0.59066207E+00,  0.27720640E+01
  0.50250000E+00,  0.59096072E+00,  0.27686421E+01
  0.50375000E+00,  0.59125972E+00,  0.27652187E+01
  0.50500000E+00,  0.59155941E+00,  0.27617919E+01
  0.50625000E+00,  0.59185946E+00,  0.27583635E+01
  0.50750000E+00,  0.59216020E+00,  0.27549316E+01
  0.50875000E+00,  0.59246130E+00,  0.27514981E+01
  0.51000000E+00,  0.59276310E+00,  0.27480611E+01
  0.51125000E+00,  0.59306526E+00,  0.27446226E+01
  0.51250000E+00,  0.59336812E+00,  0.27411805E+01
  0.51375000E+00,  0.59367136E+00,  0.27377368E+01
  0.51500000E+00,  0.59397529E+00,  0.27342896E+01
  0.51625000E+00,  0.59427960E+00,  0.27308408E+01
  0.51750000E+00,  0.59458461E+00,  0.27273884E+01
  0.51875000E+00,  0.59489001E+00,  0.27239344E+01
  0.52000000E+00,  0.59519611E+00,  0.27204768E+01
  0.52125000E+00,  0.59550260E+00,  0.27170175E+01
  0.52250000E+00,  0.59580979E+00,  0.27135547E+01
  0.52375000E+00,  0.59611738E+00,  0.27100902E+01
  0.52500000E+00,  0.59642568E+00,  0.27066221E+01
  0.52625000E+00,  0.59673438E+00,  0.27031523E+01
  0.52750000E+00,  0.59704379E+00,  0.26996788E+01
  0.52875000E+00,  0.59735360E+00,  0.26962037E+01
  0.53000000E+00,  0.59766414E+00,  0.26927249E+01
  0.53125000E+00,  0.59797507E+00,  0.26892444E+01
  0.53250000E+00,  0.59828673E+00,  0.26857603E+01
  0.53375000E+00,  0.59859880E+00,  0.26822744E+01
  0.53500000E+00,  0.59891160E+00,  0.26787848E+01
  0.53625000E+00,  0.59922481E+00,  0.26752934E+01
  0.53750000E+00,  0.59953875E+00,  0.26717984E+01
  0.53875000E+00,  0.59985311E+00,  0.26683016E+01
  0.54000000E+00,  0.60016820E+00,  0.26648010E+01
  0.54125000E+00,  0.60048372E+00,  0.26612987E+01
  0.54250000E+00,  0.60079998E+00,  0.26577927E+01
  0.54375000E+00,  0.60111666E+00,  0.26542848E+01
  0.54500000E+00,  0.60143409E+00,  0.26507731E+01
  0.54625000E+00,  0.60175195E+00,  0.26472597E+01
  0.54750000E+00,  0.60207055E+00,  0.26437424E+01
  0.54875000E+00,  0.60238960E+00,  0.26402234E+01
  0.55000000E+00,  0.60270939E+00,  0.26367005E+01
  0.55125000E+00,  0.60302963E+00,  0.26331757E+01
  0.55250000E+00,  0.60335062E+00,  0.26296471E+01
  0.55375000E+00,  0.60367206E+00,  0.26261167E+01
  0.55500000E+00,  0.60399426E+00,  0.26225823E+01
  0.55625000E+00,  0.60431691E+00,  0.26190461E+01
  0.55750000E+00,  0.60464032E+00,  0.26155061E+01
  0.55875000E+00,  0.60496419E+00,  0.26119641E+01
  0.56000000E+00,  0.60528883E+00,  0.26084182E+01
  0.56125000E+00,  0.60561393E+00,  0.26048704E+01
  0.56250000E+00,  0.60593981E+00,  0.26013186E+01
  0.56375000E+00,  0.60626614E+00,  0.25977649E+01
  0.56500000E+00,  0.60659326E+00,  0.25942073E+01
  0.56625000E+00,  0.60692085E+00,  0.25906477E+01
  0.56750000E+00,  0.60724922E+00,  0.25870841E+01
  0.56875000E+00,  0.60757807E+00,  0.25835186E+01
  0.57000000E+00,  0.60790771E+00,  0.25799491E+01
  0.57125000E+00,  0.60823782E+00,  0.25763775E+01
  0.57250000E+00,  0.60856873E+00,  0.25728019E+01
  0.57375000E+00,  0.60890013E+00,  0.25692244E+01
  0.57500000E+00,  0.60923232E+00,  0.25656427E+01
  0.57625000E+00,  0.60956500E+00,  0.25620591E+01
  0.57750000E+00,  0.60989849E+00,  0.25584713E+01
  0.57875000E+00,  0.61023247E+00,  0.25548815E+01
  0.58000000E+00,  0.61056726E+00,  0.25512877E+01
  0.58125000E+00,  0.61090255E+00,  0.25476917E+01
  0.58250000E+00,  0.61123866E+00,  0.25440916E+01
  0.58375000E+00,  0.61157527E+00,  0.25404894E+01
  0.58500000E+00,  0.61191270E+00,  0.25368831E+01
  0.58625000E+00,  0.61225064E+00,  0.25332746E+01
  0.58750000E+00,  0.61258941E+00,  0.25296620E+01
  0.58875000E+00,  0.61292869E+00,  0.25260472E+01
  0.59000000E+00,  0.61326880E+00,  0.25224283E+01
  0.59125000E+00,  0.61360944E+00,  0.25188071E+01
  0.59250000E+00,  0.61395091E+00,  0.25151818E+01
  0.59375000E+00,  0.61429291E+00,  0.25115543E+01
  0.59500000E+00,  0.61463574E+00,  0.25079225E+01
  0.59625000E+00,  0.61497912E+00,  0.25042885E+01
  0.59750000E+00,  0.61532333E+00,  0.25006503E+01
  0.59875000E+00,  0.61566809E+00,  0.24970098E+01
  0.60000000E+00,  0.61601370E+00,  0.24933650E+01
  0.60125000E+00,  0.61635986E+00,  0.24897179E+01
  0.60250000E+00,  0.61670687E+00,  0.24860666E+01
  0.60375000E+00,  0.61705443E+00,  0.24824129E+01
  0.60500000E+00,  0.61740286E+00,  0.24787549E+01
  0.60625000E+00,  0.61775184E+00,  0.24750946E+01
  0.60750000E+00,  0.61810170E+00,  0.24714299E+01
  0.60875000E+00,  0.61845211E+00,  0.24677629E+01
  0.61000000E+00,  0.61880341E+00,  0.24640915E+01
  0.61125000E+00,  0.61915527E+00,  0.24604177E+01
  0.61250000E+00,  0.61950801E+00,  0.24567395E+01
  0.61375000E+00,  0.61986133E+00,  0.24530589E+01
  0.61500000E+00,  0.62021553E+00,  0.24493739E+01
  0.61625000E+00,  0.62057032E+00,  0.24456864E+01
  0.61750000E+00,  0.62092600E+00,  0.24419945E+01
  0.61875000E+00,  0.62128227E+00,  0.24383000E+01
  0.62000000E+00,  0.62163944E+00,  0.24346012E+01
  0.62125000E+00,  0.62199720E+00,  0.24308998E+01
  0.62250000E+00,  0.62235587E+00,  0.24271939E+01
  0.62375000E+00,  0.62271514E+00,  0.24234855E+01
  0.62500000E+00,  0.62307532E+00,  0.24197726E+01
  0.62625000E+00,  0.62343611E+00,  0.24160570E+01
  0.62750000E+00,  0.62379782E+00,  0.24123370E+01
  0.62875000E+00,  0.62416015E+00,  0.24086143E+01
  0.63000000E+00,  0.62452340E+00,  0.24048871E+01
  0.63125000E+00,  0.62488727E+00,  0.24011572E+01
  0.63250000E+00,  0.62525208E+00,  0.23974228E+01
  0.63375000E+00,  0.62561751E+00,  0.23936856E+01
  0.63500000E+00,  0.62598388E+00,  0.23899439E+01
  0.63625000E+00,  0.62635089E+00,  0.23861994E+01
  0.63750000E+00,  0.62671884E+00,  0.23824503E+01
  0.63875000E+00,  0.62708744E+00,  0.23786985E+01
  0.64000000E+00,  0.62745699E+00,  0.23749419E+01
  0.64125000E+00,  0.62782719E+00,  0.23711826E+01
  0.64250000E+00,  0.62819835E+00,  0.23674187E+01
  0.64375000E+00,  0.62857017E+00,  0.23636518E+01
  0.64500000E+00,  0.62894295E+00,  0.23598803E+01
  0.64625000E+00,  0.62931640E+00,  0.23561059E+01
  0.64750000E+00,  0.62969082E+00,  0.23523268E+01
  0.64875000E+00,  0.63006592E+00,  0.23485448E+01
  0.65000000E+00,  0.63044200E+00,  0.23447580E+01
  0.65125000E+00,  0.63081876E+00,  0.23409683E+01
  0.65250000E+00,  0.63119651E+00,  0.23371737E+01
  0.65375000E+00,  0.63157494E+00,  0.23333762E+01
  0.65500000E+00,  0.63195437E+00,  0.23295739E+01
  0.65625000E+00,  0.63233451E+00,  0.23257686E+01
  0.65750000E+00,  0.63271564E+00,  0.23219584E+01
  0.65875000E+00,  0.63309748E+00,  0.23181451E+01
  0.66000000E+00,  0.63348032E+00,  0.23143270E+01
  0.66125000E+00,  0.63386389E+00,  0.23105058E+01
  0.66250000E+00,  0.63424847E+00,  0.23066797E+01
  0.66375000E+00,  0.63463377E+00,  0.23028504E+01
  0.66500000E+00,  0.63502010E+00,  0.22990162E+01
  0.66625000E+00,  0.63540716E+00,  0.22951789E+01
  0.66750000E+00,  0.63579526E+00,  0.22913365E+01
  0.66875000E+00,  0.63618409E+00,  0.22874910E+01
  0.67000000E+00,  0.63657397E+00,  0.22836404E+01
  0.67125000E+00,  0.63696460E+00,  0.22797866E+01
  0.67250000E+00,  0.63735627E+00,  0.22759278E+01
  0.67375000E+00,  0.63774871E+00,  0.22720657E+01
  0.67500000E+00,  0.63814220E+00,  0.22681984E+01
  0.67625000E+00,  0.63853646E+00,  0.22643279E+01
  0.67750000E+00,  0.63893179E+00,  0.22604522E+01
  0.67875000E+00,  0.63932789E+00,  0.22565732E+01
  0.68000000E+00,  0.63972507E+00,  0.22526890E+01
  0.68125000E+00,  0.64012304E+00,  0.22488015E+01
  0.68250000E+00,  0.64052208E+00,  0.22449087E+01
  0.68375000E+00,  0.64092193E+00,  0.22410125E+01
  0.68500000E+00,  0.64132287E+00,  0.22371111E+01
  0.68625000E+00,  0.64172461E+00,  0.22332062E+01
  0.68750000E+00,  0.64212746E+00,  0.22292959E+01
  0.68875000E+00,  0.64253112E+00,  0.22253822E+01
  0.69000000E+00,  0.64293589E+00,  0.22214632E+01
  0.69125000E+00,  0.64334148E+00,  0.22175406E+01
  0.69250000E+00,  0.64374820E+00,  0.22136126E+01
  0.69375000E+00,  0.64415575E+00,  0.22096811E+01
  0.69500000E+00,  0.64456444E+00,  0.22057441E+01
  0.69625000E+00,  0.64497396E+00,  0.22018035E+01
  0.69750000E+00,  0.64538463E+00,  0.21978575E+01
  0.69875000E+00,  0.64579616E+00,  0.21939078E+01
  0.70000000E+00,  0.64620883E+00,  0.21899525E+01
  0.70125000E+00,  0.64662237E+00,  0.21859936E+01
  0.70250000E+00,  0.64703707E+00,  0.21820291E+01
  0.70375000E+00,  0.64745264E+00,  0.21780609E+01
  0.70500000E+00,  0.64786939E+00,  0.21740870E+01
  0.70625000E+00,  0.64828702E+00,  0.21701094E+01
  0.70750000E+00,  0.64870584E+00,  0.21661261E+01
  0.70875000E+00,  0.64912555E+00,  0.21621389E+01
  0.71000000E+00,  0.64954646E+00,  0.21581461E+01
  0.71125000E+00,  0.64996827E+00,  0.21541494E+01
  0.71250000E+00,  0.65039129E+00,  0.21501469E+01
  0.71375000E+00,  0.65081523E+00,  0.21461405E+01
  0.71500000E+00,  0.65124038E+00,  0.21421284E+01
  0.71625000E+00,  0.65166646E+00,  0.21381122E+01
  0.71750000E+00,  0.65209377E+00,  0.21340902E+01
  0.71875000E+00,  0.65252202E+00,  0.21300641E+01
  0.72000000E+00,  0.65295151E+00,  0.21260322E+01
  0.72125000E+00,  0.65338196E+00,  0.21219962E+01
  0.72250000E+00,  0.65381365E+00,  0.21179543E+01
  0.72375000E+00,  0.65424631E+00,  0.21139082E+01
  0.72500000E+00,  0.65468023E+00,  0.21098561E+01
  0.72625000E+00,  0.65511513E+00,  0.21057999E+01
  0.72750000E+00,  0.65555130E+00,  0.21017376E+01
  0.72875000E+00,  0.65598847E+00,  0.20976710E+01
  0.73000000E+00,  0.65642691E+00,  0.20935984E+01
  0.73125000E+00,  0.65686637E+00,  0.20895215E+01
  0.73250000E+00,  0.65730712E+00,  0.20854384E+01
  0.73375000E+00,  0.65774889E+00,  0.20813510E+01
  0.73500000E+00,  0.65819196E+00,  0.20772574E+01
  0.73625000E+00,  0.65863608E+00,  0.20731594E+01
  0.73750000E+00,  0.65908151E+00,  0.20690551E+01
  0.73875000E+00,  0.65952799E+00,  0.20649464E+01
  0.74000000E+00,  0.65997580E+00,  0.20608313E+01
  0.74125000E+00,  0.66042467E+00,  0.20567118E+01
  0.74250000E+00,  0.66087489E+00,  0.20525859E+01
  0.74375000E+00,  0.66132618E+00,  0.20484553E+01
  0.74500000E+00,  0.66177883E+00,  0.20443184E+01
  0.74625000E+00,  0.66223258E+00,  0.20401768E+01
  0.74750000E+00,  0.66268769E+00,  0.20360288E+01
  0.74875000E+00,  0.66314391E+00,  0.20318760E+01
  0.75000000E+00,  0.66360152E+00,  0.20277168E+01
  0.75125000E+00,  0.66406025E+00,  0.20235527E+01
  0.75250000E+00,  0.66452037E+00,  0.20193820E+01
  0.75375000E+00,  0.66498164E+00,  0.20152065E+01
  0.75500000E+00,  0.66544431E+00,  0.20110244E+01
  0.75625000E+00,  0.66590814E+00,  0.20068373E+01
  0.75750000E+00,  0.66637340E+00,  0.20026436E+01
  0.75875000E+00,  0.66683982E+00,  0.19984448E+01
  0.76000000E+00,  0.66730769E+00,  0.19942393E+01
  0.76125000E+00,  0.66777674E+00,  0.19900287E+01
  0.76250000E+00,  0.66824725E+00,  0.19858113E+01
  0.76375000E+00,  0.66871897E+00,  0.19815888E+01
  0.76500000E+00,  0.66919215E+00,  0.19773594E+01
  0.76625000E+00,  0.66966655E+00,  0.19731248E+01
  0.76750000E+00,  0.67014244E+00,  0.19688832E+01
  0.76875000E+00,  0.67061957E+00,  0.19646364E+01
  0.77000000E+00,  0.67109820E+00,  0.19603825E+01
  0.77125000E+00,  0.67157808E+00,  0.19561233E+01
  0.77250000E+00,  0.67205949E+00,  0.19518570E+01
  0.77375000E+00,  0.67254216E+00,  0.19475853E+01
  0.77500000E+00,  0.67302638E+00,  0.19433064E+01
  0.77625000E+00,  0.67351188E+00,  0.19390220E+01
  0.77750000E+00,  0.67399894E+00,  0.19347304E+01
  0.77875000E+00,  0.67448730E+00,  0.19304332E+01
  0.78000000E+00,  0.67497724E+00,  0.19261287E+01
  0.78125000E+00,  0.67546850E+00,  0.19218186E+01
  0.78250000E+00,  0.67596135E+00,  0.19175010E+01
  0.78375000E+00,  0.67645555E+00,  0.19131777E+01
  0.78500000E+00,  0.67695136E+00,  0.19088470E+01
  0.78625000E+00,  0.67744853E+00,  0.19045104E+01
  0.78750000E+00,  0.67794733E+00,  0.19001663E+01
  0.78875000E+00,  0.67844751E+00,  0.18958163E+01
  0.79000000E+00,  0.67894934E+00,  0.18914587E+01
  0.79125000E+00,  0.67945258E+00,  0.18870950E+01
  0.79250000E+00,  0.67995748E+00,  0.18827237E+01
  0.79375000E+00,  0.68046380E+00,  0.18783463E+01
  0.79500000E+00,  0.68097182E+00,  0.18739611E+01
  0.79625000E+00,  0.68148127E+00,  0.18695698E+01
  0.79750000E+00,  0.68199244E+00,  0.18651706E+01
  0.79875000E+00,  0.68250507E+00,  0.18607651E+01
  0.80000000E+00,  0.68301943E+00,  0.18563516E+01
  0.80125000E+00,  0.68353528E+00,  0.18519318E+01
  0.80250000E+00,  0.68405288E+00,  0.18475040E+01
  0.80375000E+00,  0.68457200E+00,  0.18430697E+01
  0.80500000E+00,  0.68509288E+00,  0.18386273E+01
  0.80625000E+00,  0.68561530E+00,  0.18341783E+01
  0.80750000E+00,  0.68613951E+00,  0.18297211E+01
  0.80875000E+00,  0.68666528E+00,  0.18252573E+01
  0.81000000E+00,  0.68719286E+00,  0.18207851E+01
  0.81125000E+00,  0.68772203E+00,  0.18163062E+01
  0.81250000E+00,  0.68825303E+00,  0.18118188E+01
  0.81375000E+00,  0.68878565E+00,  0.18073247E+01
  0.81500000E+00,  0.68932013E+00,  0.18028219E+01
  0.81625000E+00,  0.68985624E+00,  0.17983123E+01
  0.81750000E+00,  0.69039423E+00,  0.17937940E+01
  0.81875000E+00,  0.69093389E+00,  0.17892686E+01
  0.82000000E+00,  0.69147545E+00,  0.17847346E+01
  0.82125000E+00,  0.69201870E+00,  0.17801933E+01
  0.82250000E+00,  0.69256389E+00,  0.17756432E+01
  0.82375000E+00,  0.69311079E+00,  0.17710859E+01
  0.82500000E+00,  0.69365965E+00,  0.17665195E+01
  0.82625000E+00,  0.69421026E+00,  0.17619458E+01
  0.82750000E+00,  0.69476285E+00,  0.17573630E+01
  0.82875000E+00,  0.69531721E+00,  0.17527727E+01
  0.83000000E+00,  0.69587358E+00,  0.17481733E+01
  0.83125000E+00,  0.69643176E+00,  0.17435662E+01
  0.83250000E+00,  0.69699197E+00,  0.17389498E+01
  0.83375000E+00,  0.69755402E+00,  0.17343256E+01
  0.83500000E+00,  0.69811814E+00,  0.17296920E+01
  0.83625000E+00,  0.69868411E+00,  0.17250506E+01
  0.83750000E+00,  0.69925219E+00,  0.17203996E+01
  0.83875000E+00,  0.69982215E+00,  0.17157406E+01
  0.84000000E+00,  0.70039425E+00,  0.17110719E+01
  0.84125000E+00,  0.70096826E+00,  0.17063951E+01
  0.84250000E+00,  0.70154444E+00,  0.17017085E+01
  0.84375000E+00,  0.70212258E+00,  0.16970136E+01
  0.84500000E+00,  0.70270290E+00,  0.16923087E+01
  0.84625000E+00,  0.70328522E+00,  0.16875955E+01
  0.84750000E+00,  0.70386976E+00,  0.16828722E+01
  0.84875000E+00,  0.70445632E+00,  0.16781403E+01
  0.85000000E+00,  0.70504514E+00,  0.16733982E+01
  0.85125000E+00,  0.70563602E+00,  0.16686475E+01
  0.85250000E+00,  0.70622919E+00,  0.16638863E+01
  0.85375000E+00,  0.70682445E+00,  0.16591164E+01
  0.85500000E+00,  0.70742205E+00,  0.16543359E+01
  0.85625000E+00,  0.70802177E+00,  0.16495464E+01
  0.85750000E+00,  0.70862386E+00,  0.16447462E+01
  0.85875000E+00,  0.70922811E+00,  0.16399369E+01
  0.86000000E+00,  0.70983477E+00,  0.16351168E+01
  0.86125000E+00,  0.71044363E+00,  0.16302874E+01
  0.86250000E+00,  0.71105493E+00,  0.16254470E+01
  0.86375000E+00,  0.71166848E+00,  0.16205971E+01
  0.86500000E+00,  0.71228451E+00,  0.16157361E+01
  0.86625000E+00,  0.71290283E+00,  0.16108654E+01
  0.86750000E+00,  0.71352366E+00,  0.16059834E+01
  0.86875000E+00,  0.71414683E+00,  0.16010916E+01
  0.87000000E+00,  0.71477255E+00,  0.15961883E+01
  0.87125000E+00,  0.71540065E+00,  0.15912750E+01
  0.87250000E+00,  0.71603136E+00,  0.15863500E+01
  0.87375000E+00,  0.71666447E+00,  0.15814149E+01
  0.87500000E+00,  0.71730024E+00,  0.15764679E+01
  0.87625000E+00,  0.71793847E+00,  0.15715105E+01
  0.87750000E+00,  0.71857940E+00,  0.15665411E+01
  0.87875000E+00,  0.71922283E+00,  0.15615611E+01
  0.88000000E+00,  0.71986901E+00,  0.15565689E+01
  0.88125000E+00,  0.72051774E+00,  0.15515659E+01
  0.88250000E+00,  0.72116926E+00,  0.15465505E+01
  0.88375000E+00,  0.72182339E+00,  0.15415241E+01
  0.88500000E+00,  0.72248035E+00,  0.15364851E+01
  0.88625000E+00,  0.72313998E+00,  0.15314349E+01
  0.88750000E+00,  0.72380249E+00,  0.15263718E+01
  0.88875000E+00,  0.72446772E+00,  0.15212973E+01
  0.89000000E+00,  0.72513589E+00,  0.15162098E+01
  0.89125000E+00,  0.72580682E+00,  0.15111106E+01
  0.89250000E+00,  0.72648075E+00,  0.15059982E+01
  0.89375000E+00,  0.72715750E+00,  0.15008738E+01
  0.89500000E+00,  0.72783731E+00,  0.14957360E+01
  0.89625000E+00,  0.72851999E+00,  0.14905860E+01
  0.89750000E+00,  0.72920578E+00,  0.14854223E+01
  0.89875000E+00,  0.72989452E+00,  0.14802462E+01
  0.90000000E+00,  0.73058642E+00,  0.14750561E+01
  0.90125000E+00,  0.73128133E+00,  0.14698534E+01
  0.90250000E+00,  0.73197946E+00,  0.14646364E+01
  0.90375000E+00,  0.73268066E+00,  0.14594065E+01
  0.90500000E+00,  0.73338516E+00,  0.14541622E+01
  0.90625000E+00,  0.73409279E+00,  0.14489046E+01
  0.90750000E+00,  0.73480377E+00,  0.14436323E+01
  0.90875000E+00,  0.73551796E+00,  0.14383465E+01
  0.91000000E+00,  0.73623558E+00,  0.14330457E+01
  0.91125000E+00,  0.73695646E+00,  0.14277312E+01
  0.91250000E+00,  0.73768085E+00,  0.14224012E+01
  0.91375000E+00,  0.73840857E+00,  0.14170573E+01
  0.91500000E+00,  0.73913987E+00,  0.14116977E+01
  0.91625000E+00,  0.73987459E+00,  0.14063237E+01
  0.91750000E+00,  0.74061295E+00,  0.14009338E+01
  0.91875000E+00,  0.74135481E+00,  0.13955292E+01
  0.92000000E+00,  0.74210039E+00,  0.13901083E+01
  0.92125000E+00,  0.74284956E+00,  0.13846724E+01
  0.92250000E+00,  0.74360252E+00,  0.13792199E+01
  0.92375000E+00,  0.74435915E+00,  0.13737520E+01
  0.92500000E+00,  0.74511967E+00,  0.13682671E+01
  0.92625000E+00,  0.74588394E+00,  0.13627666E+01
  0.92750000E+00,  0.74665218E+00,  0.13572487E+01
  0.92875000E+00,  0.74742426E+00,  0.13517147E+01
  0.93000000E+00,  0.74820041E+00,  0.13461630E+01
  0.93125000E+00,  0.74898049E+00,  0.13405949E+01
  0.93250000E+00,  0.74976473E+00,  0.13350087E+01
  0.93375000E+00,  0.75055301E+00,  0.13294056E+01
  0.93500000E+00,  0.75134553E+00,  0.13237840E+01
  0.93625000E+00,  0.75214220E+00,  0.13181451E+01
  0.93750000E+00,  0.75294321E+00,  0.13124873E+01
  0.93875000E+00,  0.75374847E+00,  0.13068118E+01
  0.94000000E+00,  0.75455819E+00,  0.13011170E+01
  0.94125000E+00,  0.75537226E+00,  0.12954040E+01
  0.94250000E+00,  0.75619090E+00,  0.12896712E+01
  0.94375000E+00,  0.75701401E+00,  0.12839197E+01
  0.94500000E+00,  0.75784180E+00,  0.12781480E+01
  0.94625000E+00,  0.75867417E+00,  0.12723572E+01
  0.94750000E+00,  0.75951135E+00,  0.12665456E+01
  0.94875000E+00,  0.76035323E+00,  0.12607144E+01
  0.95000000E+00,  0.76120005E+00,  0.12548619E+01
  0.95125000E+00,  0.76205170E+00,  0.12489892E+01
  0.95250000E+00,  0.76290841E+00,  0.12430948E+01
  0.95375000E+00,  0.76377009E+00,  0.12371796E+01
  0.95500000E+00,  0.76463696E+00,  0.12312421E+01
  0.95625000E+00,  0.76550895E+00,  0.12252832E+01
  0.95750000E+00,  0.76638627E+00,  0.12193015E+01
  0.95875000E+00,  0.76726886E+00,  0.12132978E+01
  0.96000000E+00,  0.76815693E+00,  0.12072706E+01
  0.96125000E+00,  0.76905041E+00,  0.12012208E+01
  0.96250000E+00,  0.76994953E+00,  0.11951469E+01
  0.96375000E+00,  0.77085424E+00,  0.11890497E+01
  0.96500000E+00,  0.77176474E+00,  0.11829278E+01
  0.96625000E+00,  0.77268099E+00,  0.11767818E+01
  0.96750000E+00,  0.77360321E+00,  0.11706104E+01
  0.96875000E+00,  0.77453136E+00,  0.11644143E+01
  0.97000000E+00,  0.77546567E+00,  0.11581920E+01
  0.97125000E+00,  0.77640608E+00,  0.11519442E+01
  0.97250000E+00,  0.77735283E+00,  0.11456695E+01
  0.97375000E+00,  0.77830590E+00,  0.11393684E+01
  0.97500000E+00,  0.77926550E+00,  0.11330396E+01
  0.97625000E+00,  0.78023162E+00,  0.11266837E+01
  0.97750000E+00,  0.78120449E+00,  0.11202991E+01
  0.97875000E+00,  0.78218409E+00,  0.11138865E+01
  0.98000000E+00,  0.78317066E+00,  0.11074443E+01
  0.98125000E+00,  0.78416420E+00,  0.11009733E+01
  0.98250000E+00,  0.78516493E+00,  0.10944717E+01
  0.98375000E+00,  0.78617287E+00,  0.10879402E+01
  0.98500000E+00,  0.78718826E+00,  0.10813772E+01
  0.98625000E+00,  0.78821111E+00,  0.10747832E+01
  0.98750000E+00,  0.78924167E+00,  0.10681566E+01
  0.98875000E+00,  0.79027996E+00,  0.10614980E+01
  0.99000000E+00,  0.79132623E+00,  0.10548056E+01
  0.99125000E+00,  0.79238053E+00,  0.10480801E+01
  0.99250000E+00,  0.79344310E+00,  0.10413196E+01
  0.99375000E+00,  0.79451399E+00,  0.10345247E+01
  0.99500000E+00,  0.79559347E+00,  0.10276935E+01
  0.99625000E+00,  0.79668160E+00,  0.10208266E+01
  0.99750000E+00,  0.79777865E+00,  0.10139222E+01
  0.99875000E+00,  0.79888469E+00,  0.10069806E+01
  0.10000000E+01,  0.80000000E+00,  0.10000000E+01
