 # Pos, Temperature
           1   4.0006693340062869     
           2   4.0106756813126996     
           3   4.0003063369740310     
           4   3.9975274981160331     
           5   3.9723022273329622     
           6   3.9947126534837962     
           7   3.9943659023815536     
           8   3.9825123577038322     
           9   3.9870815112880384     
          10   3.9758888715596603     
          11   3.9786881986868372     
          12   3.9707145681265188     
          13   3.9742710698591885     
          14   3.9709194201866720     
          15   3.9567598266156914     
          16   3.9597094375541184     
          17   3.9706769277206964     
          18   3.9638683961578076     
          19   3.9532196148219407     
          20   3.9445483748001586     
          21   3.9508369717534131     
          22   3.9511888840677161     
          23   3.9317453007355248     
          24   3.9480821820933549     
          25   3.9535520213684263     
          26   3.9418208144590543     
          27   3.9383131596270329     
          28   3.9339635144241969     
          29   3.9270568041674667     
          30   3.9169346428885210     
          31   3.9271893206305393     
          32   3.9169895594782895     
          33   3.9232938021718895     
          34   3.9219338263745471     
          35   3.9189292173508354     
          36   3.9016341005513708     
          37   3.9208977539730085     
          38   3.9069312927356976     
          39   3.9052049860161446     
          40   3.8925542990377275     
          41   3.8901557406734750     
          42   3.8956203189717340     
          43   3.8852335374065041     
          44   3.8911219492347962     
          45   3.8759556119934104     
          46   3.8840021533603601     
          47   3.8763100682443512     
          48   3.8798114769502901     
          49   3.8655034445262348     
          50   3.8653758469114434     
          51   3.8633523394496545     
          52   3.8699246010523014     
          53   3.8613102614458250     
          54   3.8472306426457967     
          55   3.8545114053124498     
          56   3.8524632862246686     
          57   3.8505561042469068     
          58   3.8375588292131879     
          59   3.8491685699024951     
          60   3.8566205623485850     
          61   3.8200278424889071     
          62   3.8323385609119924     
          63   3.8572110098865262     
          64   3.8380541677547622     
          65   3.8337246328858763     
          66   3.8254042025557626     
          67   3.8236610356037661     
          68   3.8254358503766586     
          69   3.8105155576626482     
          70   3.8157600365149564     
          71   3.8160608538141170     
          72   3.8082288963073148     
          73   3.8013982859483582     
          74   3.7964312197281549     
          75   3.8052629230096255     
          76   3.8024935615604059     
          77   3.7950862738441788     
          78   3.7976858423438622     
          79   3.7850734333609477     
          80   3.7779598295905084     
          81   3.7762675906155541     
          82   3.7749215439567707     
          83   3.7836770637898507     
          84   3.7552636313522276     
          85   3.7711982869726657     
          86   3.7755004757041526     
          87   3.7637331152641247     
          88   3.7483179131629689     
          89   3.7504243352175508     
          90   3.7465724751374703     
          91   3.7583328180648321     
          92   3.7442467608731147     
          93   3.7600970626447721     
          94   3.7494858038882222     
          95   3.7433903330014102     
          96   3.7397883876255600     
          97   3.7299409324266763     
          98   3.7378367709766187     
          99   3.7362795857652711     
         100   3.7322581574169078     
         101   3.7327683120636279     
         102   3.7314771507841002     
         103   3.7180102177077030     
         104   3.7355275666473502     
         105   3.6997858263246672     
         106   3.7114983494960145     
         107   3.7031185040633381     
         108   3.7026160872830118     
         109   3.7095840733306975     
         110   3.6994233481682395     
         111   3.7003533973678353     
         112   3.6984202422150840     
         113   3.6874490332452607     
         114   3.6962703531738961     
         115   3.6916620409482563     
         116   3.6757259530747399     
         117   3.6826933967905573     
         118   3.6809229754138264     
         119   3.6640082716257378     
         120   3.6771913822909870     
         121   3.6708544381479036     
         122   3.6548953389701557     
         123   3.6606587474336401     
         124   3.6465281222659347     
         125   3.6634345498977456     
         126   3.6653231783758451     
         127   3.6573434974821790     
         128   3.6609632105347600     
         129   3.6540744802746090     
         130   3.6472260903142808     
         131   3.6316783612947994     
         132   3.6446380634185536     
         133   3.6374723109244567     
         134   3.6451466892319635     
         135   3.6337510053175879     
         136   3.6300754825433565     
         137   3.6362957232457029     
         138   3.6191488472968283     
         139   3.6272089877343152     
         140   3.6212597957152539     
         141   3.6229653548524543     
         142   3.6190471344288753     
         143   3.6049183856909761     
         144   3.6090324099852458     
         145   3.6030126717087683     
         146   3.6074283403034482     
         147   3.6017860220002307     
         148   3.6004193112992944     
         149   3.6016935209207470     
         150   3.5880289283720335     
         151   3.5857046238314778     
         152   3.5937490333974855     
         153   3.5924470016642407     
         154   3.5930142433144785     
         155   3.5940266736509328     
         156   3.5715005645225579     
         157   3.5700524452905573     
         158   3.5632694903868396     
         159   3.5683874858336129     
         160   3.5667116271826282     
         161   3.5606779102144741     
         162   3.5614963591704791     
         163   3.5469725642006398     
         164   3.5542939334977652     
         165   3.5387037663509062     
         166   3.5457156650600750     
         167   3.5469027524655425     
         168   3.5449428655807225     
         169   3.5432554517070014     
         170   3.5372987276842003     
         171   3.5366788529463107     
         172   3.5312143913273029     
         173   3.5247478213107750     
         174   3.5259090370196362     
         175   3.5225862646342847     
         176   3.5145648067106530     
         177   3.5188267838909462     
         178   3.5093711922238655     
         179   3.5183551075993216     
         180   3.5054242659417407     
         181   3.5038915108046593     
         182   3.4965181930062448     
         183   3.4923556894230354     
         184   3.5065035919765606     
         185   3.4882104087714270     
         186   3.4840157568418877     
         187   3.4872108263319710     
         188   3.4911161978440948     
         189   3.4732915010981560     
         190   3.4720737148661924     
         191   3.4806946934564653     
         192   3.4564026872142541     
         193   3.4754481401439716     
         194   3.4679757787806844     
         195   3.4618420200193620     
         196   3.4480078515364041     
         197   3.4541505328363851     
         198   3.4497643357253316     
         199   3.4546908404072170     
         200   3.4380719302373337     
         201   3.4374852861283101     
         202   3.4413911142444329     
         203   3.4373271457905132     
         204   3.4367489864564642     
         205   3.4314046820652000     
         206   3.4255096698775351     
         207   3.4238891841136381     
         208   3.4118368251701363     
         209   3.4175422181633612     
         210   3.4240497485473695     
         211   3.4116342497785355     
         212   3.4169910760251381     
         213   3.4057705293006864     
         214   3.4180095747145081     
         215   3.4014401242647114     
         216   3.3958778468979718     
         217   3.3981334408566912     
         218   3.3998700755833737     
         219   3.3883421280796067     
         220   3.3846040452235870     
         221   3.3828012927534949     
         222   3.3811506793057515     
         223   3.3771775758509146     
         224   3.3826724851891670     
         225   3.3653518913355622     
         226   3.3742784441567526     
         227   3.3708051252915920     
         228   3.3675390463342953     
         229   3.3609982391548887     
         230   3.3686741995534404     
         231   3.3583097384869554     
         232   3.3554827655652946     
         233   3.3482428786752538     
         234   3.3372671607264892     
         235   3.3499878538086150     
         236   3.3438878775630871     
         237   3.3399080245793411     
         238   3.3355493259334130     
         239   3.3331136776577539     
         240   3.3229555376108793     
         241   3.3146221934769344     
         242   3.3260078318262143     
         243   3.3117633919730434     
         244   3.3153340417826458     
         245   3.3189010335656226     
         246   3.3021036663931382     
         247   3.3065789253226630     
         248   3.3048117739974372     
         249   3.3064990417457625     
         250   3.3035323589120060     
         251   3.2940433771690265     
         252   3.2951042751199395     
         253   3.2850079474328924     
         254   3.2931546981206576     
         255   3.2894934241863973     
         256   3.2713585614621259     
         257   3.2711702370431972     
         258   3.2690647592764455     
         259   3.2745671455103889     
         260   3.2640552733540349     
         261   3.2716394710067744     
         262   3.2611945143116943     
         263   3.2564979670756640     
         264   3.2637370689348648     
         265   3.2566304771800763     
         266   3.2438592057560998     
         267   3.2418078039604534     
         268   3.2366921130551392     
         269   3.2307171404825499     
         270   3.2319604646303812     
         271   3.2410027507859822     
         272   3.2393820081598452     
         273   3.2219689631699753     
         274   3.2180977466595300     
         275   3.2240355177233311     
         276   3.2244877690986078     
         277   3.2157588031969437     
         278   3.2103434219862121     
         279   3.2074445019487858     
         280   3.1990382324700102     
         281   3.2000631241336794     
         282   3.2059279446652482     
         283   3.2033097690137144     
         284   3.1922318912352283     
         285   3.1931595975310825     
         286   3.1926713171738790     
         287   3.1912554185263153     
         288   3.1679668430906096     
         289   3.1795954938497499     
         290   3.1778615842057043     
         291   3.1781365254887852     
         292   3.1722403751901203     
         293   3.1666468238324263     
         294   3.1575363123200368     
         295   3.1621644778162619     
         296   3.1520834783739184     
         297   3.1541651614937281     
         298   3.1621818891882207     
         299   3.1493434082369922     
         300   3.1348678601848450     
         301   3.1411527660506535     
         302   3.1386850161813027     
         303   3.1220560120699861     
         304   3.1249978295279472     
         305   3.1332392545295438     
         306   3.1270054462230683     
         307   3.1259833515797908     
         308   3.1123842920306206     
         309   3.1118504324772349     
         310   3.1145065333839006     
         311   3.1058502535865351     
         312   3.1073568910583722     
         313   3.0963010423224415     
         314   3.0953565476734370     
         315   3.0948473256852207     
         316   3.0906300832238429     
         317   3.0866912392000829     
         318   3.0790233394943134     
         319   3.0791423449173654     
         320   3.0760982116608644     
         321   3.0645317308680498     
         322   3.0708907645234653     
         323   3.0634392959212797     
         324   3.0539985682131188     
         325   3.0638116474019386     
         326   3.0622644886718549     
         327   3.0586145625153134     
         328   3.0552316104745412     
         329   3.0422688061707301     
         330   3.0358911763453129     
         331   3.0481818867398669     
         332   3.0374175001670585     
         333   3.0334518040422274     
         334   3.0372902435318148     
         335   3.0302391140386029     
         336   3.0221771575205767     
         337   3.0299305559342957     
         338   3.0264219365557690     
         339   3.0086052688089273     
         340   3.0121868082837508     
         341   3.0130800964363034     
         342   3.0017218570835458     
         343   2.9990244218002733     
         344   2.9980259178267956     
         345   2.9949373442102343     
         346   2.9930794936657836     
         347   2.9947586069149459     
         348   2.9894305534325025     
         349   2.9834629780292974     
         350   2.9714300699262983     
         351   2.9785512595509611     
         352   2.9646799915267161     
         353   2.9703005668030862     
         354   2.9700490054915027     
         355   2.9684521079632784     
         356   2.9576221383802137     
         357   2.9484525092459655     
         358   2.9530454524397611     
         359   2.9507940114063089     
         360   2.9428629461850004     
         361   2.9469444046674584     
         362   2.9354344027711385     
         363   2.9325955151270877     
         364   2.9384019916503328     
         365   2.9265696126032141     
         366   2.9267698421845969     
         367   2.9214924030359235     
         368   2.9279935822537206     
         369   2.9094855612626538     
         370   2.9197656686889522     
         371   2.9195296383979756     
         372   2.9028430332945532     
         373   2.9000707744476193     
         374   2.9088850569174824     
         375   2.8942196771884579     
         376   2.8978984821922547     
         377   2.8913388083989910     
         378   2.8920234964198022     
         379   2.8793414068403598     
         380   2.8768856110195862     
         381   2.8834144743632262     
         382   2.8771090957002095     
         383   2.8716527391526254     
         384   2.8628120830349575     
         385   2.8737838522785419     
         386   2.8632155152710470     
         387   2.8521363534210491     
         388   2.8504422997686514     
         389   2.8467109975544527     
         390   2.8471627371261232     
         391   2.8524370457365249     
         392   2.8485865220082593     
         393   2.8406752388553902     
         394   2.8320542168605298     
         395   2.8248539766726251     
         396   2.8269927313949301     
         397   2.8249434682860453     
         398   2.8256843649309773     
         399   2.8133887624776373     
         400   2.8066233953917186     
         401   2.8132094853364684     
         402   2.8015454734010743     
         403   2.8013206779965709     
         404   2.7963908041469470     
         405   2.7985081430794443     
         406   2.7983928660148996     
         407   2.7906166171250821     
         408   2.7887012912601099     
         409   2.7870803873448815     
         410   2.7850256342087225     
         411   2.7709986329762968     
         412   2.7705590020625830     
         413   2.7710322321919034     
         414   2.7613188779681024     
         415   2.7658959374495637     
         416   2.7514152687232127     
         417   2.7571266731129653     
         418   2.7473823819137442     
         419   2.7451239847795592     
         420   2.7455357601021415     
         421   2.7339264774374694     
         422   2.7430782315099074     
         423   2.7392576403599560     
         424   2.7346844334882676     
         425   2.7231424698828222     
         426   2.7268424579539374     
         427   2.7201241284812578     
         428   2.7131003486520342     
         429   2.7043622682639725     
         430   2.7103328545348306     
         431   2.7108409153887409     
         432   2.6965218119004635     
         433   2.7105999695273573     
         434   2.6966062759157805     
         435   2.6902601398448445     
         436   2.6847762076608133     
         437   2.6758659836174172     
         438   2.6816150429875960     
         439   2.6754756001611510     
         440   2.6773755810166162     
         441   2.6681572824206219     
         442   2.6691791580268389     
         443   2.6565851409528158     
         444   2.6664897127481151     
         445   2.6578065918213314     
         446   2.6461473768565820     
         447   2.6604445436981852     
         448   2.6452885658301901     
         449   2.6375397426499179     
         450   2.6374751044073883     
         451   2.6371601110574332     
         452   2.6402426550430120     
         453   2.6326200508473900     
         454   2.6289660108991493     
         455   2.6207337211974662     
         456   2.6176242486228576     
         457   2.6188209354207577     
         458   2.6093789166951424     
         459   2.6105807178883436     
         460   2.5974704120791459     
         461   2.6084249033135567     
         462   2.6095067618149836     
         463   2.5919045893971711     
         464   2.5913314609389615     
         465   2.5899484511393305     
         466   2.5793070724135774     
         467   2.5769368480559591     
         468   2.5729673722352016     
         469   2.5675197834793817     
         470   2.5626955569646372     
         471   2.5611652241513028     
         472   2.5674803487921527     
         473   2.5564307604238894     
         474   2.5519507869095386     
         475   2.5513751094223611     
         476   2.5447052654338811     
         477   2.5389003009755400     
         478   2.5331409024235625     
         479   2.5401606652477282     
         480   2.5315669379047399     
         481   2.5257314523062471     
         482   2.5238492753823789     
         483   2.5148144328602560     
         484   2.5179079619814990     
         485   2.5136689879704930     
         486   2.5013759815183190     
         487   2.5063691381561064     
         488   2.5053398779733036     
         489   2.4940847633665806     
         490   2.4963911229125264     
         491   2.4878950370233386     
         492   2.4914435517110132     
         493   2.4801134998257135     
         494   2.4824174544932056     
         495   2.4656271617355476     
         496   2.4725007986223035     
         497   2.4713781601131934     
         498   2.4584671082186040     
         499   2.4648911132757001     
         500   2.4535818993774896     
         501   2.4601271290891416     
         502   2.4439608259017493     
         503   2.4451771725261384     
         504   2.4432687021151489     
         505   2.4339685102126474     
         506   2.4277367717945815     
         507   2.4297560128738405     
         508   2.4224621010991658     
         509   2.4206981617951193     
         510   2.4192162319540018     
         511   2.4166964928951851     
         512   2.4068311442374180     
         513   2.3954106379355995     
         514   2.3969863683934536     
         515   2.4020299574600767     
         516   2.3871460589559472     
         517   2.3882606810142231     
         518   2.3764834931357304     
         519   2.3815941663164044     
         520   2.3718655295344688     
         521   2.3703544848484395     
         522   2.3774478271449397     
         523   2.3721711264837446     
         524   2.3597162135654770     
         525   2.3596741925626654     
         526   2.3482458062581508     
         527   2.3582033662556992     
         528   2.3470749068910077     
         529   2.3424951712796860     
         530   2.3371448319919987     
         531   2.3282369798736902     
         532   2.3317320605150784     
         533   2.3311392648633391     
         534   2.3186854226029960     
         535   2.3260415557803378     
         536   2.3152323017220646     
         537   2.3096888373475544     
         538   2.3078216963122316     
         539   2.3044963211837488     
         540   2.2982279418582521     
         541   2.2897871742189393     
         542   2.2984366964419327     
         543   2.2862627305294594     
         544   2.2814780760782876     
         545   2.2828592064534146     
         546   2.2794521333336744     
         547   2.2689006189521130     
         548   2.2716016752865698     
         549   2.2592725924443622     
         550   2.2616289398798197     
         551   2.2657602258192853     
         552   2.2435707729075260     
         553   2.2486178167795043     
         554   2.2489572861320903     
         555   2.2404458414490045     
         556   2.2436408888157287     
         557   2.2317989713170494     
         558   2.2288500058433853     
         559   2.2236545770523861     
         560   2.2191319434553378     
         561   2.2176763981606591     
         562   2.2124161257488462     
         563   2.2159363414917932     
         564   2.2000329761378619     
         565   2.1951458306169953     
         566   2.1975432094891238     
         567   2.1978410862460080     
         568   2.1875514616223586     
         569   2.1814104443171676     
         570   2.1831720028303812     
         571   2.1724594844604410     
         572   2.1685746448798358     
         573   2.1637821491434481     
         574   2.1633501910998274     
         575   2.1613188897815632     
         576   2.1608324657313012     
         577   2.1512392697647198     
         578   2.1455301132455382     
         579   2.1450625277172466     
         580   2.1417113898454914     
         581   2.1332608294759816     
         582   2.1323553462825133     
         583   2.1300678214863882     
         584   2.1202581140708858     
         585   2.1223194927305222     
         586   2.1134239395029546     
         587   2.1064747367271672     
         588   2.1089259152505195     
         589   2.0984391190109486     
         590   2.0963067802951221     
         591   2.0939293361869238     
         592   2.0933082196205706     
         593   2.0837683791093626     
         594   2.0783604519545267     
         595   2.0787411253408230     
         596   2.0722517336016413     
         597   2.0688015906761179     
         598   2.0616405117177634     
         599   2.0622122020916218     
         600   2.0556180115413594     
         601   2.0562115827802896     
         602   2.0426978960649262     
         603   2.0381173509265769     
         604   2.0424526608930011     
         605   2.0328554912412362     
         606   2.0311718488370731     
         607   2.0258814395671392     
         608   2.0238456989368818     
         609   2.0246234601541233     
         610   2.0148439365254700     
         611   2.0095962013883586     
         612   2.0053949696358289     
         613   2.0003203458592993     
         614   1.9992180486550546     
         615   1.9951504543385310     
         616   1.9897587791512283     
         617   1.9863867830417328     
         618   1.9812652691178243     
         619   1.9685429660655405     
         620   1.9723414607060163     
         621   1.9653268656898331     
         622   1.9633042131236018     
         623   1.9565503012550749     
         624   1.9568896874832924     
         625   1.9541881985650373     
         626   1.9454832775280821     
         627   1.9397165791813942     
         628   1.9400938621904247     
         629   1.9240220801944607     
         630   1.9284851241602246     
         631   1.9198833042671051     
         632   1.9153304756527845     
         633   1.9146028242392923     
         634   1.9119491158728739     
         635   1.9063385462734352     
         636   1.9001039382010085     
         637   1.8942766540853795     
         638   1.8948953354633740     
         639   1.8821144871790971     
         640   1.8864088279796447     
         641   1.8745800209163213     
         642   1.8712444556364562     
         643   1.8727534387236402     
         644   1.8661557270401656     
         645   1.8653186276275191     
         646   1.8534908340843961     
         647   1.8529280022496850     
         648   1.8432538305400312     
         649   1.8423071339917836     
         650   1.8346981133717353     
         651   1.8376900767690747     
         652   1.8269361693758031     
         653   1.8242897544858891     
         654   1.8161235392706967     
         655   1.8137573688470066     
         656   1.8105241554732852     
         657   1.8058097395317549     
         658   1.8031937053793239     
         659   1.7932581448845466     
         660   1.7921061489099963     
         661   1.7879542619658593     
         662   1.7838975006223081     
         663   1.7761297676868388     
         664   1.7740466852066923     
         665   1.7706891528636419     
         666   1.7626499499551072     
         667   1.7568927797255887     
         668   1.7506474450477778     
         669   1.7499454959449541     
         670   1.7443771832951276     
         671   1.7407430560378603     
         672   1.7365923353600901     
         673   1.7304627361190319     
         674   1.7257182727919742     
         675   1.7190910870300469     
         676   1.7089805188528371     
         677   1.7094699492383376     
         678   1.6991433052499454     
         679   1.6986048950297017     
         680   1.6966598289911432     
         681   1.6924016421627293     
         682   1.6782838911725209     
         683   1.6786386011991037     
         684   1.6736984483525104     
         685   1.6722203499723562     
         686   1.6683620193687836     
         687   1.6596575254818149     
         688   1.6580650411944562     
         689   1.6478778935625709     
         690   1.6476824714049296     
         691   1.6418142645451206     
         692   1.6360073578770327     
         693   1.6314027274866407     
         694   1.6263042498507847     
         695   1.6249331569947247     
         696   1.6138620820732064     
         697   1.6123134502439764     
         698   1.6028875935523308     
         699   1.6007049338072166     
         700   1.5977426200381821     
         701   1.5899707287580986     
         702   1.5801563194405555     
         703   1.5836772747881880     
         704   1.5763012421177296     
         705   1.5732366723401192     
         706   1.5651256296849536     
         707   1.5566268464313386     
         708   1.5580763374505635     
         709   1.5517297096240446     
         710   1.5463407720682256     
         711   1.5379633579844130     
         712   1.5273208152987765     
         713   1.5277226058014202     
         714   1.5230549746547681     
         715   1.5185964502635660     
         716   1.5134118652060755     
         717   1.5050923253800006     
         718   1.5054638557239706     
         719   1.4949577409732293     
         720   1.4927366118679952     
         721   1.4855435745907946     
         722   1.4825724012416619     
         723   1.4751615362483073     
         724   1.4700871847487438     
         725   1.4670431094399778     
         726   1.4608973178829898     
         727   1.4563643249725811     
         728   1.4512394338238537     
         729   1.4442574962769115     
         730   1.4378482440514002     
         731   1.4324913719818115     
         732   1.4256728260573299     
         733   1.4238467684565339     
         734   1.4147234640930200     
         735   1.4110309864062867     
         736   1.4063208799927107     
         737   1.3996236215747497     
         738   1.3922828347810288     
         739   1.3849396085397216     
         740   1.3806102476727689     
         741   1.3749153093031912     
         742   1.3709713633685425     
         743   1.3655416822264665     
         744   1.3565385280171274     
         745   1.3548823497443985     
         746   1.3518947701825541     
         747   1.3412695614772352     
         748   1.3399632585984178     
         749   1.3286001559627683     
         750   1.3216507797449406     
         751   1.3186375173461746     
         752   1.3134593069182636     
         753   1.3072923274136445     
         754   1.3042188045226741     
         755   1.2967345401010191     
         756   1.2895675981475434     
         757   1.2818898731226749     
         758   1.2765090015159750     
         759   1.2713292624578734     
         760   1.2657460016328628     
         761   1.2606880110134926     
         762   1.2512402642972824     
         763   1.2488588169543622     
         764   1.2440075616729893     
         765   1.2354369672614047     
         766   1.2281149110177492     
         767   1.2242458196560935     
         768   1.2184367778493765     
         769   1.2086594098721468     
         770   1.2071301047973744     
         771   1.2012911570634015     
         772   1.1951521993880327     
         773   1.1829647986286647     
         774   1.1792927827148552     
         775   1.1746292825974405     
         776   1.1681323562153079     
         777   1.1600591894219257     
         778   1.1552437448134729     
         779   1.1523054111915336     
         780   1.1411777175849078     
         781   1.1349625657717961     
         782   1.1298228490111664     
         783   1.1236653969317159     
         784   1.1162762809026434     
         785   1.1068153356571879     
         786   1.1013368827223649     
         787   1.0955431753933298     
         788   1.0890694898564321     
         789   1.0826706632133432     
         790   1.0775132271384373     
         791   1.0701490288598281     
         792   1.0618471170937467     
         793   1.0565466604096987     
         794   1.0511137065837437     
         795   1.0439794972813889     
         796   1.0362906265521485     
         797   1.0289628387307492     
         798   1.0204238904469338     
         799   1.0126393010026460     
         800   1.0042290041831239     
