 # Pos, Energy, Err_Energy
           1   1.0165404259346722        4.2977965241425917E-003
           2   1.0173358281404978        4.2922882245270020E-003
           3   1.0148839525883109        4.2550581993390226E-003
           4   1.0192094945742602        4.2681081918709623E-003
           5   1.0196079899979662        4.2513392465399029E-003
           6   1.0196269554586224        4.2329567037219544E-003
           7   1.0199608522950347        4.2006247515068021E-003
           8   1.0294154528564969        4.2051172082538555E-003
           9   1.0255580686384871        4.1761520064190769E-003
          10   1.0263900726505246        4.1519831083139478E-003
          11   1.0204903761103916        4.1159757842112888E-003
          12   1.0246828997784372        4.1185741301919118E-003
          13   1.0249505109441932        4.0993932105003418E-003
          14   1.0296666778232448        4.0785030577153731E-003
          15   1.0337102250311005        4.0718668185458695E-003
          16   1.0322040731230739        4.0558323130551154E-003
          17   1.0286918226507948        4.0186758832692453E-003
          18   1.0277386782438027        3.9978648437319873E-003
          19   1.0416166154980986        4.0383279542123927E-003
          20   1.0355837532408596        3.9974072857573038E-003
          21   1.0427464445328574        3.9980351745083249E-003
          22   1.0280532010531265        3.9320107496246537E-003
          23   1.0380883953462698        3.9451842805365688E-003
          24   1.0341005122624927        3.8941545146662093E-003
          25   1.0294880992882440        3.8820566831560543E-003
          26   1.0338847207883355        3.8697332414701717E-003
          27   1.0378022691452335        3.8664802497323969E-003
          28   1.0331653353897920        3.8437857859166492E-003
          29   1.0416173968473623        3.8329350781039976E-003
          30   1.0453073629094805        3.8379883034606395E-003
          31   1.0437072323970413        3.8156516766787146E-003
          32   1.0410000798788843        3.7952784601683115E-003
          33   1.0477048012393089        3.7958731499482634E-003
          34   1.0461326233926609        3.7636244739026503E-003
          35   1.0398096765477443        3.7209675878539438E-003
          36   1.0438733903631043        3.7183890928438419E-003
          37   1.0422727283758735        3.6986638111567824E-003
          38   1.0406846839837163        3.6771232187209429E-003
          39   1.0460401768056407        3.6792272842397634E-003
          40   1.0484663178304234        3.6523926684301072E-003
          41   1.0464606880491185        3.6368890559643923E-003
          42   1.0428072075598709        3.6227863844059674E-003
          43   1.0487303017199718        3.6195126402060493E-003
          44   1.0437676326171894        3.5836044361498187E-003
          45   1.0475553124635633        3.5754985438975588E-003
          46   1.0471240307427296        3.5612169989621221E-003
          47   1.0517853304970060        3.5485949523743642E-003
          48   1.0484286212360148        3.5322440088786885E-003
          49   1.0488251406212934        3.5186423545839189E-003
          50   1.0516457906635737        3.5128291561588218E-003
          51   1.0530974181680284        3.5031833396038823E-003
          52   1.0433525972148896        3.4541815029262655E-003
          53   1.0409144257273730        3.4373524922789258E-003
          54   1.0512959756613254        3.4529857060174225E-003
          55   1.0565240211197309        3.4351838752692131E-003
          56   1.0448754763568688        3.3957138905473111E-003
          57   1.0546255430775164        3.4033111415543100E-003
          58   1.0502014378869828        3.3931736468459628E-003
          59   1.0578008907706919        3.3945208953660324E-003
          60   1.0535172544437781        3.3609887195826861E-003
          61   1.0510089903035178        3.3478644713652267E-003
          62   1.0539948414700733        3.3448699094740086E-003
          63   1.0466629276356971        3.3029354007161529E-003
          64   1.0526250105447781        3.2960087143559915E-003
          65   1.0476935866109762        3.2829685438096044E-003
          66   1.0541418249342964        3.2722096346632745E-003
          67   1.0522231045524648        3.2538590617578701E-003
          68   1.0536941892649341        3.2502641975896427E-003
          69   1.0535946652197712        3.2345524503959487E-003
          70   1.0467154884627818        3.2056834126713979E-003
          71   1.0428640698395077        3.1768972961625035E-003
          72   1.0468995250057109        3.1675878073034107E-003
          73   1.0481464104027607        3.1655083788280323E-003
          74   1.0492283472585517        3.1490458265592421E-003
          75   1.0425637004682562        3.1123670003273640E-003
          76   1.0482243978383745        3.1231408765686418E-003
          77   1.0511074058199130        3.1168196212269521E-003
          78   1.0451879680062512        3.0824890404233664E-003
          79   1.0436514392564313        3.0724600921406089E-003
          80   1.0440048291725241        3.0462773786135698E-003
          81   1.0452852764258296        3.0456117315287462E-003
          82   1.0439669115678150        3.0341233712080479E-003
          83   1.0452989025533042        3.0259237565004112E-003
          84   1.0439574758344528        2.9956078518204123E-003
          85   1.0454080814399269        2.9942711094683855E-003
          86   1.0440957134595028        2.9801045763866094E-003
          87   1.0358846394807912        2.9376131298319472E-003
          88   1.0405275684808692        2.9432340502916913E-003
          89   1.0442573933473609        2.9337687784853021E-003
          90   1.0420890968182717        2.9174150354718143E-003
          91   1.0433286710378775        2.9093488626744241E-003
          92   1.0382786500928229        2.8844545555036919E-003
          93   1.0408257087307740        2.8683359141381225E-003
          94   1.0354077815085634        2.8557491175235533E-003
          95   1.0328519604654294        2.8232550359408269E-003
          96   1.0447893618573454        2.8536909652381614E-003
          97   1.0360446973832949        2.8204435940274749E-003
          98   1.0307503994478264        2.7906367445699539E-003
          99   1.0323822251672030        2.7866379336378938E-003
         100   1.0330605112437270        2.7793408320067781E-003
         101   1.0317321163365774        2.7604294621976161E-003
         102   1.0299378057131046        2.7386176100459517E-003
         103   1.0303010033575328        2.7283790467310062E-003
         104   1.0288208794091700        2.7084913550880062E-003
         105   1.0293756177812263        2.7066156981158216E-003
         106   1.0280747235757024        2.6847965861071113E-003
         107   1.0271880915589062        2.6780209546142862E-003
         108   1.0249807441763208        2.6638411329212609E-003
         109   1.0224779435523104        2.6439856740775002E-003
         110   1.0241427989155334        2.6431260213675709E-003
         111   1.0238052428400142        2.6221233888329464E-003
         112   1.0212984434869634        2.6136165729685802E-003
         113   1.0218168576933331        2.5944297719686436E-003
         114   1.0192236246781246        2.5772926409211826E-003
         115   1.0130862176099087        2.5601614865225081E-003
         116   1.0161540105144036        2.5497126002973903E-003
         117   1.0119661600082748        2.5332246454201411E-003
         118   1.0120756486071376        2.5244362408372695E-003
         119   1.0098923112727811        2.5095998216610486E-003
         120   1.0095370935069772        2.4955957451711420E-003
         121   1.0098302995980104        2.4825496756725554E-003
         122   1.0089158666370013        2.4655107714550992E-003
         123   1.0035316780714580        2.4465909700436333E-003
         124   1.0023544531167474        2.4349328207561652E-003
         125   1.0042233180752529        2.4292451334296519E-003
         126   1.0042443846371583        2.4205338767788330E-003
         127   1.0014206069580120        2.4008660642281837E-003
         128  0.99413294412532638        2.3805035157134923E-003
         129  0.99667609538710966        2.3691204485112166E-003
         130  0.99537234127897789        2.3518590958186043E-003
         131  0.99546179010329450        2.3457822006209047E-003
         132  0.98905936329775035        2.3241441403264104E-003
         133  0.98892262463301972        2.3140553069779081E-003
         134  0.98904155798734328        2.3097467210317826E-003
         135  0.98608079231342427        2.2814429916519626E-003
         136  0.98696359874079698        2.2762807321209367E-003
         137  0.98130838316807723        2.2594642970355360E-003
         138  0.98157054132311383        2.2461753412645036E-003
         139  0.97722862811917444        2.2301528635123766E-003
         140  0.97853060693074823        2.2260964148364472E-003
         141  0.97450200967743350        2.2094779931683601E-003
         142  0.97338672815293426        2.1931383051494238E-003
         143  0.97398852371630318        2.1880831972681089E-003
         144  0.96807658555264364        2.1595648309965677E-003
         145  0.96741525223428748        2.1516064127695689E-003
         146  0.96900818826719548        2.1403322623811663E-003
         147  0.96315140601653482        2.1211856816421098E-003
         148  0.96052234045078044        2.1092285827437967E-003
         149  0.95892434705033325        2.1039884065042562E-003
         150  0.95513793595131258        2.0830257220868335E-003
         151  0.95220974018543625        2.0630041200807255E-003
         152  0.95405655714968485        2.0595159692435765E-003
         153  0.94859783960650412        2.0451023718047559E-003
         154  0.95003966273228257        2.0354493006402518E-003
         155  0.94617799777813349        2.0189900229661568E-003
         156  0.94605537485670643        2.0085097156311840E-003
         157  0.93674691507902041        1.9816686899853911E-003
         158  0.93905274854286302        1.9771746777277536E-003
         159  0.93440173993083631        1.9638913923010486E-003
         160  0.93166864004992589        1.9477539022011753E-003
         161  0.93162255405960359        1.9369782638845759E-003
         162  0.92974030801849861        1.9311165578995238E-003
         163  0.92244855950369031        1.9042599132959178E-003
         164  0.92355218439399933        1.8976808186964812E-003
         165  0.91985930832004648        1.8781596611212210E-003
         166  0.91938584136055690        1.8688756918887495E-003
         167  0.91102101909498134        1.8442896258805915E-003
         168  0.91169901752961779        1.8403446179175479E-003
         169  0.90890143314280625        1.8260334165842356E-003
         170  0.90859561751820339        1.8202061544899766E-003
         171  0.90105669129557264        1.7917774691415496E-003
         172  0.90204547063650198        1.7944658847938535E-003
         173  0.89736392313664048        1.7687574806289242E-003
         174  0.89517670478190781        1.7611461616510152E-003
         175  0.89405972700824254        1.7498326516157509E-003
         176  0.88900878155623941        1.7333467766980776E-003
         177  0.88853223709272922        1.7264641354177567E-003
         178  0.88274343168285940        1.7058570041892881E-003
         179  0.88126548290243956        1.6957933855074742E-003
         180  0.87710956107999816        1.6788703990205189E-003
         181  0.87692568417064520        1.6739432332222972E-003
         182  0.86915381919845547        1.6487365966883121E-003
         183  0.87211930596356291        1.6475061081136072E-003
         184  0.86381762594988942        1.6244062694320651E-003
         185  0.86151908778679276        1.6132773833865133E-003
         186  0.86119003163480068        1.6077663927044445E-003
         187  0.85307309556763355        1.5879520865945535E-003
         188  0.84888646236452603        1.5719153469247436E-003
         189  0.84634011913322571        1.5629113928066255E-003
         190  0.84503353796968395        1.5497881528164636E-003
         191  0.84176747699519427        1.5377869960139631E-003
         192  0.83774491544332697        1.5239014894416196E-003
         193  0.83331934195502078        1.5062837034956174E-003
         194  0.83097737198287336        1.4975289187052769E-003
         195  0.82541928122912511        1.4842007500264133E-003
         196  0.82222050943175162        1.4677876163421142E-003
         197  0.81460294950941869        1.4474471327620190E-003
         198  0.81420429459515975        1.4393159923510636E-003
         199  0.81220658279502922        1.4351307088863404E-003
         200  0.80667987573298017        1.4153064933070524E-003
