 # Pos, Avg_Dens, Err_Dens
           1  0.50236363636363635        1.5075398780286815E-003
           2  0.49550909090909090        1.5074959120569846E-003
           3  0.49941818181818182        1.5075557022351937E-003
           4  0.50039090909090911        1.5075562621495113E-003
           5  0.50078181818181822        1.5075548799307458E-003
           6  0.49630000000000002        1.5075154454206490E-003
           7  0.49735454545454544        1.5075356216814970E-003
           8  0.49811818181818179        1.5075460456116651E-003
           9  0.49820909090909093        1.5075470523174938E-003
          10  0.49743636363636362        1.5075369067353030E-003
          11  0.50002727272727276        1.5075567206461718E-003
          12  0.49942727272727272        1.5075557338814468E-003
          13  0.49994545454545453        1.5075567139182326E-003
          14  0.50170909090909088        1.5075479157416357E-003
          15  0.49783636363636363        1.5075426081048889E-003
          16  0.50030909090909093        1.5075564348333243E-003
          17  0.49926363636363635        1.5075550879987318E-003
          18  0.50041818181818187        1.5075561956176473E-003
          19  0.49803636363636361        1.5075450969652356E-003
          20  0.49889090909090911        1.5075530140455347E-003
          21  0.50031818181818177        1.5075564176396988E-003
          22  0.50091818181818182        1.5075541809716122E-003
          23  0.49810909090909089        1.5075459422000136E-003
          24  0.50041818181818187        1.5075561956176473E-003
          25  0.50048181818181814        1.5075560229338069E-003
          26  0.49709090909090908        1.5075312063409037E-003
          27  0.49914545454545456        1.5075545211068460E-003
          28  0.49581818181818182        1.5075039948588536E-003
          29  0.49728181818181816        1.5075344455211487E-003
          30  0.50032727272727273        1.5075563999477069E-003
          31  0.49960909090909089        1.5075562621495113E-003
          32  0.50042727272727272        1.5075561724436266E-003
          33  0.49946363636363639        1.5075558554827912E-003
          34  0.49558181818181818        1.5074978657286912E-003
          35  0.49748181818181819        1.5075376032105848E-003
          36  0.50057272727272728        1.5075557338814468E-003
          37  0.49752727272727271        1.5075382872262459E-003
          38  0.49999090909090910        1.5075567226396352E-003
          39  0.49832727272727273        1.5075482865279553E-003
          40  0.49864545454545456        1.5075511907684520E-003
          41  0.49841818181818182        1.5075491786075705E-003
          42  0.49930909090909092        1.5075552836075310E-003
          43  0.49862727272727275        1.5075510412581384E-003
          44  0.50100000000000000        1.5075537077723575E-003
          45  0.49967272727272727        1.5075563999477069E-003
          46  0.49873636363636364        1.5075519084177514E-003
          47  0.50071818181818184        1.5075551677373536E-003
          48  0.49967272727272727        1.5075563999477069E-003
          49  0.49866363636363636        1.5075513382852804E-003
          50  0.50009090909090914        1.5075566979705249E-003
          51  0.50060000000000004        1.5075556374475870E-003
          52  0.49790000000000001        1.5075434261798833E-003
          53  0.50319090909090913        1.5075260229901462E-003
          54  0.49788181818181820        1.5075431949360678E-003
          55  0.49942727272727272        1.5075557338814468E-003
          56  0.49980909090909093        1.5075566129991423E-003
          57  0.49773636363636364        1.5075412732188469E-003
          58  0.49957272727272728        1.5075561724436266E-003
          59  0.49980000000000002        1.5075566022842754E-003
          60  0.49555454545454547        1.5074971368399896E-003
          61  0.50241818181818176        1.5075390915983639E-003
          62  0.49927272727272726        1.5075551281172265E-003
          63  0.50040909090909091        1.5075562182933016E-003
          64  0.50145454545454549        1.5075503437923291E-003
          65  0.49966363636363637        1.5075563817573492E-003
          66  0.49919090909090907        1.5075547491095423E-003
          67  0.49601818181818180        1.5075089178809551E-003
          68  0.49985454545454544        1.5075566590979869E-003
          69  0.50089090909090905        1.5075543297340646E-003
          70  0.49932727272727273        1.5075553583624793E-003
          71  0.50150909090909090        1.5075498563883779E-003
          72  0.50118181818181817        1.5075525116914294E-003
          73  0.50115454545454541        1.5075527038119925E-003
          74  0.49939090909090911        1.5075556043062331E-003
          75  0.50232727272727273        1.5075403923479069E-003
          76  0.49860909090909089        1.5075508897543389E-003
          77  0.50009090909090914        1.5075566979705249E-003
          78  0.49843636363636362        1.5075493510430108E-003
          79  0.49805454545454547        1.5075453112641923E-003
          80  0.49791818181818182        1.5075436554301831E-003
          81  0.49905454545454547        1.5075540277238444E-003
          82  0.49790909090909091        1.5075435410542228E-003
          83  0.49961818181818179        1.5075562833300664E-003
          84  0.50004545454545457        1.5075567166592449E-003
          85  0.49940000000000001        1.5075556374475870E-003
          86  0.49957272727272728        1.5075561724436266E-003
          87  0.49566363636363636        1.5075000254799128E-003
          88  0.49735454545454544        1.5075356216814970E-003
          89  0.49969999999999998        1.5075564515285836E-003
          90  0.49581818181818182        1.5075039948588536E-003
          91  0.50171818181818184        1.5075478217991193E-003
          92  0.49867272727272727        1.5075514112961378E-003
          93  0.49730909090909092        1.5075348903191850E-003
          94  0.49909999999999999        1.5075542806449488E-003
          95  0.50169090909090908        1.5075481021315442E-003
          96  0.49924545454545455        1.5075550062666400E-003
          97  0.49763636363636365        1.5075398780286815E-003
          98  0.49555454545454547        1.5074971368399896E-003
          99  0.50008181818181818        1.5075567027050007E-003
         100  0.49742727272727272        1.5075367659450908E-003
         101  0.49808181818181818        1.5075456289747988E-003
         102  0.49785454545454544        1.5075428443324993E-003
         103  0.49700909090909090        1.5075297508380749E-003
         104  0.49758181818181818        1.5075390915983639E-003
         105  0.49821818181818184        1.5075471502470101E-003
         106  0.49940000000000001        1.5075556374475870E-003
         107  0.49914545454545456        1.5075545211068460E-003
         108  0.49959090909090909        1.5075562182933016E-003
         109  0.49520909090909093        1.5074875159744885E-003
         110  0.49983636363636363        1.5075566421535469E-003
         111  0.49555454545454547        1.5074971368399896E-003
         112  0.49784545454545454        1.5075427264678838E-003
         113  0.49646363636363638        1.5075190158071923E-003
         114  0.49810909090909089        1.5075459422000136E-003
         115  0.49787272727272730        1.5075430785665908E-003
         116  0.49990000000000001        1.5075566927376834E-003
         117  0.49651818181818180        1.5075201700509495E-003
         118  0.49681818181818183        1.5075261976709269E-003
         119  0.49984545454545454        1.5075566508749498E-003
         120  0.50139999999999996        1.5075508132548815E-003
         121  0.49781818181818183        1.5075423698837592E-003
         122  0.49748181818181819        1.5075376032105848E-003
         123  0.49800909090909090        1.5075447717789699E-003
         124  0.50143636363636368        1.5075505022733343E-003
         125  0.49726363636363635        1.5075341464971851E-003
         126  0.49754545454545457        1.5075385573438203E-003
         127  0.49943636363636362        1.5075557650293331E-003
         128  0.49942727272727272        1.5075557338814468E-003
         129  0.49618181818181817        1.5075127663792414E-003
         130  0.49805454545454547        1.5075453112641923E-003
         131  0.49953636363636361        1.5075560747638795E-003
         132  0.49690909090909091        1.5075279170669738E-003
         133  0.49939090909090911        1.5075556043062331E-003
         134  0.49764545454545456        1.5075400073560612E-003
         135  0.49749090909090909        1.5075377410104860E-003
         136  0.49882727272727273        1.5075525762299870E-003
         137  0.49879090909090912        1.5075523150855361E-003
         138  0.50117272727272733        1.5075525762299870E-003
         139  0.49777272727272726        1.5075417656092811E-003
         140  0.49977272727272726        1.5075565671494792E-003
         141  0.50115454545454541        1.5075527038119925E-003
         142  0.49665454545454546        1.5075229771620981E-003
         143  0.50147272727272729        1.5075501833178349E-003
         144  0.50082727272727268        1.5075546594035675E-003
         145  0.49738181818181820        1.5075360545182416E-003
         146  0.50137272727272730        1.5075510412581384E-003
         147  0.50060909090909089        1.5075556043062329E-003
         148  0.49730909090909092        1.5075348903191850E-003
         149  0.49961818181818179        1.5075562833300664E-003
         150  0.49778181818181816        1.5075418874609377E-003
         151  0.49988181818181820        1.5075566807769025E-003
         152  0.49953636363636361        1.5075560747638795E-003
         153  0.49719999999999998        1.5075330842140744E-003
         154  0.49928181818181816        1.5075551677373536E-003
         155  0.49843636363636362        1.5075493510430108E-003
         156  0.49711818181818179        1.5075316825374665E-003
         157  0.50019090909090913        1.5075566129991423E-003
         158  0.50141818181818176        1.5075506587608517E-003
         159  0.50012727272727275        1.5075566740489631E-003
         160  0.50019090909090913        1.5075566129991423E-003
         161  0.49850000000000000        1.5075499388683010E-003
         162  0.50097272727272724        1.5075538699907600E-003
         163  0.49752727272727271        1.5075382872262459E-003
         164  0.50090909090909086        1.5075542310574648E-003
         165  0.49766363636363636        1.5075402645156738E-003
         166  0.49962727272727275        1.5075563040122554E-003
         167  0.50151818181818186        1.5075497734100822E-003
         168  0.49869999999999998        1.5075516273384832E-003
         169  0.49888181818181820        1.5075529529955656E-003
         170  0.49864545454545456        1.5075511907684520E-003
         171  0.49733636363636363        1.5075353306317335E-003
         172  0.50084545454545459        1.5075545677041213E-003
         173  0.49856363636363638        1.5075505022733345E-003
         174  0.50486363636363640        1.5074853988176419E-003
         175  0.49896363636363639        1.5075534845039895E-003
         176  0.49870909090909094        1.5075516983558564E-003
         177  0.50080000000000002        1.5075547932149778E-003
         178  0.49691818181818181        1.5075280862654062E-003
         179  0.49969090909090907        1.5075564348333243E-003
         180  0.49961818181818179        1.5075562833300664E-003
         181  0.49798181818181819        1.5075444421073050E-003
         182  0.49952727272727271        1.5075560490980266E-003
         183  0.50189090909090905        1.5075459422000134E-003
         184  0.50143636363636368        1.5075505022733343E-003
         185  0.50137272727272730        1.5075510412581384E-003
         186  0.50010909090909095        1.5075566870064760E-003
         187  0.50207272727272723        1.5075437693077647E-003
         188  0.50013636363636360        1.5075566668226578E-003
         189  0.49783636363636363        1.5075426081048889E-003
         190  0.49762727272727275        1.5075397482029191E-003
         191  0.50052727272727271        1.5075558846372105E-003
         192  0.49898181818181819        1.5075535971349112E-003
         193  0.49930000000000002        1.5075552454825059E-003
         194  0.49849090909090910        1.5075498563883779E-003
         195  0.49890000000000001        1.5075530745971343E-003
         196  0.50058181818181813        1.5075557022351939E-003
         197  0.50000000000000000        1.5075567228888182E-003
         198  0.50299090909090904        1.5075297508380749E-003
         199  0.49928181818181816        1.5075551677373536E-003
         200  0.49977272727272726        1.5075565671494792E-003
         201  0.49936363636363634        1.5075555018919697E-003
         202  0.50032727272727273        1.5075563999477069E-003
         203  0.50070000000000003        1.5075552454825057E-003
         204  0.49905454545454547        1.5075540277238444E-003
         205  0.49945454545454543        1.5075558258300053E-003
         206  0.49912727272727275        1.5075544264171916E-003
         207  0.50047272727272729        1.5075560490980266E-003
         208  0.50255454545454548        1.5075370470271298E-003
         209  0.50091818181818182        1.5075541809716122E-003
         210  0.50183636363636364        1.5075465551942788E-003
         211  0.49709090909090908        1.5075312063409037E-003
         212  0.49971818181818184        1.5075564834240039E-003
         213  0.49969999999999998        1.5075564515285836E-003
         214  0.49897272727272729        1.5075535410686348E-003
         215  0.49917272727272727        1.5075546594035675E-003
         216  0.49957272727272728        1.5075561724436266E-003
         217  0.49859999999999999        1.5075508132548815E-003
         218  0.50009999999999999        1.5075566927376834E-003
         219  0.50043636363636368        1.5075561487712394E-003
         220  0.50119999999999998        1.5075523811192040E-003
         221  0.50048181818181814        1.5075560229338069E-003
         222  0.50188181818181821        1.5075460456116651E-003
         223  0.49918181818181817        1.5075547045057388E-003
         224  0.50048181818181814        1.5075560229338069E-003
         225  0.50045454545454549        1.5075560999313659E-003
         226  0.50029090909090912        1.5075564677254768E-003
         227  0.50150909090909090        1.5075498563883779E-003
         228  0.49996363636363639        1.5075567189018913E-003
         229  0.49924545454545455        1.5075550062666400E-003
         230  0.49940909090909091        1.5075556700905738E-003
         231  0.50121818181818178        1.5075522485534980E-003
         232  0.49988181818181820        1.5075566807769025E-003
         233  0.49892727272727272        1.5075532532617163E-003
         234  0.49931818181818183        1.5075553212341886E-003
         235  0.50306363636363638        1.5075284231670888E-003
         236  0.50020909090909094        1.5075565910710428E-003
         237  0.50140909090909092        1.5075507362570524E-003
         238  0.50061818181818185        1.5075555706665121E-003
         239  0.50081818181818183        1.5075547045057388E-003
         240  0.50345454545454549        1.5075207404443968E-003
         241  0.49920909090909094        1.5075548368220456E-003
         242  0.50370000000000004        1.5075154454206490E-003
         243  0.50420909090909094        1.5075033048470303E-003
         244  0.50163636363636366        1.5075486493402869E-003
         245  0.50236363636363635        1.5075398780286815E-003
         246  0.50159090909090909        1.5075490916422905E-003
         247  0.49959090909090909        1.5075562182933016E-003
         248  0.50070909090909088        1.5075552068591132E-003
         249  0.50363636363636366        1.5075168530929029E-003
         250  0.50242727272727272        1.5075389587823034E-003
         251  0.50149999999999995        1.5075499388683012E-003
         252  0.49922727272727274        1.5075549225410782E-003
         253  0.50097272727272724        1.5075538699907600E-003
         254  0.50280909090909087        1.5075329304657884E-003
         255  0.50158181818181813        1.5075491786075703E-003
         256  0.50112727272727275        1.5075528914472269E-003
         257  0.50240909090909092        1.5075392239160411E-003
         258  0.49992727272727272        1.5075567069411104E-003
         259  0.50156363636363632        1.5075493510430108E-003
         260  0.50131818181818177        1.5075514838086238E-003
         261  0.50016363636363637        1.5075566421535469E-003
         262  0.50381818181818183        1.5075127663792417E-003
         263  0.50149999999999995        1.5075499388683012E-003
         264  0.50119090909090913        1.5075524466545017E-003
         265  0.50204545454545457        1.5075441079502373E-003
         266  0.50081818181818183        1.5075547045057388E-003
         267  0.49788181818181820        1.5075431949360678E-003
         268  0.49946363636363639        1.5075558554827912E-003
         269  0.50136363636363634        1.5075511162624810E-003
         270  0.50093636363636362        1.5075540793048022E-003
         271  0.50212727272727276        1.5075430785665908E-003
         272  0.50065454545454546        1.5075554311239586E-003
         273  0.50130909090909093        1.5075515558227392E-003
         274  0.50264545454545451        1.5075356216814970E-003
         275  0.50405454545454542        1.5075071556023660E-003
         276  0.50046363636363633        1.5075560747638795E-003
         277  0.50196363636363639        1.5075450969652356E-003
         278  0.50193636363636362        1.5075454176661049E-003
         279  0.50029090909090912        1.5075564677254768E-003
         280  0.50362727272727270        1.5075170521953159E-003
         281  0.50127272727272731        1.5075518388954906E-003
         282  0.50033636363636369        1.5075563817573492E-003
         283  0.49926363636363635        1.5075550879987318E-003
         284  0.49973636363636365        1.5075565133259600E-003
         285  0.50082727272727268        1.5075546594035675E-003
         286  0.50157272727272728        1.5075492650744773E-003
         287  0.49740909090909091        1.5075364828695090E-003
         288  0.50169090909090908        1.5075481021315442E-003
         289  0.49923636363636364        1.5075549646530429E-003
         290  0.49930909090909092        1.5075552836075310E-003
         291  0.50422727272727275        1.5075028423470543E-003
         292  0.50075454545454545        1.5075550062666403E-003
         293  0.50115454545454541        1.5075527038119925E-003
         294  0.50000909090909096        1.5075567226396352E-003
         295  0.50109090909090914        1.5075531346503644E-003
         296  0.50048181818181814        1.5075560229338069E-003
         297  0.50025454545454551        1.5075565275293888E-003
         298  0.50227272727272732        1.5075411488752858E-003
         299  0.50359090909090909        1.5075178436209178E-003
         300  0.50126363636363636        1.5075519084177514E-003
         301  0.50235454545454550        1.5075400073560612E-003
         302  0.50092727272727278        1.5075541303873913E-003
         303  0.50056363636363632        1.5075557650293331E-003
         304  0.49980000000000002        1.5075566022842754E-003
         305  0.50129090909090912        1.5075516983558564E-003
         306  0.50151818181818186        1.5075497734100822E-003
         307  0.50169090909090908        1.5075481021315442E-003
         308  0.50020909090909094        1.5075565910710428E-003
         309  0.49847272727272729        1.5075496899334137E-003
         310  0.50106363636363638        1.5075533118198384E-003
         311  0.50007272727272722        1.5075567069411104E-003
         312  0.50076363636363641        1.5075549646530429E-003
         313  0.50250909090909091        1.5075377410104860E-003
         314  0.49909090909090909        1.5075542310574648E-003
         315  0.50060909090909089        1.5075556043062329E-003
         316  0.50217272727272733        1.5075424892435139E-003
         317  0.50453636363636367        1.5074946748133253E-003
         318  0.50206363636363638        1.5075438826869674E-003
         319  0.50075454545454545        1.5075550062666403E-003
         320  0.49940000000000001        1.5075556374475870E-003
         321  0.49920909090909094        1.5075548368220456E-003
         322  0.49970909090909094        1.5075564677254768E-003
         323  0.50273636363636365        1.5075341464971851E-003
         324  0.50242727272727272        1.5075389587823034E-003
         325  0.50049090909090910        1.5075559962712210E-003
         326  0.50029090909090912        1.5075564677254768E-003
         327  0.49917272727272727        1.5075546594035675E-003
         328  0.50089090909090905        1.5075543297340646E-003
         329  0.50348181818181814        1.5075201700509493E-003
         330  0.49830909090909092        1.5075481021315442E-003
         331  0.49919999999999998        1.5075547932149778E-003
         332  0.50294545454545458        1.5075305644346761E-003
         333  0.50093636363636362        1.5075540793048022E-003
         334  0.50263636363636366        1.5075357664587985E-003
         335  0.50189090909090905        1.5075459422000134E-003
         336  0.49959090909090909        1.5075562182933016E-003
         337  0.50039999999999996        1.5075562404705896E-003
         338  0.50137272727272730        1.5075510412581384E-003
         339  0.50211818181818180        1.5075431949360678E-003
         340  0.50024545454545455        1.5075565412344517E-003
         341  0.49911818181818179        1.5075543783248124E-003
         342  0.49942727272727272        1.5075557338814468E-003
         343  0.49945454545454543        1.5075558258300053E-003
         344  0.49972727272727274        1.5075564986241649E-003
         345  0.50432727272727274        1.5075002629601575E-003
         346  0.50123636363636359        1.5075521139943106E-003
         347  0.50053636363636367        1.5075558554827912E-003
         348  0.50121818181818178        1.5075522485534980E-003
         349  0.50100000000000000        1.5075537077723575E-003
         350  0.50064545454545450        1.5075554667571477E-003
         351  0.50244545454545453        1.5075386916550317E-003
         352  0.50350909090909091        1.5075195951718828E-003
         353  0.50078181818181822        1.5075548799307458E-003
         354  0.50111818181818180        1.5075529529955656E-003
         355  0.50227272727272732        1.5075411488752858E-003
         356  0.50197272727272724        1.5075449890681915E-003
         357  0.50179090909090907        1.5075470523174938E-003
         358  0.50367272727272727        1.5075160516991948E-003
         359  0.50174545454545449        1.5075475369813226E-003
         360  0.50196363636363639        1.5075450969652356E-003
         361  0.50004545454545457        1.5075567166592449E-003
         362  0.50159090909090909        1.5075490916422905E-003
         363  0.50112727272727275        1.5075528914472269E-003
         364  0.50002727272727276        1.5075567206461718E-003
         365  0.50290909090909086        1.5075312063409037E-003
         366  0.50029090909090912        1.5075564677254768E-003
         367  0.49780000000000002        1.5075421296691090E-003
         368  0.50097272727272724        1.5075538699907600E-003
         369  0.50174545454545449        1.5075475369813226E-003
         370  0.49825454545454545        1.5075475369813226E-003
         371  0.49900909090909090        1.5075537623435269E-003
         372  0.50008181818181818        1.5075567027050007E-003
         373  0.49929090909090912        1.5075552068591132E-003
         374  0.49998181818181819        1.5075567218920864E-003
         375  0.50136363636363634        1.5075511162624810E-003
         376  0.49882727272727273        1.5075525762299870E-003
         377  0.49948181818181819        1.5075559132932631E-003
         378  0.50102727272727277        1.5075535410686348E-003
         379  0.50111818181818180        1.5075529529955656E-003
         380  0.50238181818181815        1.5075396178787740E-003
         381  0.50108181818181818        1.5075531942052251E-003
         382  0.50084545454545459        1.5075545677041213E-003
         383  0.50309999999999999        1.5075277473701467E-003
         384  0.50331818181818178        1.5075235251275261E-003
         385  0.49859090909090908        1.5075507362570526E-003
         386  0.49969090909090907        1.5075564348333243E-003
         387  0.49988181818181820        1.5075566807769025E-003
         388  0.49968181818181817        1.5075564176396988E-003
         389  0.50167272727272727        1.5075482865279553E-003
         390  0.49992727272727272        1.5075567069411104E-003
         391  0.49840909090909091        1.5075490916422905E-003
         392  0.49981818181818183        1.5075566232156431E-003
         393  0.50109090909090914        1.5075531346503644E-003
         394  0.50019090909090913        1.5075566129991423E-003
         395  0.50380909090909087        1.5075129754498009E-003
         396  0.50109999999999999        1.5075530745971345E-003
         397  0.49837272727272725        1.5075487387974350E-003
         398  0.50220909090909094        1.5075420088142136E-003
         399  0.50296363636363639        1.5075302404912122E-003
         400  0.50206363636363638        1.5075438826869674E-003
