# x, rho, T
# CSV format for plotting
# x,rho,T
  0.00000000E+00,  0.50000000E+00,  0.40000000E+01
  0.12500000E-02,  0.50000000E+00,  0.39962500E+01
  0.25000000E-02,  0.50000000E+00,  0.39925000E+01
  0.37500000E-02,  0.50000000E+00,  0.39887500E+01
  0.50000000E-02,  0.50000000E+00,  0.39850000E+01
  0.62500000E-02,  0.50000000E+00,  0.39812500E+01
  0.75000000E-02,  0.50000000E+00,  0.39775000E+01
  0.87500000E-02,  0.50000000E+00,  0.39737500E+01
  0.10000000E-01,  0.50000000E+00,  0.39700000E+01
  0.11250000E-01,  0.50000000E+00,  0.39662500E+01
  0.12500000E-01,  0.50000000E+00,  0.39625000E+01
  0.13750000E-01,  0.50000000E+00,  0.39587500E+01
  0.15000000E-01,  0.50000000E+00,  0.39550000E+01
  0.16250000E-01,  0.50000000E+00,  0.39512500E+01
  0.17500000E-01,  0.50000000E+00,  0.39475000E+01
  0.18750000E-01,  0.50000000E+00,  0.39437500E+01
  0.20000000E-01,  0.50000000E+00,  0.39400000E+01
  0.21250000E-01,  0.50000000E+00,  0.39362500E+01
  0.22500000E-01,  0.50000000E+00,  0.39325000E+01
  0.23750000E-01,  0.50000000E+00,  0.39287500E+01
  0.25000000E-01,  0.50000000E+00,  0.39250000E+01
  0.26250000E-01,  0.50000000E+00,  0.39212500E+01
  0.27500000E-01,  0.50000000E+00,  0.39175000E+01
  0.28750000E-01,  0.50000000E+00,  0.39137500E+01
  0.30000000E-01,  0.50000000E+00,  0.39100000E+01
  0.31250000E-01,  0.50000000E+00,  0.39062500E+01
  0.32500000E-01,  0.50000000E+00,  0.39025000E+01
  0.33750000E-01,  0.50000000E+00,  0.38987500E+01
  0.35000000E-01,  0.50000000E+00,  0.38950000E+01
  0.36250000E-01,  0.50000000E+00,  0.38912500E+01
  0.37500000E-01,  0.50000000E+00,  0.38875000E+01
  0.38750000E-01,  0.50000000E+00,  0.38837500E+01
  0.40000000E-01,  0.50000000E+00,  0.38800000E+01
  0.41250000E-01,  0.50000000E+00,  0.38762500E+01
  0.42500000E-01,  0.50000000E+00,  0.38725000E+01
  0.43750000E-01,  0.50000000E+00,  0.38687500E+01
  0.45000000E-01,  0.50000000E+00,  0.38650000E+01
  0.46250000E-01,  0.50000000E+00,  0.38612500E+01
  0.47500000E-01,  0.50000000E+00,  0.38575000E+01
  0.48750000E-01,  0.50000000E+00,  0.38537500E+01
  0.50000000E-01,  0.50000000E+00,  0.38500000E+01
  0.51250000E-01,  0.50000000E+00,  0.38462500E+01
  0.52500000E-01,  0.50000000E+00,  0.38425000E+01
  0.53750000E-01,  0.50000000E+00,  0.38387500E+01
  0.55000000E-01,  0.50000000E+00,  0.38350000E+01
  0.56250000E-01,  0.50000000E+00,  0.38312500E+01
  0.57500000E-01,  0.50000000E+00,  0.38275000E+01
  0.58750000E-01,  0.50000000E+00,  0.38237500E+01
  0.60000000E-01,  0.50000000E+00,  0.38200000E+01
  0.61250000E-01,  0.50000000E+00,  0.38162500E+01
  0.62500000E-01,  0.50000000E+00,  0.38125000E+01
  0.63750000E-01,  0.50000000E+00,  0.38087500E+01
  0.65000000E-01,  0.50000000E+00,  0.38050000E+01
  0.66250000E-01,  0.50000000E+00,  0.38012500E+01
  0.67500000E-01,  0.50000000E+00,  0.37975000E+01
  0.68750000E-01,  0.50000000E+00,  0.37937500E+01
  0.70000000E-01,  0.50000000E+00,  0.37900000E+01
  0.71250000E-01,  0.50000000E+00,  0.37862500E+01
  0.72500000E-01,  0.50000000E+00,  0.37825000E+01
  0.73750000E-01,  0.50000000E+00,  0.37787500E+01
  0.75000000E-01,  0.50000000E+00,  0.37750000E+01
  0.76250000E-01,  0.50000000E+00,  0.37712500E+01
  0.77500000E-01,  0.50000000E+00,  0.37675000E+01
  0.78750000E-01,  0.50000000E+00,  0.37637500E+01
  0.80000000E-01,  0.50000000E+00,  0.37600000E+01
  0.81250000E-01,  0.50000000E+00,  0.37562500E+01
  0.82500000E-01,  0.50000000E+00,  0.37525000E+01
  0.83750000E-01,  0.50000000E+00,  0.37487500E+01
  0.85000000E-01,  0.50000000E+00,  0.37450000E+01
  0.86250000E-01,  0.50000000E+00,  0.37412500E+01
  0.87500000E-01,  0.50000000E+00,  0.37375000E+01
  0.88750000E-01,  0.50000000E+00,  0.37337500E+01
  0.90000000E-01,  0.50000000E+00,  0.37300000E+01
  0.91250000E-01,  0.50000000E+00,  0.37262500E+01
  0.92500000E-01,  0.50000000E+00,  0.37225000E+01
  0.93750000E-01,  0.50000000E+00,  0.37187500E+01
  0.95000000E-01,  0.50000000E+00,  0.37150000E+01
  0.96250000E-01,  0.50000000E+00,  0.37112500E+01
  0.97500000E-01,  0.50000000E+00,  0.37075000E+01
  0.98750000E-01,  0.50000000E+00,  0.37037500E+01
  0.10000000E+00,  0.50000000E+00,  0.37000000E+01
  0.10125000E+00,  0.50000000E+00,  0.36962500E+01
  0.10250000E+00,  0.50000000E+00,  0.36925000E+01
  0.10375000E+00,  0.50000000E+00,  0.36887500E+01
  0.10500000E+00,  0.50000000E+00,  0.36850000E+01
  0.10625000E+00,  0.50000000E+00,  0.36812500E+01
  0.10750000E+00,  0.50000000E+00,  0.36775000E+01
  0.10875000E+00,  0.50000000E+00,  0.36737500E+01
  0.11000000E+00,  0.50000000E+00,  0.36700000E+01
  0.11125000E+00,  0.50000000E+00,  0.36662500E+01
  0.11250000E+00,  0.50000000E+00,  0.36625000E+01
  0.11375000E+00,  0.50000000E+00,  0.36587500E+01
  0.11500000E+00,  0.50000000E+00,  0.36550000E+01
  0.11625000E+00,  0.50000000E+00,  0.36512500E+01
  0.11750000E+00,  0.50000000E+00,  0.36475000E+01
  0.11875000E+00,  0.50000000E+00,  0.36437500E+01
  0.12000000E+00,  0.50000000E+00,  0.36400000E+01
  0.12125000E+00,  0.50000000E+00,  0.36362500E+01
  0.12250000E+00,  0.50000000E+00,  0.36325000E+01
  0.12375000E+00,  0.50000000E+00,  0.36287500E+01
  0.12500000E+00,  0.50000000E+00,  0.36250000E+01
  0.12625000E+00,  0.50000000E+00,  0.36212500E+01
  0.12750000E+00,  0.50000000E+00,  0.36175000E+01
  0.12875000E+00,  0.50000000E+00,  0.36137500E+01
  0.13000000E+00,  0.50000000E+00,  0.36100000E+01
  0.13125000E+00,  0.50000000E+00,  0.36062500E+01
  0.13250000E+00,  0.50000000E+00,  0.36025000E+01
  0.13375000E+00,  0.50000000E+00,  0.35987500E+01
  0.13500000E+00,  0.50000000E+00,  0.35950000E+01
  0.13625000E+00,  0.50000000E+00,  0.35912500E+01
  0.13750000E+00,  0.50000000E+00,  0.35875000E+01
  0.13875000E+00,  0.50000000E+00,  0.35837500E+01
  0.14000000E+00,  0.50000000E+00,  0.35800000E+01
  0.14125000E+00,  0.50000000E+00,  0.35762500E+01
  0.14250000E+00,  0.50000000E+00,  0.35725000E+01
  0.14375000E+00,  0.50000000E+00,  0.35687500E+01
  0.14500000E+00,  0.50000000E+00,  0.35650000E+01
  0.14625000E+00,  0.50000000E+00,  0.35612500E+01
  0.14750000E+00,  0.50000000E+00,  0.35575000E+01
  0.14875000E+00,  0.50000000E+00,  0.35537500E+01
  0.15000000E+00,  0.50000000E+00,  0.35500000E+01
  0.15125000E+00,  0.50000000E+00,  0.35462500E+01
  0.15250000E+00,  0.50000000E+00,  0.35425000E+01
  0.15375000E+00,  0.50000000E+00,  0.35387500E+01
  0.15500000E+00,  0.50000000E+00,  0.35350000E+01
  0.15625000E+00,  0.50000000E+00,  0.35312500E+01
  0.15750000E+00,  0.50000000E+00,  0.35275000E+01
  0.15875000E+00,  0.50000000E+00,  0.35237500E+01
  0.16000000E+00,  0.50000000E+00,  0.35200000E+01
  0.16125000E+00,  0.50000000E+00,  0.35162500E+01
  0.16250000E+00,  0.50000000E+00,  0.35125000E+01
  0.16375000E+00,  0.50000000E+00,  0.35087500E+01
  0.16500000E+00,  0.50000000E+00,  0.35050000E+01
  0.16625000E+00,  0.50000000E+00,  0.35012500E+01
  0.16750000E+00,  0.50000000E+00,  0.34975000E+01
  0.16875000E+00,  0.50000000E+00,  0.34937500E+01
  0.17000000E+00,  0.50000000E+00,  0.34900000E+01
  0.17125000E+00,  0.50000000E+00,  0.34862500E+01
  0.17250000E+00,  0.50000000E+00,  0.34825000E+01
  0.17375000E+00,  0.50000000E+00,  0.34787500E+01
  0.17500000E+00,  0.50000000E+00,  0.34750000E+01
  0.17625000E+00,  0.50000000E+00,  0.34712500E+01
  0.17750000E+00,  0.50000000E+00,  0.34675000E+01
  0.17875000E+00,  0.50000000E+00,  0.34637500E+01
  0.18000000E+00,  0.50000000E+00,  0.34600000E+01
  0.18125000E+00,  0.50000000E+00,  0.34562500E+01
  0.18250000E+00,  0.50000000E+00,  0.34525000E+01
  0.18375000E+00,  0.50000000E+00,  0.34487500E+01
  0.18500000E+00,  0.50000000E+00,  0.34450000E+01
  0.18625000E+00,  0.50000000E+00,  0.34412500E+01
  0.18750000E+00,  0.50000000E+00,  0.34375000E+01
  0.18875000E+00,  0.50000000E+00,  0.34337500E+01
  0.19000000E+00,  0.50000000E+00,  0.34300000E+01
  0.19125000E+00,  0.50000000E+00,  0.34262500E+01
  0.19250000E+00,  0.50000000E+00,  0.34225000E+01
  0.19375000E+00,  0.50000000E+00,  0.34187500E+01
  0.19500000E+00,  0.50000000E+00,  0.34150000E+01
  0.19625000E+00,  0.50000000E+00,  0.34112500E+01
  0.19750000E+00,  0.50000000E+00,  0.34075000E+01
  0.19875000E+00,  0.50000000E+00,  0.34037500E+01
  0.20000000E+00,  0.50000000E+00,  0.34000000E+01
  0.20125000E+00,  0.50000000E+00,  0.33962500E+01
  0.20250000E+00,  0.50000000E+00,  0.33925000E+01
  0.20375000E+00,  0.50000000E+00,  0.33887500E+01
  0.20500000E+00,  0.50000000E+00,  0.33850000E+01
  0.20625000E+00,  0.50000000E+00,  0.33812500E+01
  0.20750000E+00,  0.50000000E+00,  0.33775000E+01
  0.20875000E+00,  0.50000000E+00,  0.33737500E+01
  0.21000000E+00,  0.50000000E+00,  0.33700000E+01
  0.21125000E+00,  0.50000000E+00,  0.33662500E+01
  0.21250000E+00,  0.50000000E+00,  0.33625000E+01
  0.21375000E+00,  0.50000000E+00,  0.33587500E+01
  0.21500000E+00,  0.50000000E+00,  0.33550000E+01
  0.21625000E+00,  0.50000000E+00,  0.33512500E+01
  0.21750000E+00,  0.50000000E+00,  0.33475000E+01
  0.21875000E+00,  0.50000000E+00,  0.33437500E+01
  0.22000000E+00,  0.50000000E+00,  0.33400000E+01
  0.22125000E+00,  0.50000000E+00,  0.33362500E+01
  0.22250000E+00,  0.50000000E+00,  0.33325000E+01
  0.22375000E+00,  0.50000000E+00,  0.33287500E+01
  0.22500000E+00,  0.50000000E+00,  0.33250000E+01
  0.22625000E+00,  0.50000000E+00,  0.33212500E+01
  0.22750000E+00,  0.50000000E+00,  0.33175000E+01
  0.22875000E+00,  0.50000000E+00,  0.33137500E+01
  0.23000000E+00,  0.50000000E+00,  0.33100000E+01
  0.23125000E+00,  0.50000000E+00,  0.33062500E+01
  0.23250000E+00,  0.50000000E+00,  0.33025000E+01
  0.23375000E+00,  0.50000000E+00,  0.32987500E+01
  0.23500000E+00,  0.50000000E+00,  0.32950000E+01
  0.23625000E+00,  0.50000000E+00,  0.32912500E+01
  0.23750000E+00,  0.50000000E+00,  0.32875000E+01
  0.23875000E+00,  0.50000000E+00,  0.32837500E+01
  0.24000000E+00,  0.50000000E+00,  0.32800000E+01
  0.24125000E+00,  0.50000000E+00,  0.32762500E+01
  0.24250000E+00,  0.50000000E+00,  0.32725000E+01
  0.24375000E+00,  0.50000000E+00,  0.32687500E+01
  0.24500000E+00,  0.50000000E+00,  0.32650000E+01
  0.24625000E+00,  0.50000000E+00,  0.32612500E+01
  0.24750000E+00,  0.50000000E+00,  0.32575000E+01
  0.24875000E+00,  0.50000000E+00,  0.32537500E+01
  0.25000000E+00,  0.50000000E+00,  0.32500000E+01
  0.25125000E+00,  0.50000000E+00,  0.32462500E+01
  0.25250000E+00,  0.50000000E+00,  0.32425000E+01
  0.25375000E+00,  0.50000000E+00,  0.32387500E+01
  0.25500000E+00,  0.50000000E+00,  0.32350000E+01
  0.25625000E+00,  0.50000000E+00,  0.32312500E+01
  0.25750000E+00,  0.50000000E+00,  0.32275000E+01
  0.25875000E+00,  0.50000000E+00,  0.32237500E+01
  0.26000000E+00,  0.50000000E+00,  0.32200000E+01
  0.26125000E+00,  0.50000000E+00,  0.32162500E+01
  0.26250000E+00,  0.50000000E+00,  0.32125000E+01
  0.26375000E+00,  0.50000000E+00,  0.32087500E+01
  0.26500000E+00,  0.50000000E+00,  0.32050000E+01
  0.26625000E+00,  0.50000000E+00,  0.32012500E+01
  0.26750000E+00,  0.50000000E+00,  0.31975000E+01
  0.26875000E+00,  0.50000000E+00,  0.31937500E+01
  0.27000000E+00,  0.50000000E+00,  0.31900000E+01
  0.27125000E+00,  0.50000000E+00,  0.31862500E+01
  0.27250000E+00,  0.50000000E+00,  0.31825000E+01
  0.27375000E+00,  0.50000000E+00,  0.31787500E+01
  0.27500000E+00,  0.50000000E+00,  0.31750000E+01
  0.27625000E+00,  0.50000000E+00,  0.31712500E+01
  0.27750000E+00,  0.50000000E+00,  0.31675000E+01
  0.27875000E+00,  0.50000000E+00,  0.31637500E+01
  0.28000000E+00,  0.50000000E+00,  0.31600000E+01
  0.28125000E+00,  0.50000000E+00,  0.31562500E+01
  0.28250000E+00,  0.50000000E+00,  0.31525000E+01
  0.28375000E+00,  0.50000000E+00,  0.31487500E+01
  0.28500000E+00,  0.50000000E+00,  0.31450000E+01
  0.28625000E+00,  0.50000000E+00,  0.31412500E+01
  0.28750000E+00,  0.50000000E+00,  0.31375000E+01
  0.28875000E+00,  0.50000000E+00,  0.31337500E+01
  0.29000000E+00,  0.50000000E+00,  0.31300000E+01
  0.29125000E+00,  0.50000000E+00,  0.31262500E+01
  0.29250000E+00,  0.50000000E+00,  0.31225000E+01
  0.29375000E+00,  0.50000000E+00,  0.31187500E+01
  0.29500000E+00,  0.50000000E+00,  0.31150000E+01
  0.29625000E+00,  0.50000000E+00,  0.31112500E+01
  0.29750000E+00,  0.50000000E+00,  0.31075000E+01
  0.29875000E+00,  0.50000000E+00,  0.31037500E+01
  0.30000000E+00,  0.50000000E+00,  0.31000000E+01
  0.30125000E+00,  0.50000000E+00,  0.30962500E+01
  0.30250000E+00,  0.50000000E+00,  0.30925000E+01
  0.30375000E+00,  0.50000000E+00,  0.30887500E+01
  0.30500000E+00,  0.50000000E+00,  0.30850000E+01
  0.30625000E+00,  0.50000000E+00,  0.30812500E+01
  0.30750000E+00,  0.50000000E+00,  0.30775000E+01
  0.30875000E+00,  0.50000000E+00,  0.30737500E+01
  0.31000000E+00,  0.50000000E+00,  0.30700000E+01
  0.31125000E+00,  0.50000000E+00,  0.30662500E+01
  0.31250000E+00,  0.50000000E+00,  0.30625000E+01
  0.31375000E+00,  0.50000000E+00,  0.30587500E+01
  0.31500000E+00,  0.50000000E+00,  0.30550000E+01
  0.31625000E+00,  0.50000000E+00,  0.30512500E+01
  0.31750000E+00,  0.50000000E+00,  0.30475000E+01
  0.31875000E+00,  0.50000000E+00,  0.30437500E+01
  0.32000000E+00,  0.50000000E+00,  0.30400000E+01
  0.32125000E+00,  0.50000000E+00,  0.30362500E+01
  0.32250000E+00,  0.50000000E+00,  0.30325000E+01
  0.32375000E+00,  0.50000000E+00,  0.30287500E+01
  0.32500000E+00,  0.50000000E+00,  0.30250000E+01
  0.32625000E+00,  0.50000000E+00,  0.30212500E+01
  0.32750000E+00,  0.50000000E+00,  0.30175000E+01
  0.32875000E+00,  0.50000000E+00,  0.30137500E+01
  0.33000000E+00,  0.50000000E+00,  0.30100000E+01
  0.33125000E+00,  0.50000000E+00,  0.30062500E+01
  0.33250000E+00,  0.50000000E+00,  0.30025000E+01
  0.33375000E+00,  0.50000000E+00,  0.29987500E+01
  0.33500000E+00,  0.50000000E+00,  0.29950000E+01
  0.33625000E+00,  0.50000000E+00,  0.29912500E+01
  0.33750000E+00,  0.50000000E+00,  0.29875000E+01
  0.33875000E+00,  0.50000000E+00,  0.29837500E+01
  0.34000000E+00,  0.50000000E+00,  0.29800000E+01
  0.34125000E+00,  0.50000000E+00,  0.29762500E+01
  0.34250000E+00,  0.50000000E+00,  0.29725000E+01
  0.34375000E+00,  0.50000000E+00,  0.29687500E+01
  0.34500000E+00,  0.50000000E+00,  0.29650000E+01
  0.34625000E+00,  0.50000000E+00,  0.29612500E+01
  0.34750000E+00,  0.50000000E+00,  0.29575000E+01
  0.34875000E+00,  0.50000000E+00,  0.29537500E+01
  0.35000000E+00,  0.50000000E+00,  0.29500000E+01
  0.35125000E+00,  0.50000000E+00,  0.29462500E+01
  0.35250000E+00,  0.50000000E+00,  0.29425000E+01
  0.35375000E+00,  0.50000000E+00,  0.29387500E+01
  0.35500000E+00,  0.50000000E+00,  0.29350000E+01
  0.35625000E+00,  0.50000000E+00,  0.29312500E+01
  0.35750000E+00,  0.50000000E+00,  0.29275000E+01
  0.35875000E+00,  0.50000000E+00,  0.29237500E+01
  0.36000000E+00,  0.50000000E+00,  0.29200000E+01
  0.36125000E+00,  0.50000000E+00,  0.29162500E+01
  0.36250000E+00,  0.50000000E+00,  0.29125000E+01
  0.36375000E+00,  0.50000000E+00,  0.29087500E+01
  0.36500000E+00,  0.50000000E+00,  0.29050000E+01
  0.36625000E+00,  0.50000000E+00,  0.29012500E+01
  0.36750000E+00,  0.50000000E+00,  0.28975000E+01
  0.36875000E+00,  0.50000000E+00,  0.28937500E+01
  0.37000000E+00,  0.50000000E+00,  0.28900000E+01
  0.37125000E+00,  0.50000000E+00,  0.28862500E+01
  0.37250000E+00,  0.50000000E+00,  0.28825000E+01
  0.37375000E+00,  0.50000000E+00,  0.28787500E+01
  0.37500000E+00,  0.50000000E+00,  0.28750000E+01
  0.37625000E+00,  0.50000000E+00,  0.28712500E+01
  0.37750000E+00,  0.50000000E+00,  0.28675000E+01
  0.37875000E+00,  0.50000000E+00,  0.28637500E+01
  0.38000000E+00,  0.50000000E+00,  0.28600000E+01
  0.38125000E+00,  0.50000000E+00,  0.28562500E+01
  0.38250000E+00,  0.50000000E+00,  0.28525000E+01
  0.38375000E+00,  0.50000000E+00,  0.28487500E+01
  0.38500000E+00,  0.50000000E+00,  0.28450000E+01
  0.38625000E+00,  0.50000000E+00,  0.28412500E+01
  0.38750000E+00,  0.50000000E+00,  0.28375000E+01
  0.38875000E+00,  0.50000000E+00,  0.28337500E+01
  0.39000000E+00,  0.50000000E+00,  0.28300000E+01
  0.39125000E+00,  0.50000000E+00,  0.28262500E+01
  0.39250000E+00,  0.50000000E+00,  0.28225000E+01
  0.39375000E+00,  0.50000000E+00,  0.28187500E+01
  0.39500000E+00,  0.50000000E+00,  0.28150000E+01
  0.39625000E+00,  0.50000000E+00,  0.28112500E+01
  0.39750000E+00,  0.50000000E+00,  0.28075000E+01
  0.39875000E+00,  0.50000000E+00,  0.28037500E+01
  0.40000000E+00,  0.50000000E+00,  0.28000000E+01
  0.40125000E+00,  0.50000000E+00,  0.27962500E+01
  0.40250000E+00,  0.50000000E+00,  0.27925000E+01
  0.40375000E+00,  0.50000000E+00,  0.27887500E+01
  0.40500000E+00,  0.50000000E+00,  0.27850000E+01
  0.40625000E+00,  0.50000000E+00,  0.27812500E+01
  0.40750000E+00,  0.50000000E+00,  0.27775000E+01
  0.40875000E+00,  0.50000000E+00,  0.27737500E+01
  0.41000000E+00,  0.50000000E+00,  0.27700000E+01
  0.41125000E+00,  0.50000000E+00,  0.27662500E+01
  0.41250000E+00,  0.50000000E+00,  0.27625000E+01
  0.41375000E+00,  0.50000000E+00,  0.27587500E+01
  0.41500000E+00,  0.50000000E+00,  0.27550000E+01
  0.41625000E+00,  0.50000000E+00,  0.27512500E+01
  0.41750000E+00,  0.50000000E+00,  0.27475000E+01
  0.41875000E+00,  0.50000000E+00,  0.27437500E+01
  0.42000000E+00,  0.50000000E+00,  0.27400000E+01
  0.42125000E+00,  0.50000000E+00,  0.27362500E+01
  0.42250000E+00,  0.50000000E+00,  0.27325000E+01
  0.42375000E+00,  0.50000000E+00,  0.27287500E+01
  0.42500000E+00,  0.50000000E+00,  0.27250000E+01
  0.42625000E+00,  0.50000000E+00,  0.27212500E+01
  0.42750000E+00,  0.50000000E+00,  0.27175000E+01
  0.42875000E+00,  0.50000000E+00,  0.27137500E+01
  0.43000000E+00,  0.50000000E+00,  0.27100000E+01
  0.43125000E+00,  0.50000000E+00,  0.27062500E+01
  0.43250000E+00,  0.50000000E+00,  0.27025000E+01
  0.43375000E+00,  0.50000000E+00,  0.26987500E+01
  0.43500000E+00,  0.50000000E+00,  0.26950000E+01
  0.43625000E+00,  0.50000000E+00,  0.26912500E+01
  0.43750000E+00,  0.50000000E+00,  0.26875000E+01
  0.43875000E+00,  0.50000000E+00,  0.26837500E+01
  0.44000000E+00,  0.50000000E+00,  0.26800000E+01
  0.44125000E+00,  0.50000000E+00,  0.26762500E+01
  0.44250000E+00,  0.50000000E+00,  0.26725000E+01
  0.44375000E+00,  0.50000000E+00,  0.26687500E+01
  0.44500000E+00,  0.50000000E+00,  0.26650000E+01
  0.44625000E+00,  0.50000000E+00,  0.26612500E+01
  0.44750000E+00,  0.50000000E+00,  0.26575000E+01
  0.44875000E+00,  0.50000000E+00,  0.26537500E+01
  0.45000000E+00,  0.50000000E+00,  0.26500000E+01
  0.45125000E+00,  0.50000000E+00,  0.26462500E+01
  0.45250000E+00,  0.50000000E+00,  0.26425000E+01
  0.45375000E+00,  0.50000000E+00,  0.26387500E+01
  0.45500000E+00,  0.50000000E+00,  0.26350000E+01
  0.45625000E+00,  0.50000000E+00,  0.26312500E+01
  0.45750000E+00,  0.50000000E+00,  0.26275000E+01
  0.45875000E+00,  0.50000000E+00,  0.26237500E+01
  0.46000000E+00,  0.50000000E+00,  0.26200000E+01
  0.46125000E+00,  0.50000000E+00,  0.26162500E+01
  0.46250000E+00,  0.50000000E+00,  0.26125000E+01
  0.46375000E+00,  0.50000000E+00,  0.26087500E+01
  0.46500000E+00,  0.50000000E+00,  0.26050000E+01
  0.46625000E+00,  0.50000000E+00,  0.26012500E+01
  0.46750000E+00,  0.50000000E+00,  0.25975000E+01
  0.46875000E+00,  0.50000000E+00,  0.25937500E+01
  0.47000000E+00,  0.50000000E+00,  0.25900000E+01
  0.47125000E+00,  0.50000000E+00,  0.25862500E+01
  0.47250000E+00,  0.50000000E+00,  0.25825000E+01
  0.47375000E+00,  0.50000000E+00,  0.25787500E+01
  0.47500000E+00,  0.50000000E+00,  0.25750000E+01
  0.47625000E+00,  0.50000000E+00,  0.25712500E+01
  0.47750000E+00,  0.50000000E+00,  0.25675000E+01
  0.47875000E+00,  0.50000000E+00,  0.25637500E+01
  0.48000000E+00,  0.50000000E+00,  0.25600000E+01
  0.48125000E+00,  0.50000000E+00,  0.25562500E+01
  0.48250000E+00,  0.50000000E+00,  0.25525000E+01
  0.48375000E+00,  0.50000000E+00,  0.25487500E+01
  0.48500000E+00,  0.50000000E+00,  0.25450000E+01
  0.48625000E+00,  0.50000000E+00,  0.25412500E+01
  0.48750000E+00,  0.50000000E+00,  0.25375000E+01
  0.48875000E+00,  0.50000000E+00,  0.25337500E+01
  0.49000000E+00,  0.50000000E+00,  0.25300000E+01
  0.49125000E+00,  0.50000000E+00,  0.25262500E+01
  0.49250000E+00,  0.50000000E+00,  0.25225000E+01
  0.49375000E+00,  0.50000000E+00,  0.25187500E+01
  0.49500000E+00,  0.50000000E+00,  0.25150000E+01
  0.49625000E+00,  0.50000000E+00,  0.25112500E+01
  0.49750000E+00,  0.50000000E+00,  0.25075000E+01
  0.49875000E+00,  0.50000000E+00,  0.25037500E+01
  0.50000000E+00,  0.50000000E+00,  0.25000000E+01
  0.50125000E+00,  0.50000000E+00,  0.24962500E+01
  0.50250000E+00,  0.50000000E+00,  0.24925000E+01
  0.50375000E+00,  0.50000000E+00,  0.24887500E+01
  0.50500000E+00,  0.50000000E+00,  0.24850000E+01
  0.50625000E+00,  0.50000000E+00,  0.24812500E+01
  0.50750000E+00,  0.50000000E+00,  0.24775000E+01
  0.50875000E+00,  0.50000000E+00,  0.24737500E+01
  0.51000000E+00,  0.50000000E+00,  0.24700000E+01
  0.51125000E+00,  0.50000000E+00,  0.24662500E+01
  0.51250000E+00,  0.50000000E+00,  0.24625000E+01
  0.51375000E+00,  0.50000000E+00,  0.24587500E+01
  0.51500000E+00,  0.50000000E+00,  0.24550000E+01
  0.51625000E+00,  0.50000000E+00,  0.24512500E+01
  0.51750000E+00,  0.50000000E+00,  0.24475000E+01
  0.51875000E+00,  0.50000000E+00,  0.24437500E+01
  0.52000000E+00,  0.50000000E+00,  0.24400000E+01
  0.52125000E+00,  0.50000000E+00,  0.24362500E+01
  0.52250000E+00,  0.50000000E+00,  0.24325000E+01
  0.52375000E+00,  0.50000000E+00,  0.24287500E+01
  0.52500000E+00,  0.50000000E+00,  0.24250000E+01
  0.52625000E+00,  0.50000000E+00,  0.24212500E+01
  0.52750000E+00,  0.50000000E+00,  0.24175000E+01
  0.52875000E+00,  0.50000000E+00,  0.24137500E+01
  0.53000000E+00,  0.50000000E+00,  0.24100000E+01
  0.53125000E+00,  0.50000000E+00,  0.24062500E+01
  0.53250000E+00,  0.50000000E+00,  0.24025000E+01
  0.53375000E+00,  0.50000000E+00,  0.23987500E+01
  0.53500000E+00,  0.50000000E+00,  0.23950000E+01
  0.53625000E+00,  0.50000000E+00,  0.23912500E+01
  0.53750000E+00,  0.50000000E+00,  0.23875000E+01
  0.53875000E+00,  0.50000000E+00,  0.23837500E+01
  0.54000000E+00,  0.50000000E+00,  0.23800000E+01
  0.54125000E+00,  0.50000000E+00,  0.23762500E+01
  0.54250000E+00,  0.50000000E+00,  0.23725000E+01
  0.54375000E+00,  0.50000000E+00,  0.23687500E+01
  0.54500000E+00,  0.50000000E+00,  0.23650000E+01
  0.54625000E+00,  0.50000000E+00,  0.23612500E+01
  0.54750000E+00,  0.50000000E+00,  0.23575000E+01
  0.54875000E+00,  0.50000000E+00,  0.23537500E+01
  0.55000000E+00,  0.50000000E+00,  0.23500000E+01
  0.55125000E+00,  0.50000000E+00,  0.23462500E+01
  0.55250000E+00,  0.50000000E+00,  0.23425000E+01
  0.55375000E+00,  0.50000000E+00,  0.23387500E+01
  0.55500000E+00,  0.50000000E+00,  0.23350000E+01
  0.55625000E+00,  0.50000000E+00,  0.23312500E+01
  0.55750000E+00,  0.50000000E+00,  0.23275000E+01
  0.55875000E+00,  0.50000000E+00,  0.23237500E+01
  0.56000000E+00,  0.50000000E+00,  0.23200000E+01
  0.56125000E+00,  0.50000000E+00,  0.23162500E+01
  0.56250000E+00,  0.50000000E+00,  0.23125000E+01
  0.56375000E+00,  0.50000000E+00,  0.23087500E+01
  0.56500000E+00,  0.50000000E+00,  0.23050000E+01
  0.56625000E+00,  0.50000000E+00,  0.23012500E+01
  0.56750000E+00,  0.50000000E+00,  0.22975000E+01
  0.56875000E+00,  0.50000000E+00,  0.22937500E+01
  0.57000000E+00,  0.50000000E+00,  0.22900000E+01
  0.57125000E+00,  0.50000000E+00,  0.22862500E+01
  0.57250000E+00,  0.50000000E+00,  0.22825000E+01
  0.57375000E+00,  0.50000000E+00,  0.22787500E+01
  0.57500000E+00,  0.50000000E+00,  0.22750000E+01
  0.57625000E+00,  0.50000000E+00,  0.22712500E+01
  0.57750000E+00,  0.50000000E+00,  0.22675000E+01
  0.57875000E+00,  0.50000000E+00,  0.22637500E+01
  0.58000000E+00,  0.50000000E+00,  0.22600000E+01
  0.58125000E+00,  0.50000000E+00,  0.22562500E+01
  0.58250000E+00,  0.50000000E+00,  0.22525000E+01
  0.58375000E+00,  0.50000000E+00,  0.22487500E+01
  0.58500000E+00,  0.50000000E+00,  0.22450000E+01
  0.58625000E+00,  0.50000000E+00,  0.22412500E+01
  0.58750000E+00,  0.50000000E+00,  0.22375000E+01
  0.58875000E+00,  0.50000000E+00,  0.22337500E+01
  0.59000000E+00,  0.50000000E+00,  0.22300000E+01
  0.59125000E+00,  0.50000000E+00,  0.22262500E+01
  0.59250000E+00,  0.50000000E+00,  0.22225000E+01
  0.59375000E+00,  0.50000000E+00,  0.22187500E+01
  0.59500000E+00,  0.50000000E+00,  0.22150000E+01
  0.59625000E+00,  0.50000000E+00,  0.22112500E+01
  0.59750000E+00,  0.50000000E+00,  0.22075000E+01
  0.59875000E+00,  0.50000000E+00,  0.22037500E+01
  0.60000000E+00,  0.50000000E+00,  0.22000000E+01
  0.60125000E+00,  0.50000000E+00,  0.21962500E+01
  0.60250000E+00,  0.50000000E+00,  0.21925000E+01
  0.60375000E+00,  0.50000000E+00,  0.21887500E+01
  0.60500000E+00,  0.50000000E+00,  0.21850000E+01
  0.60625000E+00,  0.50000000E+00,  0.21812500E+01
  0.60750000E+00,  0.50000000E+00,  0.21775000E+01
  0.60875000E+00,  0.50000000E+00,  0.21737500E+01
  0.61000000E+00,  0.50000000E+00,  0.21700000E+01
  0.61125000E+00,  0.50000000E+00,  0.21662500E+01
  0.61250000E+00,  0.50000000E+00,  0.21625000E+01
  0.61375000E+00,  0.50000000E+00,  0.21587500E+01
  0.61500000E+00,  0.50000000E+00,  0.21550000E+01
  0.61625000E+00,  0.50000000E+00,  0.21512500E+01
  0.61750000E+00,  0.50000000E+00,  0.21475000E+01
  0.61875000E+00,  0.50000000E+00,  0.21437500E+01
  0.62000000E+00,  0.50000000E+00,  0.21400000E+01
  0.62125000E+00,  0.50000000E+00,  0.21362500E+01
  0.62250000E+00,  0.50000000E+00,  0.21325000E+01
  0.62375000E+00,  0.50000000E+00,  0.21287500E+01
  0.62500000E+00,  0.50000000E+00,  0.21250000E+01
  0.62625000E+00,  0.50000000E+00,  0.21212500E+01
  0.62750000E+00,  0.50000000E+00,  0.21175000E+01
  0.62875000E+00,  0.50000000E+00,  0.21137500E+01
  0.63000000E+00,  0.50000000E+00,  0.21100000E+01
  0.63125000E+00,  0.50000000E+00,  0.21062500E+01
  0.63250000E+00,  0.50000000E+00,  0.21025000E+01
  0.63375000E+00,  0.50000000E+00,  0.20987500E+01
  0.63500000E+00,  0.50000000E+00,  0.20950000E+01
  0.63625000E+00,  0.50000000E+00,  0.20912500E+01
  0.63750000E+00,  0.50000000E+00,  0.20875000E+01
  0.63875000E+00,  0.50000000E+00,  0.20837500E+01
  0.64000000E+00,  0.50000000E+00,  0.20800000E+01
  0.64125000E+00,  0.50000000E+00,  0.20762500E+01
  0.64250000E+00,  0.50000000E+00,  0.20725000E+01
  0.64375000E+00,  0.50000000E+00,  0.20687500E+01
  0.64500000E+00,  0.50000000E+00,  0.20650000E+01
  0.64625000E+00,  0.50000000E+00,  0.20612500E+01
  0.64750000E+00,  0.50000000E+00,  0.20575000E+01
  0.64875000E+00,  0.50000000E+00,  0.20537500E+01
  0.65000000E+00,  0.50000000E+00,  0.20500000E+01
  0.65125000E+00,  0.50000000E+00,  0.20462500E+01
  0.65250000E+00,  0.50000000E+00,  0.20425000E+01
  0.65375000E+00,  0.50000000E+00,  0.20387500E+01
  0.65500000E+00,  0.50000000E+00,  0.20350000E+01
  0.65625000E+00,  0.50000000E+00,  0.20312500E+01
  0.65750000E+00,  0.50000000E+00,  0.20275000E+01
  0.65875000E+00,  0.50000000E+00,  0.20237500E+01
  0.66000000E+00,  0.50000000E+00,  0.20200000E+01
  0.66125000E+00,  0.50000000E+00,  0.20162500E+01
  0.66250000E+00,  0.50000000E+00,  0.20125000E+01
  0.66375000E+00,  0.50000000E+00,  0.20087500E+01
  0.66500000E+00,  0.50000000E+00,  0.20050000E+01
  0.66625000E+00,  0.50000000E+00,  0.20012500E+01
  0.66750000E+00,  0.50000000E+00,  0.19975000E+01
  0.66875000E+00,  0.50000000E+00,  0.19937500E+01
  0.67000000E+00,  0.50000000E+00,  0.19900000E+01
  0.67125000E+00,  0.50000000E+00,  0.19862500E+01
  0.67250000E+00,  0.50000000E+00,  0.19825000E+01
  0.67375000E+00,  0.50000000E+00,  0.19787500E+01
  0.67500000E+00,  0.50000000E+00,  0.19750000E+01
  0.67625000E+00,  0.50000000E+00,  0.19712500E+01
  0.67750000E+00,  0.50000000E+00,  0.19675000E+01
  0.67875000E+00,  0.50000000E+00,  0.19637500E+01
  0.68000000E+00,  0.50000000E+00,  0.19600000E+01
  0.68125000E+00,  0.50000000E+00,  0.19562500E+01
  0.68250000E+00,  0.50000000E+00,  0.19525000E+01
  0.68375000E+00,  0.50000000E+00,  0.19487500E+01
  0.68500000E+00,  0.50000000E+00,  0.19450000E+01
  0.68625000E+00,  0.50000000E+00,  0.19412500E+01
  0.68750000E+00,  0.50000000E+00,  0.19375000E+01
  0.68875000E+00,  0.50000000E+00,  0.19337500E+01
  0.69000000E+00,  0.50000000E+00,  0.19300000E+01
  0.69125000E+00,  0.50000000E+00,  0.19262500E+01
  0.69250000E+00,  0.50000000E+00,  0.19225000E+01
  0.69375000E+00,  0.50000000E+00,  0.19187500E+01
  0.69500000E+00,  0.50000000E+00,  0.19150000E+01
  0.69625000E+00,  0.50000000E+00,  0.19112500E+01
  0.69750000E+00,  0.50000000E+00,  0.19075000E+01
  0.69875000E+00,  0.50000000E+00,  0.19037500E+01
  0.70000000E+00,  0.50000000E+00,  0.19000000E+01
  0.70125000E+00,  0.50000000E+00,  0.18962500E+01
  0.70250000E+00,  0.50000000E+00,  0.18925000E+01
  0.70375000E+00,  0.50000000E+00,  0.18887500E+01
  0.70500000E+00,  0.50000000E+00,  0.18850000E+01
  0.70625000E+00,  0.50000000E+00,  0.18812500E+01
  0.70750000E+00,  0.50000000E+00,  0.18775000E+01
  0.70875000E+00,  0.50000000E+00,  0.18737500E+01
  0.71000000E+00,  0.50000000E+00,  0.18700000E+01
  0.71125000E+00,  0.50000000E+00,  0.18662500E+01
  0.71250000E+00,  0.50000000E+00,  0.18625000E+01
  0.71375000E+00,  0.50000000E+00,  0.18587500E+01
  0.71500000E+00,  0.50000000E+00,  0.18550000E+01
  0.71625000E+00,  0.50000000E+00,  0.18512500E+01
  0.71750000E+00,  0.50000000E+00,  0.18475000E+01
  0.71875000E+00,  0.50000000E+00,  0.18437500E+01
  0.72000000E+00,  0.50000000E+00,  0.18400000E+01
  0.72125000E+00,  0.50000000E+00,  0.18362500E+01
  0.72250000E+00,  0.50000000E+00,  0.18325000E+01
  0.72375000E+00,  0.50000000E+00,  0.18287500E+01
  0.72500000E+00,  0.50000000E+00,  0.18250000E+01
  0.72625000E+00,  0.50000000E+00,  0.18212500E+01
  0.72750000E+00,  0.50000000E+00,  0.18175000E+01
  0.72875000E+00,  0.50000000E+00,  0.18137500E+01
  0.73000000E+00,  0.50000000E+00,  0.18100000E+01
  0.73125000E+00,  0.50000000E+00,  0.18062500E+01
  0.73250000E+00,  0.50000000E+00,  0.18025000E+01
  0.73375000E+00,  0.50000000E+00,  0.17987500E+01
  0.73500000E+00,  0.50000000E+00,  0.17950000E+01
  0.73625000E+00,  0.50000000E+00,  0.17912500E+01
  0.73750000E+00,  0.50000000E+00,  0.17875000E+01
  0.73875000E+00,  0.50000000E+00,  0.17837500E+01
  0.74000000E+00,  0.50000000E+00,  0.17800000E+01
  0.74125000E+00,  0.50000000E+00,  0.17762500E+01
  0.74250000E+00,  0.50000000E+00,  0.17725000E+01
  0.74375000E+00,  0.50000000E+00,  0.17687500E+01
  0.74500000E+00,  0.50000000E+00,  0.17650000E+01
  0.74625000E+00,  0.50000000E+00,  0.17612500E+01
  0.74750000E+00,  0.50000000E+00,  0.17575000E+01
  0.74875000E+00,  0.50000000E+00,  0.17537500E+01
  0.75000000E+00,  0.50000000E+00,  0.17500000E+01
  0.75125000E+00,  0.50000000E+00,  0.17462500E+01
  0.75250000E+00,  0.50000000E+00,  0.17425000E+01
  0.75375000E+00,  0.50000000E+00,  0.17387500E+01
  0.75500000E+00,  0.50000000E+00,  0.17350000E+01
  0.75625000E+00,  0.50000000E+00,  0.17312500E+01
  0.75750000E+00,  0.50000000E+00,  0.17275000E+01
  0.75875000E+00,  0.50000000E+00,  0.17237500E+01
  0.76000000E+00,  0.50000000E+00,  0.17200000E+01
  0.76125000E+00,  0.50000000E+00,  0.17162500E+01
  0.76250000E+00,  0.50000000E+00,  0.17125000E+01
  0.76375000E+00,  0.50000000E+00,  0.17087500E+01
  0.76500000E+00,  0.50000000E+00,  0.17050000E+01
  0.76625000E+00,  0.50000000E+00,  0.17012500E+01
  0.76750000E+00,  0.50000000E+00,  0.16975000E+01
  0.76875000E+00,  0.50000000E+00,  0.16937500E+01
  0.77000000E+00,  0.50000000E+00,  0.16900000E+01
  0.77125000E+00,  0.50000000E+00,  0.16862500E+01
  0.77250000E+00,  0.50000000E+00,  0.16825000E+01
  0.77375000E+00,  0.50000000E+00,  0.16787500E+01
  0.77500000E+00,  0.50000000E+00,  0.16750000E+01
  0.77625000E+00,  0.50000000E+00,  0.16712500E+01
  0.77750000E+00,  0.50000000E+00,  0.16675000E+01
  0.77875000E+00,  0.50000000E+00,  0.16637500E+01
  0.78000000E+00,  0.50000000E+00,  0.16600000E+01
  0.78125000E+00,  0.50000000E+00,  0.16562500E+01
  0.78250000E+00,  0.50000000E+00,  0.16525000E+01
  0.78375000E+00,  0.50000000E+00,  0.16487500E+01
  0.78500000E+00,  0.50000000E+00,  0.16450000E+01
  0.78625000E+00,  0.50000000E+00,  0.16412500E+01
  0.78750000E+00,  0.50000000E+00,  0.16375000E+01
  0.78875000E+00,  0.50000000E+00,  0.16337500E+01
  0.79000000E+00,  0.50000000E+00,  0.16300000E+01
  0.79125000E+00,  0.50000000E+00,  0.16262500E+01
  0.79250000E+00,  0.50000000E+00,  0.16225000E+01
  0.79375000E+00,  0.50000000E+00,  0.16187500E+01
  0.79500000E+00,  0.50000000E+00,  0.16150000E+01
  0.79625000E+00,  0.50000000E+00,  0.16112500E+01
  0.79750000E+00,  0.50000000E+00,  0.16075000E+01
  0.79875000E+00,  0.50000000E+00,  0.16037500E+01
  0.80000000E+00,  0.50000000E+00,  0.16000000E+01
  0.80125000E+00,  0.50000000E+00,  0.15962500E+01
  0.80250000E+00,  0.50000000E+00,  0.15925000E+01
  0.80375000E+00,  0.50000000E+00,  0.15887500E+01
  0.80500000E+00,  0.50000000E+00,  0.15850000E+01
  0.80625000E+00,  0.50000000E+00,  0.15812500E+01
  0.80750000E+00,  0.50000000E+00,  0.15775000E+01
  0.80875000E+00,  0.50000000E+00,  0.15737500E+01
  0.81000000E+00,  0.50000000E+00,  0.15700000E+01
  0.81125000E+00,  0.50000000E+00,  0.15662500E+01
  0.81250000E+00,  0.50000000E+00,  0.15625000E+01
  0.81375000E+00,  0.50000000E+00,  0.15587500E+01
  0.81500000E+00,  0.50000000E+00,  0.15550000E+01
  0.81625000E+00,  0.50000000E+00,  0.15512500E+01
  0.81750000E+00,  0.50000000E+00,  0.15475000E+01
  0.81875000E+00,  0.50000000E+00,  0.15437500E+01
  0.82000000E+00,  0.50000000E+00,  0.15400000E+01
  0.82125000E+00,  0.50000000E+00,  0.15362500E+01
  0.82250000E+00,  0.50000000E+00,  0.15325000E+01
  0.82375000E+00,  0.50000000E+00,  0.15287500E+01
  0.82500000E+00,  0.50000000E+00,  0.15250000E+01
  0.82625000E+00,  0.50000000E+00,  0.15212500E+01
  0.82750000E+00,  0.50000000E+00,  0.15175000E+01
  0.82875000E+00,  0.50000000E+00,  0.15137500E+01
  0.83000000E+00,  0.50000000E+00,  0.15100000E+01
  0.83125000E+00,  0.50000000E+00,  0.15062500E+01
  0.83250000E+00,  0.50000000E+00,  0.15025000E+01
  0.83375000E+00,  0.50000000E+00,  0.14987500E+01
  0.83500000E+00,  0.50000000E+00,  0.14950000E+01
  0.83625000E+00,  0.50000000E+00,  0.14912500E+01
  0.83750000E+00,  0.50000000E+00,  0.14875000E+01
  0.83875000E+00,  0.50000000E+00,  0.14837500E+01
  0.84000000E+00,  0.50000000E+00,  0.14800000E+01
  0.84125000E+00,  0.50000000E+00,  0.14762500E+01
  0.84250000E+00,  0.50000000E+00,  0.14725000E+01
  0.84375000E+00,  0.50000000E+00,  0.14687500E+01
  0.84500000E+00,  0.50000000E+00,  0.14650000E+01
  0.84625000E+00,  0.50000000E+00,  0.14612500E+01
  0.84750000E+00,  0.50000000E+00,  0.14575000E+01
  0.84875000E+00,  0.50000000E+00,  0.14537500E+01
  0.85000000E+00,  0.50000000E+00,  0.14500000E+01
  0.85125000E+00,  0.50000000E+00,  0.14462500E+01
  0.85250000E+00,  0.50000000E+00,  0.14425000E+01
  0.85375000E+00,  0.50000000E+00,  0.14387500E+01
  0.85500000E+00,  0.50000000E+00,  0.14350000E+01
  0.85625000E+00,  0.50000000E+00,  0.14312500E+01
  0.85750000E+00,  0.50000000E+00,  0.14275000E+01
  0.85875000E+00,  0.50000000E+00,  0.14237500E+01
  0.86000000E+00,  0.50000000E+00,  0.14200000E+01
  0.86125000E+00,  0.50000000E+00,  0.14162500E+01
  0.86250000E+00,  0.50000000E+00,  0.14125000E+01
  0.86375000E+00,  0.50000000E+00,  0.14087500E+01
  0.86500000E+00,  0.50000000E+00,  0.14050000E+01
  0.86625000E+00,  0.50000000E+00,  0.14012500E+01
  0.86750000E+00,  0.50000000E+00,  0.13975000E+01
  0.86875000E+00,  0.50000000E+00,  0.13937500E+01
  0.87000000E+00,  0.50000000E+00,  0.13900000E+01
  0.87125000E+00,  0.50000000E+00,  0.13862500E+01
  0.87250000E+00,  0.50000000E+00,  0.13825000E+01
  0.87375000E+00,  0.50000000E+00,  0.13787500E+01
  0.87500000E+00,  0.50000000E+00,  0.13750000E+01
  0.87625000E+00,  0.50000000E+00,  0.13712500E+01
  0.87750000E+00,  0.50000000E+00,  0.13675000E+01
  0.87875000E+00,  0.50000000E+00,  0.13637500E+01
  0.88000000E+00,  0.50000000E+00,  0.13600000E+01
  0.88125000E+00,  0.50000000E+00,  0.13562500E+01
  0.88250000E+00,  0.50000000E+00,  0.13525000E+01
  0.88375000E+00,  0.50000000E+00,  0.13487500E+01
  0.88500000E+00,  0.50000000E+00,  0.13450000E+01
  0.88625000E+00,  0.50000000E+00,  0.13412500E+01
  0.88750000E+00,  0.50000000E+00,  0.13375000E+01
  0.88875000E+00,  0.50000000E+00,  0.13337500E+01
  0.89000000E+00,  0.50000000E+00,  0.13300000E+01
  0.89125000E+00,  0.50000000E+00,  0.13262500E+01
  0.89250000E+00,  0.50000000E+00,  0.13225000E+01
  0.89375000E+00,  0.50000000E+00,  0.13187500E+01
  0.89500000E+00,  0.50000000E+00,  0.13150000E+01
  0.89625000E+00,  0.50000000E+00,  0.13112500E+01
  0.89750000E+00,  0.50000000E+00,  0.13075000E+01
  0.89875000E+00,  0.50000000E+00,  0.13037500E+01
  0.90000000E+00,  0.50000000E+00,  0.13000000E+01
  0.90125000E+00,  0.50000000E+00,  0.12962500E+01
  0.90250000E+00,  0.50000000E+00,  0.12925000E+01
  0.90375000E+00,  0.50000000E+00,  0.12887500E+01
  0.90500000E+00,  0.50000000E+00,  0.12850000E+01
  0.90625000E+00,  0.50000000E+00,  0.12812500E+01
  0.90750000E+00,  0.50000000E+00,  0.12775000E+01
  0.90875000E+00,  0.50000000E+00,  0.12737500E+01
  0.91000000E+00,  0.50000000E+00,  0.12700000E+01
  0.91125000E+00,  0.50000000E+00,  0.12662500E+01
  0.91250000E+00,  0.50000000E+00,  0.12625000E+01
  0.91375000E+00,  0.50000000E+00,  0.12587500E+01
  0.91500000E+00,  0.50000000E+00,  0.12550000E+01
  0.91625000E+00,  0.50000000E+00,  0.12512500E+01
  0.91750000E+00,  0.50000000E+00,  0.12475000E+01
  0.91875000E+00,  0.50000000E+00,  0.12437500E+01
  0.92000000E+00,  0.50000000E+00,  0.12400000E+01
  0.92125000E+00,  0.50000000E+00,  0.12362500E+01
  0.92250000E+00,  0.50000000E+00,  0.12325000E+01
  0.92375000E+00,  0.50000000E+00,  0.12287500E+01
  0.92500000E+00,  0.50000000E+00,  0.12250000E+01
  0.92625000E+00,  0.50000000E+00,  0.12212500E+01
  0.92750000E+00,  0.50000000E+00,  0.12175000E+01
  0.92875000E+00,  0.50000000E+00,  0.12137500E+01
  0.93000000E+00,  0.50000000E+00,  0.12100000E+01
  0.93125000E+00,  0.50000000E+00,  0.12062500E+01
  0.93250000E+00,  0.50000000E+00,  0.12025000E+01
  0.93375000E+00,  0.50000000E+00,  0.11987500E+01
  0.93500000E+00,  0.50000000E+00,  0.11950000E+01
  0.93625000E+00,  0.50000000E+00,  0.11912500E+01
  0.93750000E+00,  0.50000000E+00,  0.11875000E+01
  0.93875000E+00,  0.50000000E+00,  0.11837500E+01
  0.94000000E+00,  0.50000000E+00,  0.11800000E+01
  0.94125000E+00,  0.50000000E+00,  0.11762500E+01
  0.94250000E+00,  0.50000000E+00,  0.11725000E+01
  0.94375000E+00,  0.50000000E+00,  0.11687500E+01
  0.94500000E+00,  0.50000000E+00,  0.11650000E+01
  0.94625000E+00,  0.50000000E+00,  0.11612500E+01
  0.94750000E+00,  0.50000000E+00,  0.11575000E+01
  0.94875000E+00,  0.50000000E+00,  0.11537500E+01
  0.95000000E+00,  0.50000000E+00,  0.11500000E+01
  0.95125000E+00,  0.50000000E+00,  0.11462500E+01
  0.95250000E+00,  0.50000000E+00,  0.11425000E+01
  0.95375000E+00,  0.50000000E+00,  0.11387500E+01
  0.95500000E+00,  0.50000000E+00,  0.11350000E+01
  0.95625000E+00,  0.50000000E+00,  0.11312500E+01
  0.95750000E+00,  0.50000000E+00,  0.11275000E+01
  0.95875000E+00,  0.50000000E+00,  0.11237500E+01
  0.96000000E+00,  0.50000000E+00,  0.11200000E+01
  0.96125000E+00,  0.50000000E+00,  0.11162500E+01
  0.96250000E+00,  0.50000000E+00,  0.11125000E+01
  0.96375000E+00,  0.50000000E+00,  0.11087500E+01
  0.96500000E+00,  0.50000000E+00,  0.11050000E+01
  0.96625000E+00,  0.50000000E+00,  0.11012500E+01
  0.96750000E+00,  0.50000000E+00,  0.10975000E+01
  0.96875000E+00,  0.50000000E+00,  0.10937500E+01
  0.97000000E+00,  0.50000000E+00,  0.10900000E+01
  0.97125000E+00,  0.50000000E+00,  0.10862500E+01
  0.97250000E+00,  0.50000000E+00,  0.10825000E+01
  0.97375000E+00,  0.50000000E+00,  0.10787500E+01
  0.97500000E+00,  0.50000000E+00,  0.10750000E+01
  0.97625000E+00,  0.50000000E+00,  0.10712500E+01
  0.97750000E+00,  0.50000000E+00,  0.10675000E+01
  0.97875000E+00,  0.50000000E+00,  0.10637500E+01
  0.98000000E+00,  0.50000000E+00,  0.10600000E+01
  0.98125000E+00,  0.50000000E+00,  0.10562500E+01
  0.98250000E+00,  0.50000000E+00,  0.10525000E+01
  0.98375000E+00,  0.50000000E+00,  0.10487500E+01
  0.98500000E+00,  0.50000000E+00,  0.10450000E+01
  0.98625000E+00,  0.50000000E+00,  0.10412500E+01
  0.98750000E+00,  0.50000000E+00,  0.10375000E+01
  0.98875000E+00,  0.50000000E+00,  0.10337500E+01
  0.99000000E+00,  0.50000000E+00,  0.10300000E+01
  0.99125000E+00,  0.50000000E+00,  0.10262500E+01
  0.99250000E+00,  0.50000000E+00,  0.10225000E+01
  0.99375000E+00,  0.50000000E+00,  0.10187500E+01
  0.99500000E+00,  0.50000000E+00,  0.10150000E+01
  0.99625000E+00,  0.50000000E+00,  0.10112500E+01
  0.99750000E+00,  0.50000000E+00,  0.10075000E+01
  0.99875000E+00,  0.50000000E+00,  0.10037500E+01
  0.10000000E+01,  0.50000000E+00,  0.10000000E+01
