 # Pos, Temperature
           1   4.0145447564807695     
           2   3.9830843462844738     
           3   3.9713875249115240     
           4   3.9654853740047971     
           5   3.9672877429513336     
           6   3.9943157649942709     
           7   3.9675103806012166     
           8   3.9268721914206499     
           9   3.9406429756661763     
          10   3.9125361049622764     
          11   3.9119636537316551     
          12   3.9213606041523166     
          13   3.9193381559272402     
          14   3.8985311790306509     
          15   3.8953520664219883     
          16   3.8854676527089600     
          17   3.8734806050274257     
          18   3.8460364128729334     
          19   3.8567223100337897     
          20   3.8538473715159745     
          21   3.8322840506741200     
          22   3.8350112323006114     
          23   3.8432111822049300     
          24   3.8468176696101293     
          25   3.8010968346543978     
          26   3.7766108212256819     
          27   3.7594003786762942     
          28   3.7805693560893667     
          29   3.7792185783037309     
          30   3.7703340631186273     
          31   3.7690299030673722     
          32   3.7730183483899555     
          33   3.7689464549662133     
          34   3.7314032545349649     
          35   3.7479326011402825     
          36   3.7606708159221087     
          37   3.7330430671925519     
          38   3.7068492341423420     
          39   3.7057302719804737     
          40   3.7033527605310574     
          41   3.7033777314124303     
          42   3.6971150387551033     
          43   3.6536151456286921     
          44   3.6609532565747984     
          45   3.6891315485641929     
          46   3.6325778841255403     
          47   3.5996038567858815     
          48   3.6531499051847218     
          49   3.6171483203417831     
          50   3.6144322351637257     
          51   3.5884303705489335     
          52   3.6084040550142276     
          53   3.6055723744427950     
          54   3.6058683122906152     
          55   3.6098598299305138     
          56   3.5900457400659866     
          57   3.5752689670808091     
          58   3.5652336365317949     
          59   3.5382545915951051     
          60   3.5749030614453310     
          61   3.5416263238294468     
          62   3.5440688822362567     
          63   3.5121585549135172     
          64   3.5236445080319090     
          65   3.5122757456792519     
          66   3.5195952109102420     
          67   3.5133371396136766     
          68   3.4921739843243658     
          69   3.5023129429013520     
          70   3.4690698660020631     
          71   3.4897932511543877     
          72   3.4268359735116807     
          73   3.4399119678537278     
          74   3.4539367586640832     
          75   3.4270733868761822     
          76   3.4428494934594172     
          77   3.4335083344247099     
          78   3.4065372029415366     
          79   3.4058281648852948     
          80   3.4002789750909850     
          81   3.3814607441500781     
          82   3.3910148604372963     
          83   3.3855234308968356     
          84   3.3883986005582427     
          85   3.3670830822797737     
          86   3.3782957188504930     
          87   3.3522239842466206     
          88   3.3329436141376743     
          89   3.3439815318949182     
          90   3.3403308339122320     
          91   3.3197712081495898     
          92   3.3147564448749258     
          93   3.2852034316845424     
          94   3.2906745009972345     
          95   3.2936646019487230     
          96   3.2813421555652407     
          97   3.2867398301603146     
          98   3.2687768339615970     
          99   3.2607932293626583     
         100   3.2474765750364902     
         101   3.2493095704697685     
         102   3.2471851523817170     
         103   3.2341374968610048     
         104   3.2208002308154025     
         105   3.2194521060834358     
         106   3.2290187551375085     
         107   3.1883559258938723     
         108   3.1876611083216662     
         109   3.1745809564648262     
         110   3.1993248735182855     
         111   3.1478071158375864     
         112   3.1963214272655489     
         113   3.1564558618311902     
         114   3.1371084114428389     
         115   3.1488633599107287     
         116   3.1285040631960030     
         117   3.1463047819518470     
         118   3.1269049813376331     
         119   3.0923134564673020     
         120   3.0823566292283329     
         121   3.0869624392406538     
         122   3.0869870958746746     
         123   3.0659060445622770     
         124   3.0909481872961320     
         125   3.0671477427896994     
         126   3.0441514712300739     
         127   3.0361930174992855     
         128   3.0377996035647588     
         129   3.0474775835074204     
         130   3.0201577452921877     
         131   3.0117940039894311     
         132   3.0203790693067387     
         133   2.9934522078712686     
         134   2.9956836849719060     
         135   3.0060232507582900     
         136   2.9794152182575773     
         137   2.9746204962261849     
         138   2.9770391879446545     
         139   2.9393230660826259     
         140   2.9449065775306735     
         141   2.9367571961076964     
         142   2.9205961707733352     
         143   2.9258117140699595     
         144   2.9057724221422307     
         145   2.9193237993583732     
         146   2.9146626091448629     
         147   2.8834715472299273     
         148   2.8910990070384641     
         149   2.8813585672241122     
         150   2.8822486453607876     
         151   2.8649393166604962     
         152   2.8316755977040144     
         153   2.8422584448144015     
         154   2.8436558376127397     
         155   2.8519569774586579     
         156   2.8318282448111294     
         157   2.8237800512228763     
         158   2.8276251682739688     
         159   2.8115277416180895     
         160   2.7978797779618332     
         161   2.7766528007413820     
         162   2.7681553007035720     
         163   2.7840497669073390     
         164   2.7863936341302402     
         165   2.7637462757039066     
         166   2.7526824107815315     
         167   2.7198476606402160     
         168   2.7255615930111938     
         169   2.7423503458352401     
         170   2.7013135625974991     
         171   2.7165715111593212     
         172   2.7045585744316401     
         173   2.7058693330677941     
         174   2.6752026036693368     
         175   2.6890167028229586     
         176   2.6847793341501101     
         177   2.6785001118189915     
         178   2.6540302695790143     
         179   2.6844272683035042     
         180   2.6711411061875188     
         181   2.6436602689841866     
         182   2.6331543072770898     
         183   2.6289375179620982     
         184   2.6417800938244027     
         185   2.6179114046932273     
         186   2.6046286240622116     
         187   2.6158263157819945     
         188   2.5831512436816961     
         189   2.5806623110974556     
         190   2.5881183185473544     
         191   2.5668227131007768     
         192   2.5801617474759899     
         193   2.5654326228611373     
         194   2.5538186384891084     
         195   2.5448848449921497     
         196   2.5089111320750805     
         197   2.5388645078540040     
         198   2.5057994005265254     
         199   2.5157355811373523     
         200   2.5074086896823693     
         201   2.5054795844670141     
         202   2.4869195074734392     
         203   2.4919310833174593     
         204   2.4644992743888632     
         205   2.4649494428509291     
         206   2.4431497861424236     
         207   2.4489193964266103     
         208   2.4325309505534611     
         209   2.4302576810754402     
         210   2.4067527209608675     
         211   2.4290866791090235     
         212   2.4144684037049480     
         213   2.4077128107489676     
         214   2.3956297050571056     
         215   2.4079845355522167     
         216   2.4011313414382527     
         217   2.3619762585791220     
         218   2.3783499080172406     
         219   2.3692661266831565     
         220   2.3399871338916558     
         221   2.3404657849425781     
         222   2.3374966163361006     
         223   2.3413548852292010     
         224   2.3241967726430750     
         225   2.3096870824123590     
         226   2.3172469147243251     
         227   2.3054364488393513     
         228   2.2873082396914648     
         229   2.2631888596263003     
         230   2.2763305432949714     
         231   2.2799424525432772     
         232   2.2635642302666286     
         233   2.2401575748178972     
         234   2.2447301577899661     
         235   2.2336175455888743     
         236   2.2143317247853331     
         237   2.2172272455344539     
         238   2.2079354442596730     
         239   2.2166542497761670     
         240   2.2076691853877923     
         241   2.1975031389000192     
         242   2.1749629792440999     
         243   2.1615381916385901     
         244   2.1748529414148750     
         245   2.1582174183747869     
         246   2.1746985413195761     
         247   2.1451682460312704     
         248   2.1387294505210424     
         249   2.1362030246926298     
         250   2.1275954385575035     
         251   2.1095675906168614     
         252   2.1055672224853872     
         253   2.0916990309976864     
         254   2.0834652483736846     
         255   2.0710819032746528     
         256   2.0760711238580862     
         257   2.0787371570778204     
         258   2.0527935716921939     
         259   2.0422388827876783     
         260   2.0589090013856928     
         261   2.0347265082929313     
         262   2.0313088088194911     
         263   2.0281354821348141     
         264   2.0210533548743155     
         265   2.0137675706467286     
         266   2.0069342475543559     
         267   1.9896647424913352     
         268   2.0015297915627341     
         269   1.9765107095622296     
         270   1.9747316704881519     
         271   1.9634533514878152     
         272   1.9634098521112748     
         273   1.9458215412185527     
         274   1.9518469305941546     
         275   1.9390691119477865     
         276   1.9316568290905420     
         277   1.9240264227355688     
         278   1.9095923005433610     
         279   1.9007137558494085     
         280   1.8824022753147420     
         281   1.8904507565190904     
         282   1.8885396994344807     
         283   1.8711866574213436     
         284   1.8484968911258324     
         285   1.8628571764175252     
         286   1.8489200081559216     
         287   1.8416604176015512     
         288   1.8370911175971227     
         289   1.8396716718212429     
         290   1.8279101581593109     
         291   1.8152239983193850     
         292   1.8134201486170971     
         293   1.7961010895642411     
         294   1.8133065031622575     
         295   1.7921799981533275     
         296   1.7710400221252429     
         297   1.7707589797047798     
         298   1.7690641259785223     
         299   1.7527915353645931     
         300   1.7426588007759940     
         301   1.7455588224706506     
         302   1.7415387246929102     
         303   1.7407584105098746     
         304   1.7224788265033564     
         305   1.7304293046808563     
         306   1.7074263460920192     
         307   1.6923234527007827     
         308   1.7063280888777017     
         309   1.6748692957782174     
         310   1.6804963791772793     
         311   1.6696930301885826     
         312   1.6665292581335578     
         313   1.6599688825794243     
         314   1.6542894260235017     
         315   1.6358447113932755     
         316   1.6358827971773391     
         317   1.6379661947473048     
         318   1.6289530168266693     
         319   1.6201814451202141     
         320   1.5961904118767007     
         321   1.6027545993741064     
         322   1.5935407201506688     
         323   1.5852251103943302     
         324   1.5811119063997687     
         325   1.5643229579305502     
         326   1.5693678096334065     
         327   1.5565564081837393     
         328   1.5426268555094991     
         329   1.5435308139780706     
         330   1.5223101181995200     
         331   1.5308204355444406     
         332   1.5235393978109613     
         333   1.5105917376432796     
         334   1.5050310884497651     
         335   1.5060506213629152     
         336   1.4912387619233047     
         337   1.4715879188582621     
         338   1.4665675402824874     
         339   1.4641693164510361     
         340   1.4612368148863719     
         341   1.4563986763292840     
         342   1.4426275907695851     
         343   1.4307762068164418     
         344   1.4214182231064616     
         345   1.4302406439613191     
         346   1.4121964215617795     
         347   1.4202024190968792     
         348   1.3953081563656977     
         349   1.3811158545820914     
         350   1.3844945227744534     
         351   1.3709616165504166     
         352   1.3530333353636437     
         353   1.3538479778183383     
         354   1.3410032598836421     
         355   1.3500002353682583     
         356   1.3381091937909686     
         357   1.3278166142791008     
         358   1.3125751708855264     
         359   1.3126343369878375     
         360   1.3105240682645705     
         361   1.3063398715536430     
         362   1.2895216913717340     
         363   1.2899835865778135     
         364   1.2783419319089961     
         365   1.2829315248654234     
         366   1.2624537983624531     
         367   1.2433968602513525     
         368   1.2440963606619735     
         369   1.2414643833807566     
         370   1.2352432710384302     
         371   1.2268905321793602     
         372   1.2094869141346349     
         373   1.2009735289848948     
         374   1.2019078311873914     
         375   1.1990902209444096     
         376   1.1850531302717580     
         377   1.1663221775874184     
         378   1.1697651054084490     
         379   1.1608260108352857     
         380   1.1507949745347006     
         381   1.1447743561724550     
         382   1.1399804901078272     
         383   1.1382731368882133     
         384   1.1162849597650315     
         385   1.1191393093863096     
         386   1.1108154337012477     
         387   1.1052633161187106     
         388   1.0966297670667162     
         389   1.0768979007385646     
         390   1.0850714144560354     
         391   1.0763413645476083     
         392   1.0656875586532257     
         393   1.0584722657001104     
         394   1.0459848299775849     
         395   1.0473279946830063     
         396   1.0434978815305955     
         397   1.0300921933455811     
         398   1.0219680261658419     
         399   1.0142428997274548     
         400   1.0097320887861438     
