 # Pos, Density, Err_Density
           1  0.50290800000000002        9.9998308692897408E-004
           2  0.50457600000000002        9.9995811957101499E-004
           3  0.50627999999999995        9.9992112008897996E-004
           4  0.50715200000000005        9.9989769255859383E-004
           5  0.50478400000000001        9.9995422564035400E-004
           6  0.50951999999999997        9.9981872276928277E-004
           7  0.51015999999999995        9.9979352748455030E-004
           8  0.51125200000000004        9.9974675292495950E-004
           9  0.51173199999999996        9.9972468245212390E-004
          10  0.51326400000000005        9.9964807068087707E-004
          11  0.51522400000000002        9.9953635216334176E-004
          12  0.51596399999999998        9.9949017144542254E-004
          13  0.51771999999999996        9.9937180588607747E-004
          14  0.51868400000000003        9.9930157238743494E-004
          15  0.52003600000000005        9.9919679483873448E-004
          16  0.52176000000000000        9.9905255597490983E-004
          17  0.52425999999999995        9.9882221120677940E-004
          18  0.52470399999999995        9.9877867895545314E-004
          19  0.52719199999999999        9.9852009521291061E-004
          20  0.52758400000000005        9.9847708625486241E-004
          21  0.52834400000000004        9.9839194240338293E-004
          22  0.52903999999999995        9.9831193201323611E-004
          23  0.53180000000000005        9.9797547064043603E-004
          24  0.53315199999999996        9.9779946862282908E-004
          25  0.53437599999999996        9.9763378175360537E-004
          26  0.53707600000000000        9.9724695080807336E-004
          27  0.53709600000000002        9.9724397573312026E-004
          28  0.53937999999999997        9.9689360635927442E-004
          29  0.53800800000000004        9.9710659798438813E-004
          30  0.53916799999999998        9.9692701393030774E-004
          31  0.54222800000000004        9.9642720961643752E-004
          32  0.54320400000000002        9.9625983434844948E-004
          33  0.54490799999999995        9.9595837570854340E-004
          34  0.54515999999999998        9.9591279618247699E-004
          35  0.54505999999999999        9.9593091406984663E-004
          36  0.54890799999999995        9.9520451674216183E-004
          37  0.54800800000000005        9.9537979070503553E-004
          38  0.55053200000000002        9.9487992637503739E-004
          39  0.55181999999999998        9.9461487541661073E-004
          40  0.55398400000000003        9.9415436979173404E-004
          41  0.55677200000000004        9.9353296878563623E-004
          42  0.55609200000000003        9.9368745093414554E-004
          43  0.55668399999999996        9.9355306681424933E-004
          44  0.56008000000000002        9.9275453884633538E-004
          45  0.56028000000000000        9.9270604229046572E-004
          46  0.56214799999999998        9.9224518360332688E-004
          47  0.56328400000000001        9.9195793326934995E-004
          48  0.56381599999999998        9.9182159311843971E-004
          49  0.56716800000000001        9.9093584005423892E-004
          50  0.56875600000000004        9.9050010088641582E-004
          51  0.56809200000000004        9.9068356105468905E-004
          52  0.57101999999999997        9.8986091871535158E-004
          53  0.57118000000000002        9.8981494755332930E-004
          54  0.57253600000000004        9.8942110085443384E-004
          55  0.57421999999999995        9.8892141568478523E-004
          56  0.57763200000000003        9.8787301324816039E-004
          57  0.57718000000000003        9.8801467114613233E-004
          58  0.57955199999999996        9.8726182808006927E-004
          59  0.57989999999999997        9.8714941118353502E-004
          60  0.58295200000000003        9.8614190803555241E-004
          61  0.58349600000000001        9.8595825060496353E-004
          62  0.58394000000000001        9.8580743839758083E-004
          63  0.58679599999999998        9.8481765699849231E-004
          64  0.58801999999999999        9.8438301407531418E-004
          65  0.58915600000000001        9.8397399897355011E-004
          66  0.59073200000000003        9.8339758831512297E-004
          67  0.59181200000000000        9.8299655473658705E-004
          68  0.59443199999999996        9.8200325330621992E-004
          69  0.59409599999999996        9.8213225745619431E-004
          70  0.59587999999999997        9.8144184871035546E-004
          71  0.59675999999999996        9.8109633043855574E-004
          72  0.59818400000000005        9.8053026907689083E-004
          73  0.60183200000000003        9.7904084445134352E-004
          74  0.60199599999999998        9.7897255525167823E-004
          75  0.60385599999999995        9.7819002502376809E-004
          76  0.60444799999999999        9.7793786161698426E-004
          77  0.60650000000000004        9.7705219921967327E-004
          78  0.60943599999999998        9.7575357935085223E-004
          79  0.60766399999999998        9.7654178221722799E-004
          80  0.60984799999999995        9.7556838180826665E-004
          81  0.61226000000000003        9.7446948110240981E-004
          82  0.61347200000000002        9.7390780922220757E-004
          83  0.61441199999999996        9.7346780995778183E-004
          84  0.61558800000000002        9.7291194721002366E-004
          85  0.61814000000000002        9.7168501151350490E-004
          86  0.62000400000000000        9.7077091012040529E-004
          87  0.62206399999999995        9.6974301730716266E-004
          88  0.62139599999999995        9.7007837040931908E-004
          89  0.62215600000000004        9.6969667765544080E-004
          90  0.62373599999999996        9.6889504551112243E-004
          91  0.62611200000000000        9.6766887612653946E-004
          92  0.62789600000000001        9.6673184117210080E-004
          93  0.62849200000000005        9.6641565785328615E-004
          94  0.63120399999999999        9.6495701538255071E-004
          95  0.63186399999999998        9.6459708791598589E-004
          96  0.63383999999999996        9.6350787106281590E-004
          97  0.63553599999999999        9.6255907393572471E-004
          98  0.63680800000000004        9.6183901176028418E-004
          99  0.63885199999999998        9.6066668953597020E-004
         100  0.63845600000000002        9.6089528266924068E-004
         101  0.64128399999999997        9.5924727019470839E-004
         102  0.64187200000000000        9.5890006907080783E-004
         103  0.64305599999999996        9.5819618213390943E-004
         104  0.64614400000000005        9.5633034305934268E-004
         105  0.64827999999999997        9.5501422314015838E-004
         106  0.64681599999999995        9.5591853657934686E-004
         107  0.65000400000000003        9.5393668549647464E-004
         108  0.65371199999999996        9.5157263738718343E-004
         109  0.65321600000000002        9.5189255138171977E-004
         110  0.65489200000000003        9.5080695903216857E-004
         111  0.65570399999999995        9.5027630589002913E-004
         112  0.65791999999999995        9.4881246534813182E-004
         113  0.66058799999999995        9.4701952304268784E-004
         114  0.66159999999999997        9.4633068216136798E-004
         115  0.66156000000000004        9.4635800075869813E-004
         116  0.66281999999999996        9.4549383414171452E-004
         117  0.66489200000000004        9.4405641428041778E-004
         118  0.66583599999999998        9.4339476594689680E-004
         119  0.66770399999999996        9.4207296614221979E-004
         120  0.66849199999999998        9.4151037367837850E-004
         121  0.67282799999999998        9.3836130017387238E-004
         122  0.67317199999999999        9.3810758107159544E-004
         123  0.67285600000000001        9.3834067004260242E-004
         124  0.67508800000000002        9.3668392162137601E-004
         125  0.67809600000000003        9.3441278840563822E-004
         126  0.67992399999999997        9.3301094146639038E-004
         127  0.67972800000000000        9.3316203526718768E-004
         128  0.68389599999999995        9.2990808402551280E-004
         129  0.68376000000000003        9.3001561793337642E-004
         130  0.68609600000000004        9.2815576016959563E-004
         131  0.68652000000000002        9.2781526092212984E-004
         132  0.68793199999999999        9.2667483698652365E-004
         133  0.69079599999999997        9.2433086367166176E-004
         134  0.69177999999999995        9.2351595893086773E-004
         135  0.69294400000000000        9.2254563651669827E-004
         136  0.69399999999999995        9.2165937308747641E-004
         137  0.69601999999999997        9.1994817158359528E-004
         138  0.69613999999999998        9.1984585752179150E-004
         139  0.70079999999999998        9.1581517786068598E-004
         140  0.70072400000000001        9.1588181731924333E-004
         141  0.70298000000000005        9.1389084599857978E-004
         142  0.70444399999999996        9.1258457331690635E-004
         143  0.70518000000000003        9.1192360995864124E-004
         144  0.70709599999999995        9.1018953363351752E-004
         145  0.70862400000000003        9.0879266419574491E-004
         146  0.71027600000000002        9.0726843618413170E-004
         147  0.71115600000000001        9.0645053624342894E-004
         148  0.71363600000000005        9.0412313210978053E-004
         149  0.71405600000000002        9.0372568595564436E-004
         150  0.71734399999999998        9.0058111386815136E-004
         151  0.71791199999999999        9.0003191111426707E-004
         152  0.71894000000000002        8.9903342852198757E-004
         153  0.72087999999999997        8.9713326902974698E-004
         154  0.72305200000000003        8.9498112895412482E-004
         155  0.72364399999999995        8.9438998488131582E-004
         156  0.72610399999999997        8.9191250957479005E-004
         157  0.72840000000000005        8.8956942393497327E-004
         158  0.73022399999999998        8.8768667856175458E-004
         159  0.72932399999999997        8.8861803498241018E-004
         160  0.73316000000000003        8.8461610747261443E-004
         161  0.73566399999999998        8.8195800150347309E-004
         162  0.73516000000000004        8.8249594763942110E-004
         163  0.73706000000000005        8.8046023510434583E-004
         164  0.73881600000000003        8.7855999941722823E-004
         165  0.73906400000000005        8.7829016595655882E-004
         166  0.74094000000000004        8.7623721993533230E-004
         167  0.74540799999999996        8.7126325191872996E-004
         168  0.74670000000000003        8.6980252931340672E-004
         169  0.74854799999999999        8.6769554959328899E-004
         170  0.74936800000000003        8.6675394565239791E-004
         171  0.74919199999999997        8.6695639368078946E-004
         172  0.75232399999999999        8.6332519718585767E-004
         173  0.75517199999999995        8.5997034929350920E-004
         174  0.75564399999999998        8.5940943737894805E-004
         175  0.75707199999999997        8.5770388087264709E-004
         176  0.75856000000000001        8.5591290771900371E-004
         177  0.76091200000000003        8.5305317127597603E-004
         178  0.76276800000000000        8.5077136335445606E-004
         179  0.76483999999999996        8.4819755811956919E-004
         180  0.76522000000000001        8.4772248194795439E-004
         181  0.76893199999999995        8.4303162307472186E-004
         182  0.76857200000000003        8.4349055908409533E-004
         183  0.77064400000000000        8.4083726193360392E-004
         184  0.77184799999999998        8.3928222880268351E-004
         185  0.77263599999999999        8.3825917592114663E-004
         186  0.77470000000000006        8.3555947723665974E-004
         187  0.77681999999999995        8.3275611699944923E-004
         188  0.77998400000000001        8.2851423583182936E-004
         189  0.77969599999999994        8.2890324546113349E-004
         190  0.78253200000000001        8.2504707496239272E-004
         191  0.78272399999999998        8.2478394704067813E-004
         192  0.78430000000000000        8.2261415013358487E-004
         193  0.78652400000000000        8.1952180550367291E-004
         194  0.79005199999999998        8.1454241705634955E-004
         195  0.78914399999999996        8.1583269673138239E-004
         196  0.79052000000000000        8.1387500170480723E-004
         197  0.79352400000000001        8.0955212660828696E-004
         198  0.79601999999999995        8.0590857943069465E-004
         199  0.79686400000000002        8.0466580765930389E-004
         200  0.79947999999999997        8.0077894477814551E-004
