 # Pos, Energy, Err_Energy
           1   1.0063252641169389        3.4631368786313017E-003
           2   1.0028923796326137        3.4529225706383276E-003
           3   1.0057839740860093        3.4631948285717843E-003
           4   1.0027407027638224        3.4426231758979469E-003
           5  0.99688945524294381        3.4301171193398638E-003
           6   1.0039124540454527        3.4354996179145302E-003
           7   1.0020673672534819        3.4279432432768805E-003
           8   1.0000568026556551        3.4220424684064128E-003
           9  0.99713182636368669        3.3908276042348166E-003
          10  0.99907944190579134        3.4008053585782446E-003
          11  0.99413160394481381        3.3753449074670401E-003
          12  0.99687108594172480        3.3738417995630757E-003
          13  0.99634931407434457        3.3612000999952052E-003
          14  0.99622390096621527        3.3648650096466106E-003
          15  0.99824638112586994        3.3660102970698093E-003
          16  0.99088231153997852        3.3305042903107201E-003
          17  0.99876320117700723        3.3479848062425827E-003
          18  0.99276854300230466        3.3356455758215072E-003
          19  0.99853021380935614        3.3288730495735870E-003
          20  0.99011584536313391        3.3040751821160389E-003
          21  0.98933067763557658        3.3127514082514952E-003
          22  0.99664022871697511        3.3247679560673587E-003
          23  0.99001503523104739        3.2920498010947552E-003
          24  0.98971173047728334        3.2860976227906463E-003
          25  0.99222264513380509        3.2930243365357405E-003
          26  0.98810101739274625        3.2609421700012988E-003
          27  0.99504066997365725        3.2849128805490626E-003
          28  0.98059251979807727        3.2338156987597642E-003
          29  0.98376143656846893        3.2417532983289479E-003
          30  0.98228126514586245        3.2244463286127015E-003
          31  0.98289190639427193        3.2315052841858727E-003
          32  0.98599927955341071        3.2248561153927079E-003
          33  0.98345871611374158        3.2098866161511279E-003
          34  0.98005011673250331        3.2059686630527958E-003
          35  0.98075586151175487        3.1971771622675512E-003
          36  0.98510531889745734        3.2072570905246900E-003
          37  0.97670848896151874        3.1781928747877451E-003
          38  0.97593592890635794        3.1741320662978241E-003
          39  0.97750709051985940        3.1625275983922598E-003
          40  0.97809284343588587        3.1580749459487597E-003
          41  0.97946702178123402        3.1583094904398166E-003
          42  0.97758665095691555        3.1577845891456414E-003
          43  0.97679121135821478        3.1502995264420294E-003
          44  0.97812259579450178        3.1362761339769696E-003
          45  0.97314892277954557        3.1249682555558041E-003
          46  0.97073344738362732        3.1106899055687869E-003
          47  0.97356447214132635        3.0988872879292623E-003
          48  0.96926713231710759        3.1081086849515387E-003
          49  0.97160235594427136        3.0912449264010530E-003
          50  0.97139016620855001        3.0863168583706432E-003
          51  0.97078776316877846        3.0764832515093898E-003
          52  0.97388523216859879        3.0858023855779709E-003
          53  0.96756421212458921        3.0630250070559717E-003
          54  0.96699194800773480        3.0541779325550683E-003
          55  0.96293817690213490        3.0422510996336912E-003
          56  0.96917024150719644        3.0350139923767095E-003
          57  0.96465159479295848        3.0293847856999057E-003
          58  0.97224964898828881        3.0407943651270201E-003
          59  0.96491319823175126        3.0151252600828580E-003
          60  0.96567096324984469        3.0119545890303179E-003
          61  0.96121441402328245        3.0005144154424805E-003
          62  0.96169935000667062        2.9886611917178353E-003
          63  0.96495729111836692        2.9889447828069337E-003
          64  0.96354449257426977        2.9910989769096484E-003
          65  0.96197726386466897        2.9746294566850174E-003
          66  0.95266756798496877        2.9419244338871214E-003
          67  0.95956836145971258        2.9732047566032615E-003
          68  0.96249320055512599        2.9567463621890796E-003
          69  0.95384958992226143        2.9381256091635449E-003
          70  0.95312855539620156        2.9225522474123438E-003
          71  0.95310590161769426        2.9229797607232804E-003
          72  0.95485146300046408        2.9284280699383466E-003
          73  0.96046109931749524        2.9296125199290406E-003
          74  0.95016163151714006        2.8910631377411160E-003
          75  0.95488328028137170        2.9064130156753777E-003
          76  0.95294394018224693        2.8885087747947008E-003
          77  0.94939732338420724        2.8765559033433839E-003
          78  0.94962997640628166        2.8690420244153192E-003
          79  0.94598847797548236        2.8688963547822380E-003
          80  0.94567075373203191        2.8608691823694831E-003
          81  0.94390824121517480        2.8433775983942523E-003
          82  0.94575858582118522        2.8478567843149105E-003
          83  0.94418632009746295        2.8383877766583543E-003
          84  0.94006597014368665        2.8155603195402592E-003
          85  0.94408945059349447        2.8265320914224366E-003
          86  0.94381664407664712        2.8208877908857365E-003
          87  0.94885209044989893        2.8193015403249438E-003
          88  0.93917370973305037        2.7987218986931651E-003
          89  0.93309522812579282        2.7721424331476861E-003
          90  0.93189588060983897        2.7665771833695601E-003
          91  0.93422050353724184        2.7759431257437682E-003
          92  0.93942571636435379        2.7742210905190492E-003
          93  0.94065600593370602        2.7744044528739817E-003
          94  0.93483184068625225        2.7557425306202754E-003
          95  0.93606880279324955        2.7607156529606048E-003
          96  0.93512019203599339        2.7420791364692432E-003
          97  0.93517773636920798        2.7535175133509755E-003
          98  0.93145187090082104        2.7319476318948604E-003
          99  0.92951018818485287        2.7206359990321195E-003
         100  0.93025549368734817        2.7210647637622982E-003
         101  0.93255674057854232        2.7246345091287171E-003
         102  0.92563007424462940        2.6892494528199342E-003
         103  0.92558749145822594        2.6958748774445090E-003
         104  0.92838662129899607        2.6783638310718069E-003
         105  0.92729468441177088        2.6791862652417696E-003
         106  0.92125889358733870        2.6571203029446375E-003
         107  0.91995600721938275        2.6407711828071389E-003
         108  0.92476542070039802        2.6539822153057798E-003
         109  0.92323807082965470        2.6598902477169965E-003
         110  0.91708008408961061        2.6247163317639531E-003
         111  0.92154985547317003        2.6350340148598647E-003
         112  0.91640019793717287        2.6208111973828703E-003
         113  0.91676689804378275        2.6179520122585434E-003
         114  0.92046247055850738        2.6240660767232072E-003
         115  0.90925577242553446        2.5860694746214509E-003
         116  0.91223081866501443        2.5901695616003142E-003
         117  0.90814497268716565        2.5722185234494555E-003
         118  0.91143069192538062        2.5836878696191340E-003
         119  0.91019227805739067        2.5670566885419859E-003
         120  0.90902073607754896        2.5674106737741628E-003
         121  0.90906351484089676        2.5565095141555421E-003
         122  0.90635598938998219        2.5430591826669574E-003
         123  0.90377113201252046        2.5435083086768782E-003
         124  0.89825642473215606        2.5201581123589045E-003
         125  0.90384871626495333        2.5285721728294627E-003
         126  0.90146906418351114        2.5176536682903297E-003
         127  0.89743664684171054        2.5069288611344999E-003
         128  0.90032532297695844        2.4936418905891389E-003
         129  0.89656840384634695        2.4927683327408282E-003
         130  0.89946677806862485        2.4899159639224719E-003
         131  0.89121919135831595        2.4643648165055486E-003
         132  0.89288568358682274        2.4654773030556615E-003
         133  0.89304696950891715        2.4607388931860187E-003
         134  0.89373765174143605        2.4695693952758659E-003
         135  0.89111585853971920        2.4496008473345160E-003
         136  0.89041006335815343        2.4471172594372694E-003
         137  0.88791595469876228        2.4281303016856714E-003
         138  0.88733847482021810        2.4315431511193015E-003
         139  0.88205724789177076        2.4067339072854290E-003
         140  0.88542317281171579        2.4131789795135139E-003
         141  0.88631241279882422        2.4086140358140031E-003
         142  0.88013627228312874        2.3891623480725229E-003
         143  0.87897882181791775        2.3889811655518900E-003
         144  0.88015087207810461        2.3855420268101436E-003
         145  0.88057010542988479        2.3768363408208119E-003
         146  0.87625409760336082        2.3671648085574104E-003
         147  0.87736891969790953        2.3643685898652234E-003
         148  0.87529783848169451        2.3518011411503750E-003
         149  0.87085111142260752        2.3456252552021255E-003
         150  0.87247087332683515        2.3386269659436700E-003
         151  0.87127961856475566        2.3338369261217433E-003
         152  0.87317552574809243        2.3336747336934788E-003
         153  0.86976392933172697        2.3200686691241322E-003
         154  0.86812210053314853        2.3085604372710239E-003
         155  0.86565397191901761        2.2950414700546886E-003
         156  0.86705791547160216        2.2885025349904304E-003
         157  0.86795060178837902        2.2967724396748914E-003
         158  0.86167576627302656        2.2746612819843997E-003
         159  0.86170821531274500        2.2778347875605223E-003
         160  0.85661097173311629        2.2545894102376711E-003
         161  0.86686429926536301        2.2691366464562546E-003
         162  0.85934343268157054        2.2548018569416295E-003
         163  0.85934506400905386        2.2492138235107161E-003
         164  0.85357908549100592        2.2293255763809945E-003
         165  0.85260075715468497        2.2241519431873166E-003
         166  0.84526985210657890        2.2141552684768382E-003
         167  0.85433402358729238        2.2139198065489391E-003
         168  0.85177331938839351        2.1986729007800018E-003
         169  0.84756646878153907        2.1969817690921170E-003
         170  0.84977436092286940        2.1988308833247017E-003
         171  0.84479577847294252        2.1836462549932939E-003
         172  0.85029835945105492        2.1907401178333811E-003
         173  0.84279733590393646        2.1579328508739832E-003
         174  0.83936712222239618        2.1552032153153073E-003
         175  0.84405770501688693        2.1566876113119256E-003
         176  0.83856512999422494        2.1408355477368249E-003
         177  0.83843180794316841        2.1377325514811449E-003
         178  0.83747291482722830        2.1266466433055645E-003
         179  0.83743448296714040        2.1260301867236445E-003
         180  0.83243375693618160        2.1124431630416868E-003
         181  0.83163436927621615        2.1052249388967131E-003
         182  0.82825558817040268        2.0981300525274348E-003
         183  0.82942903870624540        2.0951355058882750E-003
         184  0.82911134230733630        2.0905706221594619E-003
         185  0.82470012065335474        2.0776683638602713E-003
         186  0.82341026088655989        2.0679578094999649E-003
         187  0.82408768967748869        2.0685759493672528E-003
         188  0.82384416409502959        2.0600016773670024E-003
         189  0.82040926060616159        2.0529159803707713E-003
         190  0.82007917783211215        2.0474810952715800E-003
         191  0.81651232425571918        2.0403528879182745E-003
         192  0.81702816285977886        2.0402290510934890E-003
         193  0.81204306938360338        2.0100383946061754E-003
         194  0.81609550597464109        2.0157611202058097E-003
         195  0.81176961353447596        2.0128942936116982E-003
         196  0.80861594663780623        2.0015155393900801E-003
         197  0.80733648714087303        1.9955435405151025E-003
         198  0.80106480907649025        1.9745444659286966E-003
         199  0.80051333781807443        1.9635021534586518E-003
         200  0.80485477440644904        1.9659661979117807E-003
