# x, rho, T
# CSV format for plotting
# x,rho,T
  0.00000000E+00,  0.50000000E+00,  0.20000000E+01
  0.50000000E-02,  0.50133883E+00,  0.19936704E+01
  0.10000000E-01,  0.50268090E+00,  0.19873769E+01
  0.15000000E-01,  0.50402296E+00,  0.19810833E+01
  0.20000000E-01,  0.50536827E+00,  0.19748255E+01
  0.25000000E-01,  0.50671354E+00,  0.19685674E+01
  0.30000000E-01,  0.50806209E+00,  0.19623449E+01
  0.35000000E-01,  0.50941058E+00,  0.19561220E+01
  0.40000000E-01,  0.51076237E+00,  0.19499345E+01
  0.45000000E-01,  0.51211409E+00,  0.19437464E+01
  0.50000000E-01,  0.51346911E+00,  0.19375936E+01
  0.55000000E-01,  0.51482405E+00,  0.19314399E+01
  0.60000000E-01,  0.51618231E+00,  0.19253214E+01
  0.65000000E-01,  0.51754048E+00,  0.19192018E+01
  0.70000000E-01,  0.51890198E+00,  0.19131172E+01
  0.75000000E-01,  0.52026337E+00,  0.19070314E+01
  0.80000000E-01,  0.52162812E+00,  0.19009803E+01
  0.85000000E-01,  0.52299273E+00,  0.18949279E+01
  0.90000000E-01,  0.52436072E+00,  0.18889101E+01
  0.95000000E-01,  0.52572856E+00,  0.18828908E+01
  0.10000000E+00,  0.52709979E+00,  0.18769059E+01
  0.10500000E+00,  0.52847085E+00,  0.18709194E+01
  0.11000000E+00,  0.52984533E+00,  0.18649671E+01
  0.11500000E+00,  0.53121961E+00,  0.18590130E+01
  0.12000000E+00,  0.53259733E+00,  0.18530929E+01
  0.12500000E+00,  0.53397485E+00,  0.18471709E+01
  0.13000000E+00,  0.53535581E+00,  0.18412827E+01
  0.13500000E+00,  0.53673655E+00,  0.18353925E+01
  0.14000000E+00,  0.53812076E+00,  0.18295359E+01
  0.14500000E+00,  0.53950473E+00,  0.18236771E+01
  0.15000000E+00,  0.54089219E+00,  0.18178518E+01
  0.15500000E+00,  0.54227938E+00,  0.18120242E+01
  0.16000000E+00,  0.54367009E+00,  0.18062299E+01
  0.16500000E+00,  0.54506051E+00,  0.18004331E+01
  0.17000000E+00,  0.54645446E+00,  0.17946694E+01
  0.17500000E+00,  0.54784811E+00,  0.17889032E+01
  0.18000000E+00,  0.54924531E+00,  0.17831699E+01
  0.18500000E+00,  0.55064219E+00,  0.17774338E+01
  0.19000000E+00,  0.55204264E+00,  0.17717306E+01
  0.19500000E+00,  0.55344275E+00,  0.17660244E+01
  0.20000000E+00,  0.55484645E+00,  0.17603510E+01
  0.20500000E+00,  0.55624979E+00,  0.17546744E+01
  0.21000000E+00,  0.55765673E+00,  0.17490304E+01
  0.21500000E+00,  0.55906330E+00,  0.17433832E+01
  0.22000000E+00,  0.56047349E+00,  0.17377684E+01
  0.22500000E+00,  0.56188329E+00,  0.17321502E+01
  0.23000000E+00,  0.56329674E+00,  0.17265643E+01
  0.23500000E+00,  0.56470977E+00,  0.17209749E+01
  0.24000000E+00,  0.56612646E+00,  0.17154175E+01
  0.24500000E+00,  0.56754272E+00,  0.17098566E+01
  0.25000000E+00,  0.56896267E+00,  0.17043275E+01
  0.25500000E+00,  0.57038216E+00,  0.16987948E+01
  0.26000000E+00,  0.57180536E+00,  0.16932937E+01
  0.26500000E+00,  0.57322808E+00,  0.16877889E+01
  0.27000000E+00,  0.57465453E+00,  0.16823156E+01
  0.27500000E+00,  0.57608048E+00,  0.16768384E+01
  0.28000000E+00,  0.57751018E+00,  0.16713926E+01
  0.28500000E+00,  0.57893936E+00,  0.16659428E+01
  0.29000000E+00,  0.58037231E+00,  0.16605242E+01
  0.29500000E+00,  0.58180472E+00,  0.16551015E+01
  0.30000000E+00,  0.58324093E+00,  0.16497098E+01
  0.30500000E+00,  0.58467657E+00,  0.16443139E+01
  0.31000000E+00,  0.58611603E+00,  0.16389490E+01
  0.31500000E+00,  0.58755490E+00,  0.16335796E+01
  0.32000000E+00,  0.58899761E+00,  0.16282411E+01
  0.32500000E+00,  0.59043971E+00,  0.16228980E+01
  0.33000000E+00,  0.59188568E+00,  0.16175857E+01
  0.33500000E+00,  0.59333101E+00,  0.16122687E+01
  0.34000000E+00,  0.59478023E+00,  0.16069822E+01
  0.34500000E+00,  0.59622879E+00,  0.16016910E+01
  0.35000000E+00,  0.59768126E+00,  0.15964302E+01
  0.35500000E+00,  0.59913305E+00,  0.15911645E+01
  0.36000000E+00,  0.60058877E+00,  0.15859291E+01
  0.36500000E+00,  0.60204379E+00,  0.15806887E+01
  0.37000000E+00,  0.60350277E+00,  0.15754784E+01
  0.37500000E+00,  0.60496101E+00,  0.15702631E+01
  0.38000000E+00,  0.60642324E+00,  0.15650777E+01
  0.38500000E+00,  0.60788472E+00,  0.15598872E+01
  0.39000000E+00,  0.60935020E+00,  0.15547265E+01
  0.39500000E+00,  0.61081490E+00,  0.15495605E+01
  0.40000000E+00,  0.61228363E+00,  0.15444242E+01
  0.40500000E+00,  0.61375156E+00,  0.15392825E+01
  0.41000000E+00,  0.61522354E+00,  0.15341704E+01
  0.41500000E+00,  0.61669470E+00,  0.15290528E+01
  0.42000000E+00,  0.61816994E+00,  0.15239647E+01
  0.42500000E+00,  0.61964432E+00,  0.15188709E+01
  0.43000000E+00,  0.62112280E+00,  0.15138065E+01
  0.43500000E+00,  0.62260041E+00,  0.15087363E+01
  0.44000000E+00,  0.62408214E+00,  0.15036954E+01
  0.44500000E+00,  0.62556298E+00,  0.14986486E+01
  0.45000000E+00,  0.62704796E+00,  0.14936309E+01
  0.45500000E+00,  0.62853202E+00,  0.14886073E+01
  0.46000000E+00,  0.63002025E+00,  0.14836126E+01
  0.46500000E+00,  0.63150753E+00,  0.14786119E+01
  0.47000000E+00,  0.63299900E+00,  0.14736400E+01
  0.47500000E+00,  0.63448950E+00,  0.14686620E+01
  0.48000000E+00,  0.63598423E+00,  0.14637127E+01
  0.48500000E+00,  0.63747795E+00,  0.14587572E+01
  0.49000000E+00,  0.63897592E+00,  0.14538302E+01
  0.49500000E+00,  0.64047286E+00,  0.14488970E+01
  0.50000000E+00,  0.64197408E+00,  0.14439921E+01
  0.50500000E+00,  0.64347423E+00,  0.14390810E+01
  0.51000000E+00,  0.64497869E+00,  0.14341980E+01
  0.51500000E+00,  0.64648207E+00,  0.14293087E+01
  0.52000000E+00,  0.64798977E+00,  0.14244474E+01
  0.52500000E+00,  0.64949636E+00,  0.14195797E+01
  0.53000000E+00,  0.65100730E+00,  0.14147400E+01
  0.53500000E+00,  0.65251710E+00,  0.14098936E+01
  0.54000000E+00,  0.65403128E+00,  0.14050752E+01
  0.54500000E+00,  0.65554430E+00,  0.14002500E+01
  0.55000000E+00,  0.65706172E+00,  0.13954526E+01
  0.55500000E+00,  0.65857794E+00,  0.13906485E+01
  0.56000000E+00,  0.66009860E+00,  0.13858719E+01
  0.56500000E+00,  0.66161803E+00,  0.13810886E+01
  0.57000000E+00,  0.66314193E+00,  0.13763327E+01
  0.57500000E+00,  0.66466456E+00,  0.13715699E+01
  0.58000000E+00,  0.66619169E+00,  0.13668345E+01
  0.58500000E+00,  0.66771753E+00,  0.13620921E+01
  0.59000000E+00,  0.66924789E+00,  0.13573769E+01
  0.59500000E+00,  0.67077693E+00,  0.13526546E+01
  0.60000000E+00,  0.67231052E+00,  0.13479595E+01
  0.60500000E+00,  0.67384276E+00,  0.13432572E+01
  0.61000000E+00,  0.67537957E+00,  0.13385820E+01
  0.61500000E+00,  0.67691501E+00,  0.13338995E+01
  0.62000000E+00,  0.67845505E+00,  0.13292439E+01
  0.62500000E+00,  0.67999368E+00,  0.13245809E+01
  0.63000000E+00,  0.68153695E+00,  0.13199448E+01
  0.63500000E+00,  0.68307877E+00,  0.13153012E+01
  0.64000000E+00,  0.68462525E+00,  0.13106844E+01
  0.64500000E+00,  0.68617026E+00,  0.13060600E+01
  0.65000000E+00,  0.68771996E+00,  0.13014622E+01
  0.65500000E+00,  0.68926816E+00,  0.12968569E+01
  0.66000000E+00,  0.69082107E+00,  0.12922779E+01
  0.66500000E+00,  0.69237245E+00,  0.12876914E+01
  0.67000000E+00,  0.69392858E+00,  0.12831312E+01
  0.67500000E+00,  0.69548313E+00,  0.12785633E+01
  0.68000000E+00,  0.69704247E+00,  0.12740216E+01
  0.68500000E+00,  0.69860020E+00,  0.12694721E+01
  0.69000000E+00,  0.70016274E+00,  0.12649487E+01
  0.69500000E+00,  0.70172365E+00,  0.12604175E+01
  0.70000000E+00,  0.70328939E+00,  0.12559122E+01
  0.70500000E+00,  0.70485346E+00,  0.12513991E+01
  0.71000000E+00,  0.70642240E+00,  0.12469118E+01
  0.71500000E+00,  0.70798964E+00,  0.12424165E+01
  0.72000000E+00,  0.70956177E+00,  0.12379470E+01
  0.72500000E+00,  0.71113217E+00,  0.12334694E+01
  0.73000000E+00,  0.71270749E+00,  0.12290174E+01
  0.73500000E+00,  0.71428104E+00,  0.12245574E+01
  0.74000000E+00,  0.71585956E+00,  0.12201229E+01
  0.74500000E+00,  0.71743625E+00,  0.12156802E+01
  0.75000000E+00,  0.71901795E+00,  0.12112629E+01
  0.75500000E+00,  0.72059780E+00,  0.12068373E+01
  0.76000000E+00,  0.72218267E+00,  0.12024371E+01
  0.76500000E+00,  0.72376565E+00,  0.11980286E+01
  0.77000000E+00,  0.72535370E+00,  0.11936452E+01
  0.77500000E+00,  0.72693982E+00,  0.11892535E+01
  0.78000000E+00,  0.72853104E+00,  0.11848868E+01
  0.78500000E+00,  0.73012029E+00,  0.11805117E+01
  0.79000000E+00,  0.73171466E+00,  0.11761616E+01
  0.79500000E+00,  0.73330704E+00,  0.11718030E+01
  0.80000000E+00,  0.73490457E+00,  0.11674692E+01
  0.80500000E+00,  0.73650007E+00,  0.11631269E+01
  0.81000000E+00,  0.73810075E+00,  0.11588093E+01
  0.81500000E+00,  0.73969936E+00,  0.11544831E+01
  0.82000000E+00,  0.74130319E+00,  0.11501816E+01
  0.82500000E+00,  0.74290490E+00,  0.11458713E+01
  0.83000000E+00,  0.74451187E+00,  0.11415856E+01
  0.83500000E+00,  0.74611668E+00,  0.11372912E+01
  0.84000000E+00,  0.74772679E+00,  0.11330211E+01
  0.84500000E+00,  0.74933469E+00,  0.11287423E+01
  0.85000000E+00,  0.75094792E+00,  0.11244878E+01
  0.85500000E+00,  0.75255891E+00,  0.11202244E+01
  0.86000000E+00,  0.75417526E+00,  0.11159852E+01
  0.86500000E+00,  0.75578933E+00,  0.11117371E+01
  0.87000000E+00,  0.75740879E+00,  0.11075131E+01
  0.87500000E+00,  0.75902592E+00,  0.11032802E+01
  0.88000000E+00,  0.76064849E+00,  0.10990712E+01
  0.88500000E+00,  0.76226869E+00,  0.10948532E+01
  0.89000000E+00,  0.76389435E+00,  0.10906590E+01
  0.89500000E+00,  0.76551760E+00,  0.10864558E+01
  0.90000000E+00,  0.76714636E+00,  0.10822763E+01
  0.90500000E+00,  0.76877265E+00,  0.10780878E+01
  0.91000000E+00,  0.77040448E+00,  0.10739228E+01
  0.91500000E+00,  0.77203381E+00,  0.10697487E+01
  0.92000000E+00,  0.77366872E+00,  0.10655981E+01
  0.92500000E+00,  0.77530107E+00,  0.10614383E+01
  0.93000000E+00,  0.77693904E+00,  0.10573019E+01
  0.93500000E+00,  0.77857441E+00,  0.10531563E+01
  0.94000000E+00,  0.78021543E+00,  0.10490339E+01
  0.94500000E+00,  0.78185380E+00,  0.10449023E+01
  0.95000000E+00,  0.78349787E+00,  0.10407938E+01
  0.95500000E+00,  0.78513924E+00,  0.10366760E+01
  0.96000000E+00,  0.78678633E+00,  0.10325812E+01
  0.96500000E+00,  0.78843068E+00,  0.10284770E+01
  0.97000000E+00,  0.79008080E+00,  0.10243959E+01
  0.97500000E+00,  0.79172812E+00,  0.10203052E+01
  0.98000000E+00,  0.79338125E+00,  0.10162374E+01
  0.98500000E+00,  0.79503153E+00,  0.10121601E+01
  0.99000000E+00,  0.79668766E+00,  0.10081056E+01
  0.99500000E+00,  0.79834089E+00,  0.10040414E+01
  0.10000000E+01,  0.80000000E+00,  0.10000000E+01
