# x, rho, T
# CSV format for plotting
# x,rho,T
  0.00000000E+00,  0.40000000E+00,  0.60000000E+01
  0.12500000E-02,  0.40018562E+00,  0.59953595E+01
  0.25000000E-02,  0.40037170E+00,  0.59907162E+01
  0.37500000E-02,  0.40055778E+00,  0.59860728E+01
  0.50000000E-02,  0.40074433E+00,  0.59814266E+01
  0.62500000E-02,  0.40093087E+00,  0.59767803E+01
  0.75000000E-02,  0.40111788E+00,  0.59721312E+01
  0.87500000E-02,  0.40130489E+00,  0.59674821E+01
  0.10000000E-01,  0.40149236E+00,  0.59628300E+01
  0.11250000E-01,  0.40167984E+00,  0.59581780E+01
  0.12500000E-01,  0.40186778E+00,  0.59535230E+01
  0.13750000E-01,  0.40205573E+00,  0.59488681E+01
  0.15000000E-01,  0.40224414E+00,  0.59442102E+01
  0.16250000E-01,  0.40243256E+00,  0.59395523E+01
  0.17500000E-01,  0.40262144E+00,  0.59348914E+01
  0.18750000E-01,  0.40281033E+00,  0.59302306E+01
  0.20000000E-01,  0.40299969E+00,  0.59255668E+01
  0.21250000E-01,  0.40318906E+00,  0.59209030E+01
  0.22500000E-01,  0.40337889E+00,  0.59162363E+01
  0.23750000E-01,  0.40356873E+00,  0.59115695E+01
  0.25000000E-01,  0.40375905E+00,  0.59068998E+01
  0.26250000E-01,  0.40394937E+00,  0.59022301E+01
  0.27500000E-01,  0.40414017E+00,  0.58975573E+01
  0.28750000E-01,  0.40433097E+00,  0.58928846E+01
  0.30000000E-01,  0.40452225E+00,  0.58882089E+01
  0.31250000E-01,  0.40471354E+00,  0.58835332E+01
  0.32500000E-01,  0.40490530E+00,  0.58788545E+01
  0.33750000E-01,  0.40509708E+00,  0.58741757E+01
  0.35000000E-01,  0.40528933E+00,  0.58694940E+01
  0.36250000E-01,  0.40548159E+00,  0.58648123E+01
  0.37500000E-01,  0.40567433E+00,  0.58601275E+01
  0.38750000E-01,  0.40586709E+00,  0.58554427E+01
  0.40000000E-01,  0.40606032E+00,  0.58507549E+01
  0.41250000E-01,  0.40625357E+00,  0.58460671E+01
  0.42500000E-01,  0.40644729E+00,  0.58413762E+01
  0.43750000E-01,  0.40664104E+00,  0.58366853E+01
  0.45000000E-01,  0.40683526E+00,  0.58319914E+01
  0.46250000E-01,  0.40702950E+00,  0.58272974E+01
  0.47500000E-01,  0.40722422E+00,  0.58226004E+01
  0.48750000E-01,  0.40741896E+00,  0.58179034E+01
  0.50000000E-01,  0.40761418E+00,  0.58132033E+01
  0.51250000E-01,  0.40780943E+00,  0.58085031E+01
  0.52500000E-01,  0.40800515E+00,  0.58037999E+01
  0.53750000E-01,  0.40820090E+00,  0.57990967E+01
  0.55000000E-01,  0.40839713E+00,  0.57943904E+01
  0.56250000E-01,  0.40859339E+00,  0.57896840E+01
  0.57500000E-01,  0.40879012E+00,  0.57849746E+01
  0.58750000E-01,  0.40898689E+00,  0.57802651E+01
  0.60000000E-01,  0.40918414E+00,  0.57755525E+01
  0.61250000E-01,  0.40938141E+00,  0.57708399E+01
  0.62500000E-01,  0.40957917E+00,  0.57661241E+01
  0.63750000E-01,  0.40977696E+00,  0.57614083E+01
  0.65000000E-01,  0.40997524E+00,  0.57566895E+01
  0.66250000E-01,  0.41017355E+00,  0.57519705E+01
  0.67500000E-01,  0.41037234E+00,  0.57472484E+01
  0.68750000E-01,  0.41057116E+00,  0.57425263E+01
  0.70000000E-01,  0.41077048E+00,  0.57378010E+01
  0.71250000E-01,  0.41096982E+00,  0.57330757E+01
  0.72500000E-01,  0.41116966E+00,  0.57283472E+01
  0.73750000E-01,  0.41136953E+00,  0.57236187E+01
  0.75000000E-01,  0.41156989E+00,  0.57188870E+01
  0.76250000E-01,  0.41177028E+00,  0.57141553E+01
  0.77500000E-01,  0.41197117E+00,  0.57094204E+01
  0.78750000E-01,  0.41217210E+00,  0.57046854E+01
  0.80000000E-01,  0.41237351E+00,  0.56999473E+01
  0.81250000E-01,  0.41257497E+00,  0.56952090E+01
  0.82500000E-01,  0.41277692E+00,  0.56904676E+01
  0.83750000E-01,  0.41297891E+00,  0.56857262E+01
  0.85000000E-01,  0.41318139E+00,  0.56809815E+01
  0.86250000E-01,  0.41338392E+00,  0.56762367E+01
  0.87500000E-01,  0.41358694E+00,  0.56714888E+01
  0.88750000E-01,  0.41379000E+00,  0.56667408E+01
  0.90000000E-01,  0.41399357E+00,  0.56619895E+01
  0.91250000E-01,  0.41419717E+00,  0.56572382E+01
  0.92500000E-01,  0.41440128E+00,  0.56524837E+01
  0.93750000E-01,  0.41460543E+00,  0.56477290E+01
  0.95000000E-01,  0.41481007E+00,  0.56429712E+01
  0.96250000E-01,  0.41501477E+00,  0.56382132E+01
  0.97500000E-01,  0.41521997E+00,  0.56334520E+01
  0.98750000E-01,  0.41542521E+00,  0.56286907E+01
  0.10000000E+00,  0.41563096E+00,  0.56239262E+01
  0.10125000E+00,  0.41583676E+00,  0.56191615E+01
  0.10250000E+00,  0.41604306E+00,  0.56143936E+01
  0.10375000E+00,  0.41624941E+00,  0.56096256E+01
  0.10500000E+00,  0.41645626E+00,  0.56048544E+01
  0.10625000E+00,  0.41666317E+00,  0.56000830E+01
  0.10750000E+00,  0.41687059E+00,  0.55953083E+01
  0.10875000E+00,  0.41707805E+00,  0.55905335E+01
  0.11000000E+00,  0.41728603E+00,  0.55857555E+01
  0.11125000E+00,  0.41749406E+00,  0.55809773E+01
  0.11250000E+00,  0.41770260E+00,  0.55761958E+01
  0.11375000E+00,  0.41791120E+00,  0.55714142E+01
  0.11500000E+00,  0.41812030E+00,  0.55666293E+01
  0.11625000E+00,  0.41832947E+00,  0.55618442E+01
  0.11750000E+00,  0.41853914E+00,  0.55570559E+01
  0.11875000E+00,  0.41874888E+00,  0.55522674E+01
  0.12000000E+00,  0.41895913E+00,  0.55474756E+01
  0.12125000E+00,  0.41916943E+00,  0.55426836E+01
  0.12250000E+00,  0.41938026E+00,  0.55378883E+01
  0.12375000E+00,  0.41959114E+00,  0.55330929E+01
  0.12500000E+00,  0.41980254E+00,  0.55282941E+01
  0.12625000E+00,  0.42001401E+00,  0.55234952E+01
  0.12750000E+00,  0.42022599E+00,  0.55186929E+01
  0.12875000E+00,  0.42043803E+00,  0.55138905E+01
  0.13000000E+00,  0.42065060E+00,  0.55090847E+01
  0.13125000E+00,  0.42086323E+00,  0.55042787E+01
  0.13250000E+00,  0.42107638E+00,  0.54994694E+01
  0.13375000E+00,  0.42128960E+00,  0.54946599E+01
  0.13500000E+00,  0.42150334E+00,  0.54898470E+01
  0.13625000E+00,  0.42171715E+00,  0.54850340E+01
  0.13750000E+00,  0.42193149E+00,  0.54802176E+01
  0.13875000E+00,  0.42214589E+00,  0.54754009E+01
  0.14000000E+00,  0.42236082E+00,  0.54705809E+01
  0.14125000E+00,  0.42257582E+00,  0.54657607E+01
  0.14250000E+00,  0.42279135E+00,  0.54609371E+01
  0.14375000E+00,  0.42300695E+00,  0.54561133E+01
  0.14500000E+00,  0.42322308E+00,  0.54512861E+01
  0.14625000E+00,  0.42343928E+00,  0.54464587E+01
  0.14750000E+00,  0.42365602E+00,  0.54416279E+01
  0.14875000E+00,  0.42387283E+00,  0.54367969E+01
  0.15000000E+00,  0.42409017E+00,  0.54319624E+01
  0.15125000E+00,  0.42430759E+00,  0.54271277E+01
  0.15250000E+00,  0.42452554E+00,  0.54222896E+01
  0.15375000E+00,  0.42474357E+00,  0.54174512E+01
  0.15500000E+00,  0.42496213E+00,  0.54126095E+01
  0.15625000E+00,  0.42518078E+00,  0.54077674E+01
  0.15750000E+00,  0.42539996E+00,  0.54029220E+01
  0.15875000E+00,  0.42561923E+00,  0.53980762E+01
  0.16000000E+00,  0.42583903E+00,  0.53932271E+01
  0.16125000E+00,  0.42605891E+00,  0.53883776E+01
  0.16250000E+00,  0.42627934E+00,  0.53835247E+01
  0.16375000E+00,  0.42649985E+00,  0.53786716E+01
  0.16500000E+00,  0.42672090E+00,  0.53738150E+01
  0.16625000E+00,  0.42694204E+00,  0.53689581E+01
  0.16750000E+00,  0.42716372E+00,  0.53640977E+01
  0.16875000E+00,  0.42738549E+00,  0.53592370E+01
  0.17000000E+00,  0.42760780E+00,  0.53543729E+01
  0.17125000E+00,  0.42783021E+00,  0.53495085E+01
  0.17250000E+00,  0.42805316E+00,  0.53446405E+01
  0.17375000E+00,  0.42827620E+00,  0.53397723E+01
  0.17500000E+00,  0.42849979E+00,  0.53349006E+01
  0.17625000E+00,  0.42872347E+00,  0.53300286E+01
  0.17750000E+00,  0.42894770E+00,  0.53251530E+01
  0.17875000E+00,  0.42917203E+00,  0.53202772E+01
  0.18000000E+00,  0.42939691E+00,  0.53153978E+01
  0.18125000E+00,  0.42962188E+00,  0.53105181E+01
  0.18250000E+00,  0.42984741E+00,  0.53056349E+01
  0.18375000E+00,  0.43007304E+00,  0.53007513E+01
  0.18500000E+00,  0.43029922E+00,  0.52958642E+01
  0.18625000E+00,  0.43052550E+00,  0.52909768E+01
  0.18750000E+00,  0.43075233E+00,  0.52860858E+01
  0.18875000E+00,  0.43097927E+00,  0.52811945E+01
  0.19000000E+00,  0.43120677E+00,  0.52762996E+01
  0.19125000E+00,  0.43143437E+00,  0.52714044E+01
  0.19250000E+00,  0.43166253E+00,  0.52665055E+01
  0.19375000E+00,  0.43189080E+00,  0.52616064E+01
  0.19500000E+00,  0.43211962E+00,  0.52567036E+01
  0.19625000E+00,  0.43234856E+00,  0.52518005E+01
  0.19750000E+00,  0.43257805E+00,  0.52468938E+01
  0.19875000E+00,  0.43280766E+00,  0.52419867E+01
  0.20000000E+00,  0.43303783E+00,  0.52370760E+01
  0.20125000E+00,  0.43326811E+00,  0.52321650E+01
  0.20250000E+00,  0.43349896E+00,  0.52272503E+01
  0.20375000E+00,  0.43372992E+00,  0.52223353E+01
  0.20500000E+00,  0.43396145E+00,  0.52174166E+01
  0.20625000E+00,  0.43419309E+00,  0.52124975E+01
  0.20750000E+00,  0.43442530E+00,  0.52075748E+01
  0.20875000E+00,  0.43465764E+00,  0.52026517E+01
  0.21000000E+00,  0.43489054E+00,  0.51977249E+01
  0.21125000E+00,  0.43512356E+00,  0.51927977E+01
  0.21250000E+00,  0.43535715E+00,  0.51878669E+01
  0.21375000E+00,  0.43559087E+00,  0.51829356E+01
  0.21500000E+00,  0.43582516E+00,  0.51780007E+01
  0.21625000E+00,  0.43605957E+00,  0.51730654E+01
  0.21750000E+00,  0.43629456E+00,  0.51681263E+01
  0.21875000E+00,  0.43652967E+00,  0.51631869E+01
  0.22000000E+00,  0.43676537E+00,  0.51582437E+01
  0.22125000E+00,  0.43700119E+00,  0.51533002E+01
  0.22250000E+00,  0.43723759E+00,  0.51483528E+01
  0.22375000E+00,  0.43747412E+00,  0.51434051E+01
  0.22500000E+00,  0.43771123E+00,  0.51384536E+01
  0.22625000E+00,  0.43794847E+00,  0.51335017E+01
  0.22750000E+00,  0.43818630E+00,  0.51285461E+01
  0.22875000E+00,  0.43842426E+00,  0.51235900E+01
  0.23000000E+00,  0.43866280E+00,  0.51186301E+01
  0.23125000E+00,  0.43890148E+00,  0.51136698E+01
  0.23250000E+00,  0.43914075E+00,  0.51087058E+01
  0.23375000E+00,  0.43938016E+00,  0.51037412E+01
  0.23500000E+00,  0.43962015E+00,  0.50987729E+01
  0.23625000E+00,  0.43986029E+00,  0.50938041E+01
  0.23750000E+00,  0.44010101E+00,  0.50888315E+01
  0.23875000E+00,  0.44034188E+00,  0.50838585E+01
  0.24000000E+00,  0.44058334E+00,  0.50788816E+01
  0.24125000E+00,  0.44082495E+00,  0.50739043E+01
  0.24250000E+00,  0.44106715E+00,  0.50689231E+01
  0.24375000E+00,  0.44130949E+00,  0.50639414E+01
  0.24500000E+00,  0.44155244E+00,  0.50589559E+01
  0.24625000E+00,  0.44179553E+00,  0.50539700E+01
  0.24750000E+00,  0.44203922E+00,  0.50489801E+01
  0.24875000E+00,  0.44228306E+00,  0.50439898E+01
  0.25000000E+00,  0.44252751E+00,  0.50389956E+01
  0.25125000E+00,  0.44277210E+00,  0.50340008E+01
  0.25250000E+00,  0.44301730E+00,  0.50290022E+01
  0.25375000E+00,  0.44326266E+00,  0.50240031E+01
  0.25500000E+00,  0.44350861E+00,  0.50190001E+01
  0.25625000E+00,  0.44375473E+00,  0.50139966E+01
  0.25750000E+00,  0.44400145E+00,  0.50089892E+01
  0.25875000E+00,  0.44424834E+00,  0.50039812E+01
  0.26000000E+00,  0.44449583E+00,  0.49989693E+01
  0.26125000E+00,  0.44474349E+00,  0.49939569E+01
  0.26250000E+00,  0.44499175E+00,  0.49889405E+01
  0.26375000E+00,  0.44524018E+00,  0.49839236E+01
  0.26500000E+00,  0.44548922E+00,  0.49789027E+01
  0.26625000E+00,  0.44573843E+00,  0.49738813E+01
  0.26750000E+00,  0.44598826E+00,  0.49688559E+01
  0.26875000E+00,  0.44623825E+00,  0.49638300E+01
  0.27000000E+00,  0.44648887E+00,  0.49588001E+01
  0.27125000E+00,  0.44673965E+00,  0.49537696E+01
  0.27250000E+00,  0.44699105E+00,  0.49487351E+01
  0.27375000E+00,  0.44724263E+00,  0.49437000E+01
  0.27500000E+00,  0.44749483E+00,  0.49386610E+01
  0.27625000E+00,  0.44774721E+00,  0.49336213E+01
  0.27750000E+00,  0.44800020E+00,  0.49285776E+01
  0.27875000E+00,  0.44825338E+00,  0.49235333E+01
  0.28000000E+00,  0.44850719E+00,  0.49184850E+01
  0.28125000E+00,  0.44876118E+00,  0.49134361E+01
  0.28250000E+00,  0.44901579E+00,  0.49083832E+01
  0.28375000E+00,  0.44927059E+00,  0.49033296E+01
  0.28500000E+00,  0.44952602E+00,  0.48982719E+01
  0.28625000E+00,  0.44978163E+00,  0.48932136E+01
  0.28750000E+00,  0.45003788E+00,  0.48881513E+01
  0.28875000E+00,  0.45029432E+00,  0.48830883E+01
  0.29000000E+00,  0.45055139E+00,  0.48780212E+01
  0.29125000E+00,  0.45080865E+00,  0.48729535E+01
  0.29250000E+00,  0.45106655E+00,  0.48678817E+01
  0.29375000E+00,  0.45132465E+00,  0.48628092E+01
  0.29500000E+00,  0.45158339E+00,  0.48577326E+01
  0.29625000E+00,  0.45184232E+00,  0.48526553E+01
  0.29750000E+00,  0.45210189E+00,  0.48475740E+01
  0.29875000E+00,  0.45236167E+00,  0.48424919E+01
  0.30000000E+00,  0.45262208E+00,  0.48374057E+01
  0.30125000E+00,  0.45288271E+00,  0.48323187E+01
  0.30250000E+00,  0.45314397E+00,  0.48272277E+01
  0.30375000E+00,  0.45340545E+00,  0.48221359E+01
  0.30500000E+00,  0.45366757E+00,  0.48170400E+01
  0.30625000E+00,  0.45392990E+00,  0.48119433E+01
  0.30750000E+00,  0.45419287E+00,  0.48068425E+01
  0.30875000E+00,  0.45445607E+00,  0.48017409E+01
  0.31000000E+00,  0.45471991E+00,  0.47966351E+01
  0.31125000E+00,  0.45498397E+00,  0.47915286E+01
  0.31250000E+00,  0.45524868E+00,  0.47864179E+01
  0.31375000E+00,  0.45551361E+00,  0.47813064E+01
  0.31500000E+00,  0.45577920E+00,  0.47761907E+01
  0.31625000E+00,  0.45604501E+00,  0.47710743E+01
  0.31750000E+00,  0.45631148E+00,  0.47659536E+01
  0.31875000E+00,  0.45657817E+00,  0.47608321E+01
  0.32000000E+00,  0.45684553E+00,  0.47557064E+01
  0.32125000E+00,  0.45711311E+00,  0.47505799E+01
  0.32250000E+00,  0.45738135E+00,  0.47454491E+01
  0.32375000E+00,  0.45764983E+00,  0.47403175E+01
  0.32500000E+00,  0.45791897E+00,  0.47351817E+01
  0.32625000E+00,  0.45818834E+00,  0.47300450E+01
  0.32750000E+00,  0.45845839E+00,  0.47249040E+01
  0.32875000E+00,  0.45872866E+00,  0.47197622E+01
  0.33000000E+00,  0.45899962E+00,  0.47146161E+01
  0.33125000E+00,  0.45927081E+00,  0.47094692E+01
  0.33250000E+00,  0.45954267E+00,  0.47043179E+01
  0.33375000E+00,  0.45981478E+00,  0.46991658E+01
  0.33500000E+00,  0.46008756E+00,  0.46940093E+01
  0.33625000E+00,  0.46036059E+00,  0.46888520E+01
  0.33750000E+00,  0.46063430E+00,  0.46836903E+01
  0.33875000E+00,  0.46090825E+00,  0.46785277E+01
  0.34000000E+00,  0.46118289E+00,  0.46733608E+01
  0.34125000E+00,  0.46145778E+00,  0.46681930E+01
  0.34250000E+00,  0.46173336E+00,  0.46630208E+01
  0.34375000E+00,  0.46200919E+00,  0.46578476E+01
  0.34500000E+00,  0.46228570E+00,  0.46526701E+01
  0.34625000E+00,  0.46256248E+00,  0.46474917E+01
  0.34750000E+00,  0.46283994E+00,  0.46423088E+01
  0.34875000E+00,  0.46311767E+00,  0.46371250E+01
  0.35000000E+00,  0.46339609E+00,  0.46319368E+01
  0.35125000E+00,  0.46367477E+00,  0.46267477E+01
  0.35250000E+00,  0.46395415E+00,  0.46215540E+01
  0.35375000E+00,  0.46423380E+00,  0.46163595E+01
  0.35500000E+00,  0.46451415E+00,  0.46111604E+01
  0.35625000E+00,  0.46479476E+00,  0.46059604E+01
  0.35750000E+00,  0.46507608E+00,  0.46007559E+01
  0.35875000E+00,  0.46535768E+00,  0.45955504E+01
  0.36000000E+00,  0.46563997E+00,  0.45903405E+01
  0.36125000E+00,  0.46592255E+00,  0.45851295E+01
  0.36250000E+00,  0.46620583E+00,  0.45799140E+01
  0.36375000E+00,  0.46648940E+00,  0.45746975E+01
  0.36500000E+00,  0.46677367E+00,  0.45694764E+01
  0.36625000E+00,  0.46705823E+00,  0.45642544E+01
  0.36750000E+00,  0.46734351E+00,  0.45590277E+01
  0.36875000E+00,  0.46762907E+00,  0.45538001E+01
  0.37000000E+00,  0.46791535E+00,  0.45485678E+01
  0.37125000E+00,  0.46820191E+00,  0.45433345E+01
  0.37250000E+00,  0.46848920E+00,  0.45380967E+01
  0.37375000E+00,  0.46877679E+00,  0.45328577E+01
  0.37500000E+00,  0.46906509E+00,  0.45276142E+01
  0.37625000E+00,  0.46935370E+00,  0.45223695E+01
  0.37750000E+00,  0.46964303E+00,  0.45171203E+01
  0.37875000E+00,  0.46993266E+00,  0.45118699E+01
  0.38000000E+00,  0.47022303E+00,  0.45066149E+01
  0.38125000E+00,  0.47051370E+00,  0.45013588E+01
  0.38250000E+00,  0.47080510E+00,  0.44960981E+01
  0.38375000E+00,  0.47109681E+00,  0.44908362E+01
  0.38500000E+00,  0.47138925E+00,  0.44855696E+01
  0.38625000E+00,  0.47168201E+00,  0.44803019E+01
  0.38750000E+00,  0.47197551E+00,  0.44750295E+01
  0.38875000E+00,  0.47226932E+00,  0.44697559E+01
  0.39000000E+00,  0.47256388E+00,  0.44644776E+01
  0.39125000E+00,  0.47285876E+00,  0.44591981E+01
  0.39250000E+00,  0.47315438E+00,  0.44539139E+01
  0.39375000E+00,  0.47345033E+00,  0.44486285E+01
  0.39500000E+00,  0.47374703E+00,  0.44433384E+01
  0.39625000E+00,  0.47404405E+00,  0.44380470E+01
  0.39750000E+00,  0.47434183E+00,  0.44327509E+01
  0.39875000E+00,  0.47463994E+00,  0.44274536E+01
  0.40000000E+00,  0.47493880E+00,  0.44221514E+01
  0.40125000E+00,  0.47523801E+00,  0.44168481E+01
  0.40250000E+00,  0.47553797E+00,  0.44115399E+01
  0.40375000E+00,  0.47583827E+00,  0.44062304E+01
  0.40500000E+00,  0.47613933E+00,  0.44009162E+01
  0.40625000E+00,  0.47644074E+00,  0.43956006E+01
  0.40750000E+00,  0.47674291E+00,  0.43902802E+01
  0.40875000E+00,  0.47704544E+00,  0.43849585E+01
  0.41000000E+00,  0.47734873E+00,  0.43796320E+01
  0.41125000E+00,  0.47765237E+00,  0.43743041E+01
  0.41250000E+00,  0.47795679E+00,  0.43689714E+01
  0.41375000E+00,  0.47826157E+00,  0.43636373E+01
  0.41500000E+00,  0.47856712E+00,  0.43582984E+01
  0.41625000E+00,  0.47887303E+00,  0.43529580E+01
  0.41750000E+00,  0.47917973E+00,  0.43476128E+01
  0.41875000E+00,  0.47948678E+00,  0.43422661E+01
  0.42000000E+00,  0.47979463E+00,  0.43369146E+01
  0.42125000E+00,  0.48010284E+00,  0.43315616E+01
  0.42250000E+00,  0.48041184E+00,  0.43262038E+01
  0.42375000E+00,  0.48072122E+00,  0.43208444E+01
  0.42500000E+00,  0.48103138E+00,  0.43154801E+01
  0.42625000E+00,  0.48134193E+00,  0.43101144E+01
  0.42750000E+00,  0.48165327E+00,  0.43047437E+01
  0.42875000E+00,  0.48196499E+00,  0.42993715E+01
  0.43000000E+00,  0.48227752E+00,  0.42939944E+01
  0.43125000E+00,  0.48259043E+00,  0.42886157E+01
  0.43250000E+00,  0.48290414E+00,  0.42832320E+01
  0.43375000E+00,  0.48321824E+00,  0.42778468E+01
  0.43500000E+00,  0.48353316E+00,  0.42724566E+01
  0.43625000E+00,  0.48384847E+00,  0.42670648E+01
  0.43750000E+00,  0.48416459E+00,  0.42616680E+01
  0.43875000E+00,  0.48448111E+00,  0.42562696E+01
  0.44000000E+00,  0.48479845E+00,  0.42508662E+01
  0.44125000E+00,  0.48511619E+00,  0.42454612E+01
  0.44250000E+00,  0.48543476E+00,  0.42400511E+01
  0.44375000E+00,  0.48575373E+00,  0.42346394E+01
  0.44500000E+00,  0.48607353E+00,  0.42292225E+01
  0.44625000E+00,  0.48639374E+00,  0.42238041E+01
  0.44750000E+00,  0.48671478E+00,  0.42183805E+01
  0.44875000E+00,  0.48703624E+00,  0.42129553E+01
  0.45000000E+00,  0.48735853E+00,  0.42075249E+01
  0.45125000E+00,  0.48768125E+00,  0.42020928E+01
  0.45250000E+00,  0.48800481E+00,  0.41966556E+01
  0.45375000E+00,  0.48832879E+00,  0.41912167E+01
  0.45500000E+00,  0.48865362E+00,  0.41857725E+01
  0.45625000E+00,  0.48897888E+00,  0.41803267E+01
  0.45750000E+00,  0.48930498E+00,  0.41748757E+01
  0.45875000E+00,  0.48963153E+00,  0.41694229E+01
  0.46000000E+00,  0.48995893E+00,  0.41639648E+01
  0.46125000E+00,  0.49028677E+00,  0.41585051E+01
  0.46250000E+00,  0.49061546E+00,  0.41530400E+01
  0.46375000E+00,  0.49094461E+00,  0.41475732E+01
  0.46500000E+00,  0.49127461E+00,  0.41421010E+01
  0.46625000E+00,  0.49160507E+00,  0.41366271E+01
  0.46750000E+00,  0.49193639E+00,  0.41311479E+01
  0.46875000E+00,  0.49226818E+00,  0.41256668E+01
  0.47000000E+00,  0.49260083E+00,  0.41201804E+01
  0.47125000E+00,  0.49293395E+00,  0.41146921E+01
  0.47250000E+00,  0.49326794E+00,  0.41091985E+01
  0.47375000E+00,  0.49360240E+00,  0.41037030E+01
  0.47500000E+00,  0.49393774E+00,  0.40982021E+01
  0.47625000E+00,  0.49427356E+00,  0.40926994E+01
  0.47750000E+00,  0.49461026E+00,  0.40871912E+01
  0.47875000E+00,  0.49494744E+00,  0.40816811E+01
  0.48000000E+00,  0.49528551E+00,  0.40761655E+01
  0.48125000E+00,  0.49562406E+00,  0.40706480E+01
  0.48250000E+00,  0.49596351E+00,  0.40651251E+01
  0.48375000E+00,  0.49630346E+00,  0.40596001E+01
  0.48500000E+00,  0.49664430E+00,  0.40540697E+01
  0.48625000E+00,  0.49698564E+00,  0.40485373E+01
  0.48750000E+00,  0.49732788E+00,  0.40429994E+01
  0.48875000E+00,  0.49767063E+00,  0.40374595E+01
  0.49000000E+00,  0.49801428E+00,  0.40319140E+01
  0.49125000E+00,  0.49835845E+00,  0.40263664E+01
  0.49250000E+00,  0.49870353E+00,  0.40208133E+01
  0.49375000E+00,  0.49904912E+00,  0.40152582E+01
  0.49500000E+00,  0.49939564E+00,  0.40096974E+01
  0.49625000E+00,  0.49974267E+00,  0.40041346E+01
  0.49750000E+00,  0.50009063E+00,  0.39985661E+01
  0.49875000E+00,  0.50043912E+00,  0.39929955E+01
  0.50000000E+00,  0.50078854E+00,  0.39874192E+01
  0.50125000E+00,  0.50113849E+00,  0.39818408E+01
  0.50250000E+00,  0.50148938E+00,  0.39762567E+01
  0.50375000E+00,  0.50184081E+00,  0.39706705E+01
  0.50500000E+00,  0.50219318E+00,  0.39650785E+01
  0.50625000E+00,  0.50254609E+00,  0.39594843E+01
  0.50750000E+00,  0.50289995E+00,  0.39538844E+01
  0.50875000E+00,  0.50325437E+00,  0.39482823E+01
  0.51000000E+00,  0.50360974E+00,  0.39426744E+01
  0.51125000E+00,  0.50396566E+00,  0.39370642E+01
  0.51250000E+00,  0.50432254E+00,  0.39314483E+01
  0.51375000E+00,  0.50467999E+00,  0.39258301E+01
  0.51500000E+00,  0.50503841E+00,  0.39202060E+01
  0.51625000E+00,  0.50539739E+00,  0.39145796E+01
  0.51750000E+00,  0.50575735E+00,  0.39089474E+01
  0.51875000E+00,  0.50611788E+00,  0.39033128E+01
  0.52000000E+00,  0.50647939E+00,  0.38976724E+01
  0.52125000E+00,  0.50684149E+00,  0.38920296E+01
  0.52250000E+00,  0.50720456E+00,  0.38863808E+01
  0.52375000E+00,  0.50756823E+00,  0.38807297E+01
  0.52500000E+00,  0.50793289E+00,  0.38750726E+01
  0.52625000E+00,  0.50829814E+00,  0.38694131E+01
  0.52750000E+00,  0.50866439E+00,  0.38637476E+01
  0.52875000E+00,  0.50903125E+00,  0.38580796E+01
  0.53000000E+00,  0.50939911E+00,  0.38524056E+01
  0.53125000E+00,  0.50976758E+00,  0.38467292E+01
  0.53250000E+00,  0.51013706E+00,  0.38410467E+01
  0.53375000E+00,  0.51050715E+00,  0.38353616E+01
  0.53500000E+00,  0.51087826E+00,  0.38296706E+01
  0.53625000E+00,  0.51125000E+00,  0.38239769E+01
  0.53750000E+00,  0.51162276E+00,  0.38182771E+01
  0.53875000E+00,  0.51199615E+00,  0.38125748E+01
  0.54000000E+00,  0.51237057E+00,  0.38068663E+01
  0.54125000E+00,  0.51274564E+00,  0.38011552E+01
  0.54250000E+00,  0.51312173E+00,  0.37954379E+01
  0.54375000E+00,  0.51349848E+00,  0.37897180E+01
  0.54500000E+00,  0.51387626E+00,  0.37839919E+01
  0.54625000E+00,  0.51425470E+00,  0.37782630E+01
  0.54750000E+00,  0.51463419E+00,  0.37725280E+01
  0.54875000E+00,  0.51501435E+00,  0.37667902E+01
  0.55000000E+00,  0.51539556E+00,  0.37610461E+01
  0.55125000E+00,  0.51577744E+00,  0.37552993E+01
  0.55250000E+00,  0.51616038E+00,  0.37495462E+01
  0.55375000E+00,  0.51654401E+00,  0.37437902E+01
  0.55500000E+00,  0.51692870E+00,  0.37380280E+01
  0.55625000E+00,  0.51731408E+00,  0.37322629E+01
  0.55750000E+00,  0.51770054E+00,  0.37264915E+01
  0.55875000E+00,  0.51808769E+00,  0.37207171E+01
  0.56000000E+00,  0.51847593E+00,  0.37149364E+01
  0.56125000E+00,  0.51886487E+00,  0.37091527E+01
  0.56250000E+00,  0.51925491E+00,  0.37033627E+01
  0.56375000E+00,  0.51964565E+00,  0.36975696E+01
  0.56500000E+00,  0.52003750E+00,  0.36917701E+01
  0.56625000E+00,  0.52043007E+00,  0.36859676E+01
  0.56750000E+00,  0.52082374E+00,  0.36801586E+01
  0.56875000E+00,  0.52121814E+00,  0.36743466E+01
  0.57000000E+00,  0.52161366E+00,  0.36685280E+01
  0.57125000E+00,  0.52200992E+00,  0.36627063E+01
  0.57250000E+00,  0.52240730E+00,  0.36568781E+01
  0.57375000E+00,  0.52280542E+00,  0.36510468E+01
  0.57500000E+00,  0.52320468E+00,  0.36452088E+01
  0.57625000E+00,  0.52360469E+00,  0.36393677E+01
  0.57750000E+00,  0.52400585E+00,  0.36335199E+01
  0.57875000E+00,  0.52440776E+00,  0.36276690E+01
  0.58000000E+00,  0.52481083E+00,  0.36218113E+01
  0.58125000E+00,  0.52521467E+00,  0.36159504E+01
  0.58250000E+00,  0.52561966E+00,  0.36100828E+01
  0.58375000E+00,  0.52602544E+00,  0.36042119E+01
  0.58500000E+00,  0.52643238E+00,  0.35983342E+01
  0.58625000E+00,  0.52684011E+00,  0.35924532E+01
  0.58750000E+00,  0.52724902E+00,  0.35865654E+01
  0.58875000E+00,  0.52765873E+00,  0.35806742E+01
  0.59000000E+00,  0.52806962E+00,  0.35747762E+01
  0.59125000E+00,  0.52848133E+00,  0.35688748E+01
  0.59250000E+00,  0.52889422E+00,  0.35629664E+01
  0.59375000E+00,  0.52930794E+00,  0.35570546E+01
  0.59500000E+00,  0.52972285E+00,  0.35511359E+01
  0.59625000E+00,  0.53013860E+00,  0.35452137E+01
  0.59750000E+00,  0.53055556E+00,  0.35392845E+01
  0.59875000E+00,  0.53097336E+00,  0.35333518E+01
  0.60000000E+00,  0.53139238E+00,  0.35274120E+01
  0.60125000E+00,  0.53181225E+00,  0.35214686E+01
  0.60250000E+00,  0.53223334E+00,  0.35155182E+01
  0.60375000E+00,  0.53265530E+00,  0.35095641E+01
  0.60500000E+00,  0.53307850E+00,  0.35036030E+01
  0.60625000E+00,  0.53350257E+00,  0.34976381E+01
  0.60750000E+00,  0.53392789E+00,  0.34916661E+01
  0.60875000E+00,  0.53435409E+00,  0.34856903E+01
  0.61000000E+00,  0.53478154E+00,  0.34797074E+01
  0.61125000E+00,  0.53520990E+00,  0.34737206E+01
  0.61250000E+00,  0.53563952E+00,  0.34677266E+01
  0.61375000E+00,  0.53607004E+00,  0.34617288E+01
  0.61500000E+00,  0.53650184E+00,  0.34557237E+01
  0.61625000E+00,  0.53693456E+00,  0.34497147E+01
  0.61750000E+00,  0.53736857E+00,  0.34436984E+01
  0.61875000E+00,  0.53780351E+00,  0.34376781E+01
  0.62000000E+00,  0.53823974E+00,  0.34316504E+01
  0.62125000E+00,  0.53867691E+00,  0.34256187E+01
  0.62250000E+00,  0.53911540E+00,  0.34195796E+01
  0.62375000E+00,  0.53955483E+00,  0.34135365E+01
  0.62500000E+00,  0.53999558E+00,  0.34074858E+01
  0.62625000E+00,  0.54043730E+00,  0.34014311E+01
  0.62750000E+00,  0.54088035E+00,  0.33953688E+01
  0.62875000E+00,  0.54132437E+00,  0.33893024E+01
  0.63000000E+00,  0.54176973E+00,  0.33832284E+01
  0.63125000E+00,  0.54221609E+00,  0.33771502E+01
  0.63250000E+00,  0.54266379E+00,  0.33710643E+01
  0.63375000E+00,  0.54311250E+00,  0.33649742E+01
  0.63500000E+00,  0.54356257E+00,  0.33588764E+01
  0.63625000E+00,  0.54401365E+00,  0.33527742E+01
  0.63750000E+00,  0.54446611E+00,  0.33466643E+01
  0.63875000E+00,  0.54491960E+00,  0.33405500E+01
  0.64000000E+00,  0.54537447E+00,  0.33344280E+01
  0.64125000E+00,  0.54583039E+00,  0.33283015E+01
  0.64250000E+00,  0.54628770E+00,  0.33221671E+01
  0.64375000E+00,  0.54674607E+00,  0.33160282E+01
  0.64500000E+00,  0.54720585E+00,  0.33098814E+01
  0.64625000E+00,  0.54766669E+00,  0.33037301E+01
  0.64750000E+00,  0.54812896E+00,  0.32975708E+01
  0.64875000E+00,  0.54859231E+00,  0.32914068E+01
  0.65000000E+00,  0.54905710E+00,  0.32852349E+01
  0.65125000E+00,  0.54952298E+00,  0.32790582E+01
  0.65250000E+00,  0.54999031E+00,  0.32728735E+01
  0.65375000E+00,  0.55045875E+00,  0.32666840E+01
  0.65500000E+00,  0.55092865E+00,  0.32604864E+01
  0.65625000E+00,  0.55139968E+00,  0.32542839E+01
  0.65750000E+00,  0.55187218E+00,  0.32480733E+01
  0.65875000E+00,  0.55234582E+00,  0.32418577E+01
  0.66000000E+00,  0.55282095E+00,  0.32356339E+01
  0.66125000E+00,  0.55329723E+00,  0.32294052E+01
  0.66250000E+00,  0.55377502E+00,  0.32231681E+01
  0.66375000E+00,  0.55425397E+00,  0.32169260E+01
  0.66500000E+00,  0.55473444E+00,  0.32106755E+01
  0.66625000E+00,  0.55521610E+00,  0.32044199E+01
  0.66750000E+00,  0.55569928E+00,  0.31981559E+01
  0.66875000E+00,  0.55618367E+00,  0.31918867E+01
  0.67000000E+00,  0.55666960E+00,  0.31856090E+01
  0.67125000E+00,  0.55715675E+00,  0.31793261E+01
  0.67250000E+00,  0.55764546E+00,  0.31730346E+01
  0.67375000E+00,  0.55813540E+00,  0.31667377E+01
  0.67500000E+00,  0.55862691E+00,  0.31604322E+01
  0.67625000E+00,  0.55911968E+00,  0.31541214E+01
  0.67750000E+00,  0.55961403E+00,  0.31478018E+01
  0.67875000E+00,  0.56010965E+00,  0.31414767E+01
  0.68000000E+00,  0.56060688E+00,  0.31351429E+01
  0.68125000E+00,  0.56110539E+00,  0.31288035E+01
  0.68250000E+00,  0.56160552E+00,  0.31224553E+01
  0.68375000E+00,  0.56210695E+00,  0.31161015E+01
  0.68500000E+00,  0.56261002E+00,  0.31097387E+01
  0.68625000E+00,  0.56311441E+00,  0.31033702E+01
  0.68750000E+00,  0.56362045E+00,  0.30969927E+01
  0.68875000E+00,  0.56412783E+00,  0.30906095E+01
  0.69000000E+00,  0.56463688E+00,  0.30842172E+01
  0.69125000E+00,  0.56514729E+00,  0.30778190E+01
  0.69250000E+00,  0.56565938E+00,  0.30714117E+01
  0.69375000E+00,  0.56617284E+00,  0.30649984E+01
  0.69500000E+00,  0.56668801E+00,  0.30585759E+01
  0.69625000E+00,  0.56720458E+00,  0.30521473E+01
  0.69750000E+00,  0.56772286E+00,  0.30457095E+01
  0.69875000E+00,  0.56824256E+00,  0.30392655E+01
  0.70000000E+00,  0.56876400E+00,  0.30328121E+01
  0.70125000E+00,  0.56928687E+00,  0.30263526E+01
  0.70250000E+00,  0.56981150E+00,  0.30198835E+01
  0.70375000E+00,  0.57033759E+00,  0.30134082E+01
  0.70500000E+00,  0.57086545E+00,  0.30069233E+01
  0.70625000E+00,  0.57139478E+00,  0.30004321E+01
  0.70750000E+00,  0.57192591E+00,  0.29939311E+01
  0.70875000E+00,  0.57245853E+00,  0.29874238E+01
  0.71000000E+00,  0.57299297E+00,  0.29809066E+01
  0.71125000E+00,  0.57352893E+00,  0.29743830E+01
  0.71250000E+00,  0.57406672E+00,  0.29678495E+01
  0.71375000E+00,  0.57460605E+00,  0.29613093E+01
  0.71500000E+00,  0.57514723E+00,  0.29547592E+01
  0.71625000E+00,  0.57568997E+00,  0.29482024E+01
  0.71750000E+00,  0.57623459E+00,  0.29416355E+01
  0.71875000E+00,  0.57678079E+00,  0.29350618E+01
  0.72000000E+00,  0.57732889E+00,  0.29284780E+01
  0.72125000E+00,  0.57787860E+00,  0.29218872E+01
  0.72250000E+00,  0.57843022E+00,  0.29152863E+01
  0.72375000E+00,  0.57898347E+00,  0.29086782E+01
  0.72500000E+00,  0.57953866E+00,  0.29020599E+01
  0.72625000E+00,  0.58009551E+00,  0.28954344E+01
  0.72750000E+00,  0.58065431E+00,  0.28887985E+01
  0.72875000E+00,  0.58121480E+00,  0.28821553E+01
  0.73000000E+00,  0.58177727E+00,  0.28755017E+01
  0.73125000E+00,  0.58234144E+00,  0.28688406E+01
  0.73250000E+00,  0.58290762E+00,  0.28621690E+01
  0.73375000E+00,  0.58347553E+00,  0.28554899E+01
  0.73500000E+00,  0.58404547E+00,  0.28488000E+01
  0.73625000E+00,  0.58461716E+00,  0.28421025E+01
  0.73750000E+00,  0.58519092E+00,  0.28353943E+01
  0.73875000E+00,  0.58576645E+00,  0.28286783E+01
  0.74000000E+00,  0.58634406E+00,  0.28219513E+01
  0.74125000E+00,  0.58692348E+00,  0.28152166E+01
  0.74250000E+00,  0.58750501E+00,  0.28084708E+01
  0.74375000E+00,  0.58808837E+00,  0.28017170E+01
  0.74500000E+00,  0.58867386E+00,  0.27949521E+01
  0.74625000E+00,  0.58926122E+00,  0.27881790E+01
  0.74750000E+00,  0.58985074E+00,  0.27813947E+01
  0.74875000E+00,  0.59044214E+00,  0.27746022E+01
  0.75000000E+00,  0.59103574E+00,  0.27677984E+01
  0.75125000E+00,  0.59163125E+00,  0.27609861E+01
  0.75250000E+00,  0.59222899E+00,  0.27541624E+01
  0.75375000E+00,  0.59282866E+00,  0.27473301E+01
  0.75500000E+00,  0.59343059E+00,  0.27404863E+01
  0.75625000E+00,  0.59403449E+00,  0.27336338E+01
  0.75750000E+00,  0.59464067E+00,  0.27267696E+01
  0.75875000E+00,  0.59524885E+00,  0.27198966E+01
  0.76000000E+00,  0.59585934E+00,  0.27130117E+01
  0.76125000E+00,  0.59647188E+00,  0.27061179E+01
  0.76250000E+00,  0.59708674E+00,  0.26992121E+01
  0.76375000E+00,  0.59770368E+00,  0.26922973E+01
  0.76500000E+00,  0.59832299E+00,  0.26853703E+01
  0.76625000E+00,  0.59894440E+00,  0.26784342E+01
  0.76750000E+00,  0.59956822E+00,  0.26714857E+01
  0.76875000E+00,  0.60019417E+00,  0.26645279E+01
  0.77000000E+00,  0.60082255E+00,  0.26575577E+01
  0.77125000E+00,  0.60145311E+00,  0.26505779E+01
  0.77250000E+00,  0.60208613E+00,  0.26435856E+01
  0.77375000E+00,  0.60272137E+00,  0.26365837E+01
  0.77500000E+00,  0.60335910E+00,  0.26295690E+01
  0.77625000E+00,  0.60399908E+00,  0.26225445E+01
  0.77750000E+00,  0.60464160E+00,  0.26155071E+01
  0.77875000E+00,  0.60528640E+00,  0.26084598E+01
  0.78000000E+00,  0.60593377E+00,  0.26013994E+01
  0.78125000E+00,  0.60658346E+00,  0.25943289E+01
  0.78250000E+00,  0.60723576E+00,  0.25872452E+01
  0.78375000E+00,  0.60789042E+00,  0.25801512E+01
  0.78500000E+00,  0.60854772E+00,  0.25730438E+01
  0.78625000E+00,  0.60920743E+00,  0.25659259E+01
  0.78750000E+00,  0.60986982E+00,  0.25587945E+01
  0.78875000E+00,  0.61053465E+00,  0.25516525E+01
  0.79000000E+00,  0.61120221E+00,  0.25444967E+01
  0.79125000E+00,  0.61187225E+00,  0.25373301E+01
  0.79250000E+00,  0.61254505E+00,  0.25301496E+01
  0.79375000E+00,  0.61322039E+00,  0.25229581E+01
  0.79500000E+00,  0.61389852E+00,  0.25157525E+01
  0.79625000E+00,  0.61457923E+00,  0.25085357E+01
  0.79750000E+00,  0.61526279E+00,  0.25013046E+01
  0.79875000E+00,  0.61594897E+00,  0.24940622E+01
  0.80000000E+00,  0.61663803E+00,  0.24868052E+01
  0.80125000E+00,  0.61732977E+00,  0.24795367E+01
  0.80250000E+00,  0.61802444E+00,  0.24722535E+01
  0.80375000E+00,  0.61872182E+00,  0.24649585E+01
  0.80500000E+00,  0.61942218E+00,  0.24576487E+01
  0.80625000E+00,  0.62012531E+00,  0.24503268E+01
  0.80750000E+00,  0.62083146E+00,  0.24429899E+01
  0.80875000E+00,  0.62154043E+00,  0.24356407E+01
  0.81000000E+00,  0.62225247E+00,  0.24282763E+01
  0.81125000E+00,  0.62296738E+00,  0.24208994E+01
  0.81250000E+00,  0.62368542E+00,  0.24135070E+01
  0.81375000E+00,  0.62440638E+00,  0.24061019E+01
  0.81500000E+00,  0.62513051E+00,  0.23986811E+01
  0.81625000E+00,  0.62585762E+00,  0.23912474E+01
  0.81750000E+00,  0.62658796E+00,  0.23837977E+01
  0.81875000E+00,  0.62732133E+00,  0.23763349E+01
  0.82000000E+00,  0.62805798E+00,  0.23688559E+01
  0.82125000E+00,  0.62879773E+00,  0.23613635E+01
  0.82250000E+00,  0.62954081E+00,  0.23538546E+01
  0.82375000E+00,  0.63028704E+00,  0.23463321E+01
  0.82500000E+00,  0.63103667E+00,  0.23387929E+01
  0.82625000E+00,  0.63178950E+00,  0.23312398E+01
  0.82750000E+00,  0.63254580E+00,  0.23236698E+01
  0.82875000E+00,  0.63330537E+00,  0.23160855E+01
  0.83000000E+00,  0.63406845E+00,  0.23084841E+01
  0.83125000E+00,  0.63483487E+00,  0.23008682E+01
  0.83250000E+00,  0.63560487E+00,  0.22932348E+01
  0.83375000E+00,  0.63637828E+00,  0.22855867E+01
  0.83500000E+00,  0.63715533E+00,  0.22779208E+01
  0.83625000E+00,  0.63793585E+00,  0.22702399E+01
  0.83750000E+00,  0.63872009E+00,  0.22625410E+01
  0.83875000E+00,  0.63950786E+00,  0.22548266E+01
  0.84000000E+00,  0.64029942E+00,  0.22470940E+01
  0.84125000E+00,  0.64109459E+00,  0.22393457E+01
  0.84250000E+00,  0.64189362E+00,  0.22315788E+01
  0.84375000E+00,  0.64269634E+00,  0.22237958E+01
  0.84500000E+00,  0.64350298E+00,  0.22159940E+01
  0.84625000E+00,  0.64431339E+00,  0.22081758E+01
  0.84750000E+00,  0.64512780E+00,  0.22003384E+01
  0.84875000E+00,  0.64594606E+00,  0.21924842E+01
  0.85000000E+00,  0.64676839E+00,  0.21846105E+01
  0.85125000E+00,  0.64759466E+00,  0.21767198E+01
  0.85250000E+00,  0.64842509E+00,  0.21688091E+01
  0.85375000E+00,  0.64925953E+00,  0.21608810E+01
  0.85500000E+00,  0.65009821E+00,  0.21529327E+01
  0.85625000E+00,  0.65094100E+00,  0.21449666E+01
  0.85750000E+00,  0.65178812E+00,  0.21369798E+01
  0.85875000E+00,  0.65263943E+00,  0.21289749E+01
  0.86000000E+00,  0.65349516E+00,  0.21209489E+01
  0.86125000E+00,  0.65435518E+00,  0.21129044E+01
  0.86250000E+00,  0.65521971E+00,  0.21048384E+01
  0.86375000E+00,  0.65608862E+00,  0.20967535E+01
  0.86500000E+00,  0.65696214E+00,  0.20886468E+01
  0.86625000E+00,  0.65784015E+00,  0.20805206E+01
  0.86750000E+00,  0.65872286E+00,  0.20723722E+01
  0.86875000E+00,  0.65961016E+00,  0.20642039E+01
  0.87000000E+00,  0.66050227E+00,  0.20560130E+01
  0.87125000E+00,  0.66139908E+00,  0.20478018E+01
  0.87250000E+00,  0.66230080E+00,  0.20395674E+01
  0.87375000E+00,  0.66320733E+00,  0.20313122E+01
  0.87500000E+00,  0.66411888E+00,  0.20230335E+01
  0.87625000E+00,  0.66503536E+00,  0.20147335E+01
  0.87750000E+00,  0.66595698E+00,  0.20064094E+01
  0.87875000E+00,  0.66688364E+00,  0.19980635E+01
  0.88000000E+00,  0.66781556E+00,  0.19896930E+01
  0.88125000E+00,  0.66875265E+00,  0.19813002E+01
  0.88250000E+00,  0.66969513E+00,  0.19728823E+01
  0.88375000E+00,  0.67064289E+00,  0.19644415E+01
  0.88500000E+00,  0.67159617E+00,  0.19559751E+01
  0.88625000E+00,  0.67255489E+00,  0.19474853E+01
  0.88750000E+00,  0.67351924E+00,  0.19389692E+01
  0.88875000E+00,  0.67448917E+00,  0.19304291E+01
  0.89000000E+00,  0.67546488E+00,  0.19218623E+01
  0.89125000E+00,  0.67644631E+00,  0.19132707E+01
  0.89250000E+00,  0.67743367E+00,  0.19046518E+01
  0.89375000E+00,  0.67842689E+00,  0.18960076E+01
  0.89500000E+00,  0.67942619E+00,  0.18873354E+01
  0.89625000E+00,  0.68043152E+00,  0.18786372E+01
  0.89750000E+00,  0.68144308E+00,  0.18699104E+01
  0.89875000E+00,  0.68246084E+00,  0.18611568E+01
  0.90000000E+00,  0.68348499E+00,  0.18523739E+01
  0.90125000E+00,  0.68451551E+00,  0.18435637E+01
  0.90250000E+00,  0.68555259E+00,  0.18347233E+01
  0.90375000E+00,  0.68659621E+00,  0.18258548E+01
  0.90500000E+00,  0.68764659E+00,  0.18169555E+01
  0.90625000E+00,  0.68870369E+00,  0.18080273E+01
  0.90750000E+00,  0.68976772E+00,  0.17990674E+01
  0.90875000E+00,  0.69083868E+00,  0.17900778E+01
  0.91000000E+00,  0.69191677E+00,  0.17810558E+01
  0.91125000E+00,  0.69300198E+00,  0.17720032E+01
  0.91250000E+00,  0.69409453E+00,  0.17629173E+01
  0.91375000E+00,  0.69519443E+00,  0.17537998E+01
  0.91500000E+00,  0.69630186E+00,  0.17446482E+01
  0.91625000E+00,  0.69741687E+00,  0.17354642E+01
  0.91750000E+00,  0.69853965E+00,  0.17262450E+01
  0.91875000E+00,  0.69967022E+00,  0.17169925E+01
  0.92000000E+00,  0.70080881E+00,  0.17077038E+01
  0.92125000E+00,  0.70195544E+00,  0.16983806E+01
  0.92250000E+00,  0.70311033E+00,  0.16890203E+01
  0.92375000E+00,  0.70427353E+00,  0.16796245E+01
  0.92500000E+00,  0.70544524E+00,  0.16701904E+01
  0.92625000E+00,  0.70662554E+00,  0.16607197E+01
  0.92750000E+00,  0.70781462E+00,  0.16512096E+01
  0.92875000E+00,  0.70901257E+00,  0.16416616E+01
  0.93000000E+00,  0.71021960E+00,  0.16320730E+01
  0.93125000E+00,  0.71143580E+00,  0.16224453E+01
  0.93250000E+00,  0.71266138E+00,  0.16127758E+01
  0.93375000E+00,  0.71389645E+00,  0.16030658E+01
  0.93500000E+00,  0.71514122E+00,  0.15933126E+01
  0.93625000E+00,  0.71639583E+00,  0.15835175E+01
  0.93750000E+00,  0.71766047E+00,  0.15736778E+01
  0.93875000E+00,  0.71893530E+00,  0.15637948E+01
  0.94000000E+00,  0.72022054E+00,  0.15538656E+01
  0.94125000E+00,  0.72151633E+00,  0.15438916E+01
  0.94250000E+00,  0.72282292E+00,  0.15338699E+01
  0.94375000E+00,  0.72414046E+00,  0.15238016E+01
  0.94500000E+00,  0.72546919E+00,  0.15136839E+01
  0.94625000E+00,  0.72680931E+00,  0.15035179E+01
  0.94750000E+00,  0.72816106E+00,  0.14933007E+01
  0.94875000E+00,  0.72952463E+00,  0.14830333E+01
  0.95000000E+00,  0.73090030E+00,  0.14727129E+01
  0.95125000E+00,  0.73228827E+00,  0.14623402E+01
  0.95250000E+00,  0.73368882E+00,  0.14519125E+01
  0.95375000E+00,  0.73510220E+00,  0.14414305E+01
  0.95500000E+00,  0.73652867E+00,  0.14308912E+01
  0.95625000E+00,  0.73796851E+00,  0.14202953E+01
  0.95750000E+00,  0.73942201E+00,  0.14096399E+01
  0.95875000E+00,  0.74088947E+00,  0.13989255E+01
  0.96000000E+00,  0.74237118E+00,  0.13881491E+01
  0.96125000E+00,  0.74386748E+00,  0.13773111E+01
  0.96250000E+00,  0.74537868E+00,  0.13664084E+01
  0.96375000E+00,  0.74690513E+00,  0.13554414E+01
  0.96500000E+00,  0.74844717E+00,  0.13444068E+01
  0.96625000E+00,  0.75000520E+00,  0.13333048E+01
  0.96750000E+00,  0.75157957E+00,  0.13221323E+01
  0.96875000E+00,  0.75317070E+00,  0.13108892E+01
  0.97000000E+00,  0.75477897E+00,  0.12995722E+01
  0.97125000E+00,  0.75640485E+00,  0.12881811E+01
  0.97250000E+00,  0.75804875E+00,  0.12767125E+01
  0.97375000E+00,  0.75971118E+00,  0.12651661E+01
  0.97500000E+00,  0.76139256E+00,  0.12535383E+01
  0.97625000E+00,  0.76309348E+00,  0.12418285E+01
  0.97750000E+00,  0.76481439E+00,  0.12300332E+01
  0.97875000E+00,  0.76655591E+00,  0.12181515E+01
  0.98000000E+00,  0.76831855E+00,  0.12061795E+01
  0.98125000E+00,  0.77010299E+00,  0.11941163E+01
  0.98250000E+00,  0.77190978E+00,  0.11819577E+01
  0.98375000E+00,  0.77373968E+00,  0.11697026E+01
  0.98500000E+00,  0.77559329E+00,  0.11573466E+01
  0.98625000E+00,  0.77747144E+00,  0.11448882E+01
  0.98750000E+00,  0.77937478E+00,  0.11323228E+01
  0.98875000E+00,  0.78130426E+00,  0.11196485E+01
  0.99000000E+00,  0.78326058E+00,  0.11068604E+01
  0.99125000E+00,  0.78524480E+00,  0.10939563E+01
  0.99250000E+00,  0.78725771E+00,  0.10809308E+01
  0.99375000E+00,  0.78930046E+00,  0.10677813E+01
  0.99500000E+00,  0.79137397E+00,  0.10545021E+01
  0.99625000E+00,  0.79347951E+00,  0.10410899E+01
  0.99750000E+00,  0.79561811E+00,  0.10275385E+01
  0.99875000E+00,  0.79779122E+00,  0.10138441E+01
  0.10000000E+01,  0.80000000E+00,  0.10000000E+01
