 # Pos, Energy, Err_Energy
           1   1.1981738852426569        1.4377472160690982E-003
           2   1.1971421284036561        1.4304525461872977E-003
           3   1.1943431051575604        1.4204287995044466E-003
           4   1.1919354424668016        1.4099006701752605E-003
           5   1.1903195483871369        1.4025254547257399E-003
           6   1.1885662316677956        1.3934771350867889E-003
           7   1.1848046823440823        1.3836875897309756E-003
           8   1.1824157030963067        1.3752374223196338E-003
           9   1.1785709714062653        1.3655787849699654E-003
          10   1.1757498203988779        1.3556422923413516E-003
          11   1.1753167964998648        1.3486409283065665E-003
          12   1.1701623306023088        1.3381837587730196E-003
          13   1.1690919005056561        1.3288534796164185E-003
          14   1.1694643918282537        1.3251414078765545E-003
          15   1.1632400795175133        1.3113391253489076E-003
          16   1.1650095398565208        1.3074058535892416E-003
          17   1.1611195916939092        1.2987617122717074E-003
          18   1.1569929839523376        1.2892474594585713E-003
          19   1.1561882575287545        1.2818545050743630E-003
          20   1.1513974687226984        1.2701445492762642E-003
          21   1.1523692540193129        1.2676910234536063E-003
          22   1.1480384523786002        1.2556103859515336E-003
          23   1.1458849227680314        1.2481734922246532E-003
          24   1.1438338282923985        1.2427256497526940E-003
          25   1.1414801220352009        1.2348911763034153E-003
          26   1.1398782089199497        1.2270597735933040E-003
          27   1.1332844044810062        1.2163425156706631E-003
          28   1.1333256984027562        1.2109094053296074E-003
          29   1.1311745041875743        1.2022268317932057E-003
          30   1.1280331056147364        1.1970079442110608E-003
          31   1.1285992824664615        1.1906685654537290E-003
          32   1.1241205973673845        1.1817320827771283E-003
          33   1.1208486849422645        1.1742736035977096E-003
          34   1.1205318693245798        1.1681797494547427E-003
          35   1.1156687992597887        1.1587632402592085E-003
          36   1.1137156106730512        1.1527004289831216E-003
          37   1.1122199324022009        1.1459554460893978E-003
          38   1.1083913668052787        1.1370902383531745E-003
          39   1.1048387157751995        1.1300433037471688E-003
          40   1.1044512756868019        1.1255823038905839E-003
          41   1.1029259267148490        1.1184714113453165E-003
          42   1.0995627497457539        1.1111913178594732E-003
          43   1.0987645152898966        1.1063626684029242E-003
          44   1.0968221780997638        1.1004571115810268E-003
          45   1.0939272478754998        1.0928378589250666E-003
          46   1.0920192213385675        1.0864365217021826E-003
          47   1.0880813739478992        1.0795456701776702E-003
          48   1.0874722953250446        1.0751510246642467E-003
          49   1.0833846716888305        1.0667224051691556E-003
          50   1.0806313032547608        1.0598009321659194E-003
          51   1.0785304877960120        1.0525473253265617E-003
          52   1.0771915503625675        1.0481880624253230E-003
          53   1.0742436261275197        1.0416257332300873E-003
          54   1.0733426002486857        1.0372865030459798E-003
          55   1.0695150013576784        1.0303775514938350E-003
          56   1.0683564849800256        1.0249404006689715E-003
          57   1.0655371551964303        1.0185546912375907E-003
          58   1.0629491377014164        1.0121368775055262E-003
          59   1.0604221756937358        1.0067112932423676E-003
          60   1.0591711643137800        1.0016680162977033E-003
          61   1.0571702411462487        9.9582285025758910E-004
          62   1.0537307113780947        9.8825516020129836E-004
          63   1.0515718600418151        9.8374141404915130E-004
          64   1.0511428293116742        9.7912350991750507E-004
          65   1.0498811717054621        9.7446837456704647E-004
          66   1.0455927398457143        9.6847252835837653E-004
          67   1.0444498574131864        9.6361087586407468E-004
          68   1.0400375140430003        9.5701713807069550E-004
          69   1.0378964075133235        9.5175919510130636E-004
          70   1.0374552606190515        9.4611026959449647E-004
          71   1.0351477035560905        9.4147501771104573E-004
          72   1.0330544185331738        9.3660804019352528E-004
          73   1.0296947916458352        9.2973718082594746E-004
          74   1.0284799544187515        9.2639494457858287E-004
          75   1.0269286801435649        9.2132024894049180E-004
          76   1.0225583059401915        9.1467630821845673E-004
          77   1.0235349939349963        9.1239526361761773E-004
          78   1.0186797599485455        9.0547102430495381E-004
          79   1.0166795895501817        9.0078181153954327E-004
          80   1.0146736439283934        8.9595646862352491E-004
          81   1.0121564576526314        8.9053873379211048E-004
          82   1.0112392844830125        8.8670305485623508E-004
          83   1.0101198866537138        8.8243670763578461E-004
          84   1.0064805170764648        8.7643466025491936E-004
          85   1.0047750317056392        8.7311645903882990E-004
          86   1.0037320159201000        8.6858864674312108E-004
          87  0.99889888627799495        8.6239788671652539E-004
          88  0.99759526695972722        8.5821723080358782E-004
          89  0.99740661734871283        8.5406365154931478E-004
          90  0.99346072940044017        8.4948859547020149E-004
          91  0.99307836589000154        8.4617638470743976E-004
          92  0.99130246688824897        8.4106543016688681E-004
          93  0.98825565515379887        8.3620216927212743E-004
          94  0.98741796870379450        8.3191029753437642E-004
          95  0.98564547014317461        8.2751276554791800E-004
          96  0.98226632949795545        8.2234031128674352E-004
          97  0.97916668925217909        8.1780383484698980E-004
          98  0.97848916095820315        8.1445128061667486E-004
          99  0.97589316168078433        8.0988360800265556E-004
         100  0.97295826906385663        8.0518828033228839E-004
         101  0.97259342068945898        8.0111701219141949E-004
         102  0.97007667706192025        7.9764717306313941E-004
         103  0.96879065689017874        7.9481569496332716E-004
         104  0.96559804540228500        7.8943574608905903E-004
         105  0.96404905399478091        7.8491597365446257E-004
         106  0.96200710477710061        7.8101676498649032E-004
         107  0.95902423274195969        7.7613012078384352E-004
         108  0.95910936409422265        7.7275904930126211E-004
         109  0.95503898267462750        7.6818537674655854E-004
         110  0.95439944382822239        7.6554678847845275E-004
         111  0.95185180520787727        7.6139860333917782E-004
         112  0.95134250938550147        7.5841880323166116E-004
         113  0.94719621233832196        7.5328394897482720E-004
         114  0.94696585380431264        7.4955151991248361E-004
         115  0.94516708841167196        7.4692515354927850E-004
         116  0.94389659489616062        7.4382203807108914E-004
         117  0.94055179086226404        7.3829786427238528E-004
         118  0.93858052295162053        7.3532618292390455E-004
         119  0.93796601471741947        7.3133033272868193E-004
         120  0.93480517756565951        7.2712053255215867E-004
         121  0.93243118346462783        7.2418786035566740E-004
         122  0.93132982134320574        7.2009756855465133E-004
         123  0.92949641891842860        7.1680418627400992E-004
         124  0.92725027158661855        7.1269884423825569E-004
         125  0.92562077860251590        7.0919186632360971E-004
         126  0.92367470184792499        7.0664782393400330E-004
         127  0.92206732008727632        7.0255211658192603E-004
         128  0.92008568002797408        6.9858586061548170E-004
         129  0.91736340559910545        6.9499059138284584E-004
         130  0.91670933935602628        6.9261250327212493E-004
         131  0.91420762475770456        6.8835374364625075E-004
         132  0.91210864593724439        6.8409786748674687E-004
         133  0.91109936607149578        6.8273422011404271E-004
         134  0.90795527236294060        6.7784870860931878E-004
         135  0.90751789453608389        6.7570207439081342E-004
         136  0.90507684917394793        6.7189834902887209E-004
         137  0.90378862989634101        6.6883905781578987E-004
         138  0.90210823104126603        6.6553927757150933E-004
         139  0.90086475961739343        6.6240790946579288E-004
         140  0.89766633222960046        6.5843826197991662E-004
         141  0.89773853375918278        6.5732929358828054E-004
         142  0.89519716520968418        6.5311073428882293E-004
         143  0.89339482045288265        6.4926670577596514E-004
         144  0.89256298683391411        6.4759623214177928E-004
         145  0.89045922435537961        6.4406146887410201E-004
         146  0.88775588985388454        6.3982669528394622E-004
         147  0.88750987177973850        6.3803088551518900E-004
         148  0.88462363070802097        6.3457332867558657E-004
         149  0.88351262433995037        6.3120130606642781E-004
         150  0.88160824237174562        6.2847088315190155E-004
         151  0.87954817383519968        6.2557867810823678E-004
         152  0.87699372614166760        6.2141678032793201E-004
         153  0.87614705408869875        6.1968010699609097E-004
         154  0.87454788442212261        6.1651704186525239E-004
         155  0.87319379288798471        6.1387135592666335E-004
         156  0.87070153913916848        6.1004284275605373E-004
         157  0.86952913809849763        6.0780518712177044E-004
         158  0.86751879792066444        6.0492409261044889E-004
         159  0.86609064611512365        6.0229449973657782E-004
         160  0.86456957078324015        5.9951471964613608E-004
         161  0.86198101719977216        5.9576547055315758E-004
         162  0.86109984530595951        5.9327401856461184E-004
         163  0.85780721825893780        5.8966656781887241E-004
         164  0.85813722487344724        5.8806254236311642E-004
         165  0.85531855774156285        5.8442709124766870E-004
         166  0.85437518149484226        5.8241203260763006E-004
         167  0.85221343295624585        5.7878765446890072E-004
         168  0.85156898795507296        5.7780607137185118E-004
         169  0.84991536880531238        5.7466192614659558E-004
         170  0.84764065214820195        5.7143304055348807E-004
         171  0.84519757293752229        5.6819770972056595E-004
         172  0.84395158917516877        5.6588213988317175E-004
         173  0.84372036311579246        5.6386271651260201E-004
         174  0.84198388696541038        5.6177255689182854E-004
         175  0.83940487361729144        5.5796037261862381E-004
         176  0.83713306854501168        5.5500001972827451E-004
         177  0.83619473488005458        5.5348934964656116E-004
         178  0.83581175976594557        5.5103362862419473E-004
         179  0.83341716834015667        5.4782206400535570E-004
         180  0.83102530813547648        5.4518710949712007E-004
         181  0.82939634805784934        5.4259054432354362E-004
         182  0.82815733838598993        5.4075469525922406E-004
         183  0.82537000251101944        5.3693154304875086E-004
         184  0.82491874018209932        5.3578050908279385E-004
         185  0.82400796930284648        5.3354965547377012E-004
         186  0.82156438368092854        5.2942294421791185E-004
         187  0.82044044236228708        5.2842960697737154E-004
         188  0.81907562843849346        5.2623050299271230E-004
         189  0.81606029446791883        5.2257535306107598E-004
         190  0.81523096230967329        5.2090221913492403E-004
         191  0.81324817139519767        5.1810465955097289E-004
         192  0.81411182749467004        5.1664698192451744E-004
         193  0.81200930914836211        5.1376427675393877E-004
         194  0.80950029246892063        5.1197504114778637E-004
         195  0.80875291339571198        5.1015961863318682E-004
         196  0.80695040738996737        5.0710334464505453E-004
         197  0.80526289889486058        5.0460478734155585E-004
         198  0.80420568425328642        5.0221768301728087E-004
         199  0.80168547063505169        4.9983834698643108E-004
         200  0.80066103949367295        4.9823983117496461E-004
