 # Pos, Energy, Err_Energy
           1   2.4110868477124261        2.4379399809518602E-003
           2   2.4143398087764045        2.4409127209880513E-003
           3   2.4102807357729783        2.4340345592598444E-003
           4   2.4104891458344371        2.4327449905060918E-003
           5   2.4052017732612154        2.4278391837751754E-003
           6   2.4077672524454758        2.4294110910269102E-003
           7   2.4029521116404702        2.4246641861640217E-003
           8   2.4044107552715084        2.4240543969066318E-003
           9   2.3986814809221793        2.4177117610685852E-003
          10   2.3977670863003850        2.4149573505630037E-003
          11   2.3966709522472729        2.4124067000186713E-003
          12   2.3944949069093635        2.4087969781173206E-003
          13   2.3917394058350294        2.4064054173603797E-003
          14   2.3893497934417320        2.4037981154915217E-003
          15   2.3862991298112037        2.3970702011121667E-003
          16   2.3870930714530894        2.3999920429617267E-003
          17   2.3828680962163715        2.3932324037222235E-003
          18   2.3802222798585548        2.3880791486904120E-003
          19   2.3785486610772146        2.3872141485867075E-003
          20   2.3792271034053556        2.3849966871724699E-003
          21   2.3767576852325716        2.3808016842791378E-003
          22   2.3751783464317500        2.3764890235266202E-003
          23   2.3705201866254506        2.3720870615240469E-003
          24   2.3713811837680705        2.3759155660832533E-003
          25   2.3685172362077465        2.3676251516256204E-003
          26   2.3659433882245158        2.3643183328714906E-003
          27   2.3682759529594475        2.3656171783723169E-003
          28   2.3625595288625156        2.3584887630736387E-003
          29   2.3554227141687321        2.3539442125010018E-003
          30   2.3604761576610596        2.3580969607488560E-003
          31   2.3562134141537241        2.3503495363330121E-003
          32   2.3541159082995091        2.3481277059942862E-003
          33   2.3508953710060898        2.3432793603525575E-003
          34   2.3536890773665182        2.3454033259422392E-003
          35   2.3495885361904256        2.3384760046766678E-003
          36   2.3500491458541521        2.3373138304412290E-003
          37   2.3500881823041104        2.3351433088407937E-003
          38   2.3399693940780408        2.3291572315324921E-003
          39   2.3447969930384098        2.3283022257320962E-003
          40   2.3399655156094950        2.3202526409772232E-003
          41   2.3398906357840792        2.3204095345416105E-003
          42   2.3409900822233856        2.3218061887219409E-003
          43   2.3381179319485517        2.3174831346209498E-003
          44   2.3346706379320854        2.3151073010578317E-003
          45   2.3275260798527082        2.3076179561591424E-003
          46   2.3265847039837539        2.3051587936233011E-003
          47   2.3286264694097030        2.3041454587401692E-003
          48   2.3238679555614690        2.2993798331035157E-003
          49   2.3221005747447228        2.2949420020264063E-003
          50   2.3197112257053556        2.2911012834678402E-003
          51   2.3196646226645266        2.2924026446242050E-003
          52   2.3155885187322984        2.2864279562466324E-003
          53   2.3132861993616203        2.2815594126154260E-003
          54   2.3141382985479395        2.2801914520993952E-003
          55   2.3131298082623313        2.2801971483088681E-003
          56   2.3070035201205394        2.2730183728602409E-003
          57   2.3075583597692377        2.2755024445135579E-003
          58   2.3070826526403634        2.2709869446256091E-003
          59   2.3041967186119368        2.2664761237287398E-003
          60   2.2980055325021098        2.2597317464908540E-003
          61   2.3011176340960202        2.2625587226775576E-003
          62   2.2960531789182888        2.2576866046150929E-003
          63   2.2956202018014107        2.2538255468977629E-003
          64   2.2919112268507358        2.2505132551074503E-003
          65   2.2916886282947528        2.2468314917860341E-003
          66   2.2880271705064632        2.2424988608553305E-003
          67   2.2869884487055221        2.2419484565047196E-003
          68   2.2850136455043395        2.2394517489196407E-003
          69   2.2864460577620824        2.2353489213693474E-003
          70   2.2830308511481707        2.2322981906454588E-003
          71   2.2794242280115316        2.2289671737650021E-003
          72   2.2772522335999579        2.2249090804647648E-003
          73   2.2712299208625204        2.2177630450151077E-003
          74   2.2716961652044536        2.2164014922581386E-003
          75   2.2739134807466654        2.2188432818273499E-003
          76   2.2671902547063989        2.2102474439293527E-003
          77   2.2722439186125976        2.2122856531742469E-003
          78   2.2684955773407913        2.2092477972874267E-003
          79   2.2620791026924509        2.2040621243430898E-003
          80   2.2587405301132608        2.1995981654756788E-003
          81   2.2574212987235556        2.1966785526381797E-003
          82   2.2577906073319247        2.1931786398475812E-003
          83   2.2531999909533855        2.1924288935402611E-003
          84   2.2542853846392279        2.1876515720804486E-003
          85   2.2499254539060245        2.1818466732605405E-003
          86   2.2463944400065543        2.1781967944957043E-003
          87   2.2486385027167559        2.1799844558257273E-003
          88   2.2413301688278349        2.1707460664567367E-003
          89   2.2415804714935637        2.1709650699778607E-003
          90   2.2394299237468571        2.1674720071761912E-003
          91   2.2342306347144887        2.1624122402149689E-003
          92   2.2356277017271715        2.1611163637778679E-003
          93   2.2315412330194309        2.1545510237368556E-003
          94   2.2330058635655088        2.1542358779776663E-003
          95   2.2275984025784710        2.1498544577640000E-003
          96   2.2264824083462651        2.1457891238396963E-003
          97   2.2258145818880397        2.1466350129549644E-003
          98   2.2218857348878003        2.1399044068220806E-003
          99   2.2212166320449707        2.1389635610480763E-003
         100   2.2165051999487750        2.1326710521746583E-003
         101   2.2177664189102648        2.1300813726064746E-003
         102   2.2165451822686726        2.1302453719446502E-003
         103   2.2102794358434594        2.1216135876454788E-003
         104   2.2087072689474279        2.1201925018390351E-003
         105   2.2061908607333951        2.1168758038315151E-003
         106   2.2009817403222951        2.1122657244743489E-003
         107   2.2040661321451536        2.1105922645248110E-003
         108   2.2030825196890467        2.1100111950338569E-003
         109   2.1946056007557786        2.1008207851158367E-003
         110   2.1947944231933101        2.1009518370687661E-003
         111   2.1901338327227911        2.0952200892234577E-003
         112   2.1912896921919232        2.0959335610054035E-003
         113   2.1893300241261819        2.0893829053161683E-003
         114   2.1845389165209856        2.0840183141038601E-003
         115   2.1848174937421572        2.0842644164968407E-003
         116   2.1845574268558181        2.0791588674471764E-003
         117   2.1785300788736830        2.0752463459937200E-003
         118   2.1797057324909952        2.0730557357743792E-003
         119   2.1762711551776657        2.0707780136627581E-003
         120   2.1720796902004813        2.0651788410672198E-003
         121   2.1766491530255201        2.0669609222185303E-003
         122   2.1691172552291675        2.0592895539299277E-003
         123   2.1649246023196667        2.0556790960026662E-003
         124   2.1634529690052213        2.0515311193762356E-003
         125   2.1642768812023672        2.0493855492635400E-003
         126   2.1614012591773744        2.0437319969815681E-003
         127   2.1581734499835479        2.0414815230936911E-003
         128   2.1564170610839906        2.0401927783147769E-003
         129   2.1560214708991432        2.0388599820031356E-003
         130   2.1530670922900024        2.0339754926311420E-003
         131   2.1478699710805649        2.0289995085886795E-003
         132   2.1456834882907856        2.0234710813166932E-003
         133   2.1459347354716392        2.0231172246527127E-003
         134   2.1404640410521716        2.0163441757492673E-003
         135   2.1374049444677645        2.0128186700269796E-003
         136   2.1330533130616463        2.0090747011643488E-003
         137   2.1390838727896022        2.0074875267477974E-003
         138   2.1327614492254408        2.0058731329286065E-003
         139   2.1303086656571470        1.9990182931599997E-003
         140   2.1275318095413080        1.9952773677506482E-003
         141   2.1276258515521915        1.9951804132488250E-003
         142   2.1244972217647295        1.9906931484178765E-003
         143   2.1230921426988454        1.9875238227439786E-003
         144   2.1191149634376267        1.9846281353838795E-003
         145   2.1154745056985544        1.9787114389004045E-003
         146   2.1099683910821927        1.9737364732738470E-003
         147   2.1134335730430598        1.9733491760364264E-003
         148   2.1108434071352478        1.9688838957483434E-003
         149   2.1082183062638329        1.9649099080974127E-003
         150   2.1038496350831277        1.9607865162768229E-003
         151   2.1014775638944108        1.9594451731591205E-003
         152   2.0982386171382559        1.9519103206883971E-003
         153   2.0973722805751063        1.9481683950049091E-003
         154   2.0949011233345267        1.9486624290877153E-003
         155   2.0923922214143165        1.9434752389995643E-003
         156   2.0878161513600082        1.9391464396395493E-003
         157   2.0849075539207198        1.9342101373767996E-003
         158   2.0804534508952783        1.9299130282660155E-003
         159   2.0828650082919284        1.9307434419156505E-003
         160   2.0798944452489598        1.9247336083881915E-003
         161   2.0741330060279908        1.9189616505640072E-003
         162   2.0746398599225673        1.9173667435809026E-003
         163   2.0702839853304953        1.9128796456433796E-003
         164   2.0680678338429024        1.9094556303650872E-003
         165   2.0666905521264742        1.9050934414883772E-003
         166   2.0631616486686069        1.9018032433165250E-003
         167   2.0595763486997183        1.8986398570492449E-003
         168   2.0558853383688263        1.8914146127260272E-003
         169   2.0552018612217382        1.8903799048623575E-003
         170   2.0515507202870849        1.8863872274214478E-003
         171   2.0522041215703681        1.8834187840507551E-003
         172   2.0493696454970407        1.8792719698435074E-003
         173   2.0475894015666509        1.8779903584717861E-003
         174   2.0422536037089909        1.8707749815926739E-003
         175   2.0371522854588004        1.8652873052406253E-003
         176   2.0356871324933485        1.8616908931417347E-003
         177   2.0363172939982954        1.8597139807107383E-003
         178   2.0282116268673844        1.8540501660163392E-003
         179   2.0265718896799161        1.8504928026080317E-003
         180   2.0266731540858847        1.8491271031219759E-003
         181   2.0248437351222210        1.8454162932353415E-003
         182   2.0230875352595534        1.8416158802654133E-003
         183   2.0224805303570883        1.8407951022410044E-003
         184   2.0129953864219363        1.8319662434499780E-003
         185   2.0104819318873819        1.8287927166670934E-003
         186   2.0085618895514785        1.8234813835474161E-003
         187   2.0049346108008503        1.8211580316974953E-003
         188   2.0020851990335249        1.8155646730926864E-003
         189   2.0016289288803879        1.8124376828595643E-003
         190   1.9972964668561382        1.8086781923396052E-003
         191   1.9947875619783173        1.8046505721935747E-003
         192   1.9947723838994640        1.8014693221804958E-003
         193   1.9886992881938863        1.7965414556152339E-003
         194   1.9876384033557430        1.7952389499828541E-003
         195   1.9859152901744070        1.7902085311508054E-003
         196   1.9847353229496292        1.7887623403039501E-003
         197   1.9780994019975140        1.7814623352640703E-003
         198   1.9763573022492900        1.7761775864215416E-003
         199   1.9738493454534152        1.7742018443746180E-003
         200   1.9717088516522694        1.7695900336821594E-003
         201   1.9688236731384865        1.7675916926386257E-003
         202   1.9639354558810462        1.7598475476940704E-003
         203   1.9636212572220260        1.7571246785449985E-003
         204   1.9611843157072688        1.7557787827773787E-003
         205   1.9563495108249680        1.7489078150419550E-003
         206   1.9494377221110961        1.7421821698911360E-003
         207   1.9529774899402845        1.7432614125896459E-003
         208   1.9476135044752447        1.7370523100846181E-003
         209   1.9466076947882984        1.7338836241206522E-003
         210   1.9436632873105211        1.7308063094463018E-003
         211   1.9376596241993114        1.7243935327085512E-003
         212   1.9366053838191686        1.7214557163221301E-003
         213   1.9325903899857488        1.7164193171055574E-003
         214   1.9293902146780428        1.7132590350201890E-003
         215   1.9277558291602492        1.7093064297007841E-003
         216   1.9240079387402931        1.7025799973710454E-003
         217   1.9187979267748703        1.6986336551275398E-003
         218   1.9210048735104817        1.6960555632014179E-003
         219   1.9134138513889603        1.6898274991564699E-003
         220   1.9157870862058743        1.6893319288005517E-003
         221   1.9095128847191132        1.6845031394948787E-003
         222   1.9036442568226986        1.6757732428027148E-003
         223   1.9056562634771115        1.6755131919244035E-003
         224   1.9005940218306385        1.6707810951506934E-003
         225   1.8961273734645048        1.6661722455812605E-003
         226   1.8921334030505490        1.6605358392031008E-003
         227   1.8900892252718557        1.6577225604790763E-003
         228   1.8863110153725851        1.6520552971026504E-003
         229   1.8839634640828113        1.6492509314234615E-003
         230   1.8814516491544124        1.6442169873391954E-003
         231   1.8775107801923996        1.6393882794232869E-003
         232   1.8732234289528451        1.6356551665641296E-003
         233   1.8674064045343266        1.6267791341399241E-003
         234   1.8666985475330378        1.6264945212037733E-003
         235   1.8634900799519496        1.6220869169255663E-003
         236   1.8618473110921194        1.6177612029551168E-003
         237   1.8582177018207775        1.6122364406471665E-003
         238   1.8549313354584127        1.6081267077284317E-003
         239   1.8541787442511461        1.6066480004464259E-003
         240   1.8478766087665850        1.5989547990479017E-003
         241   1.8422433171734776        1.5931837165892239E-003
         242   1.8374499309370154        1.5882444206909666E-003
         243   1.8366805872215359        1.5860106461219230E-003
         244   1.8358173797162498        1.5811689784499020E-003
         245   1.8302741714219279        1.5766185083564011E-003
         246   1.8276727960076971        1.5709862032492932E-003
         247   1.8227028379490628        1.5672104774638283E-003
         248   1.8184647294041953        1.5624042459004323E-003
         249   1.8154872121192998        1.5580982296774625E-003
         250   1.8142959888747183        1.5558595934242903E-003
         251   1.8097355878225185        1.5477030832691009E-003
         252   1.8048836125215664        1.5427292385384174E-003
         253   1.8027774732358937        1.5390069870272953E-003
         254   1.7979638044863246        1.5335772712656277E-003
         255   1.7941121551822552        1.5297212441935679E-003
         256   1.7909879334768213        1.5239920417773366E-003
         257   1.7873042594971555        1.5196273092006106E-003
         258   1.7847447568016530        1.5141221334700416E-003
         259   1.7821374194905013        1.5114507411113165E-003
         260   1.7774949960617918        1.5069423060566098E-003
         261   1.7756442734668407        1.5031917570150915E-003
         262   1.7689446184725683        1.4957988625386599E-003
         263   1.7694036764802246        1.4924240427845565E-003
         264   1.7621930685712710        1.4878968410419755E-003
         265   1.7608703203809459        1.4837597708207209E-003
         266   1.7568869133366944        1.4781116708456881E-003
         267   1.7531172199532767        1.4738579736295928E-003
         268   1.7485539044858378        1.4675725895014573E-003
         269   1.7454570218961989        1.4639911811288688E-003
         270   1.7404890506813304        1.4571663186969805E-003
         271   1.7364069448717627        1.4528604204440804E-003
         272   1.7310732011326597        1.4463296774700001E-003
         273   1.7257872780400079        1.4417735717710894E-003
         274   1.7246228501361061        1.4370828650334421E-003
         275   1.7214266247363850        1.4324216769284683E-003
         276   1.7174961805694946        1.4276113384908307E-003
         277   1.7099255328524494        1.4199871247824432E-003
         278   1.7045717772680160        1.4149893271568432E-003
         279   1.7051998171937528        1.4119584207305230E-003
         280   1.7013731326406971        1.4083373182516695E-003
         281   1.6954539608592816        1.3999915389627440E-003
         282   1.6930652595427342        1.3974522245770644E-003
         283   1.6888484961607739        1.3915749795129272E-003
         284   1.6833337006214391        1.3861199013828563E-003
         285   1.6788429357736816        1.3806726692309418E-003
         286   1.6765577285909288        1.3772840623725354E-003
         287   1.6720544123266303        1.3722417897311426E-003
         288   1.6645790813140666        1.3643741504663085E-003
         289   1.6647146801196073        1.3612210446287930E-003
         290   1.6586107016011766        1.3548546501154757E-003
         291   1.6532638235235453        1.3496993796134021E-003
         292   1.6501547324684607        1.3444739038953614E-003
         293   1.6451533119937647        1.3382165303322832E-003
         294   1.6411008825441757        1.3326641362241762E-003
         295   1.6357457847027164        1.3282596355456615E-003
         296   1.6323308301270230        1.3217833394535122E-003
         297   1.6254718333993583        1.3147328846860285E-003
         298   1.6225913372856604        1.3109323987963123E-003
         299   1.6186557849212986        1.3063124742282715E-003
         300   1.6147904546388803        1.3009919046973156E-003
         301   1.6097086231729374        1.2948675708708420E-003
         302   1.6052733072682179        1.2894151864020244E-003
         303   1.6003308116074071        1.2838865141701794E-003
         304   1.5946816968607656        1.2775203711083926E-003
         305   1.5915424980054216        1.2721120331780703E-003
         306   1.5872028037681185        1.2675360585963280E-003
         307   1.5805925960809188        1.2604702355122704E-003
         308   1.5775238366186730        1.2554424388619273E-003
         309   1.5711002622042747        1.2489451591454718E-003
         310   1.5665086186516115        1.2436280979498152E-003
         311   1.5611895174070056        1.2378668021019680E-003
         312   1.5581731394624039        1.2325766209164235E-003
         313   1.5517638183498950        1.2268903570156304E-003
         314   1.5460073276333361        1.2191022885378855E-003
         315   1.5406465484055198        1.2149107954151455E-003
         316   1.5354577704861212        1.2081836113423323E-003
         317   1.5324722117331540        1.2023601687854541E-003
         318   1.5254239333458013        1.1957453829035286E-003
         319   1.5202298598831265        1.1908284775149134E-003
         320   1.5167720108935712        1.1856454537772971E-003
         321   1.5098414297333589        1.1770147699231583E-003
         322   1.5047077012360299        1.1707116877888737E-003
         323   1.4998594977654680        1.1670040243416792E-003
         324   1.4943420105586165        1.1600973196378916E-003
         325   1.4897304914744982        1.1539069488095920E-003
         326   1.4821228390166630        1.1458496183050649E-003
         327   1.4774440133526590        1.1413036354531085E-003
         328   1.4727879591591324        1.1349075303330449E-003
         329   1.4666255978626912        1.1277895683337300E-003
         330   1.4593973378839349        1.1204816119542336E-003
         331   1.4549430338195219        1.1147689827835682E-003
         332   1.4493375114226632        1.1079414305157763E-003
         333   1.4426769246453308        1.1022961224421562E-003
         334   1.4378945546383506        1.0964009110503877E-003
         335   1.4313178687015438        1.0885995186644011E-003
         336   1.4243605085966340        1.0810581349676479E-003
         337   1.4191487670737335        1.0763419222536430E-003
         338   1.4113450943434960        1.0677065117504268E-003
         339   1.4053747221346060        1.0614015463677288E-003
         340   1.4008192154607784        1.0547043919176323E-003
         341   1.3929093298110251        1.0472638554685288E-003
         342   1.3882845706878471        1.0415478786408416E-003
         343   1.3828435870210136        1.0345810615376666E-003
         344   1.3763400224034235        1.0284942828174596E-003
         345   1.3713420955205298        1.0210595781322762E-003
         346   1.3630623519304061        1.0129368218071461E-003
         347   1.3545413900034098        1.0063372405184640E-003
         348   1.3505223367370740        1.0005533169500087E-003
         349   1.3410251889241336        9.9184826903589364E-004
         350   1.3352580156425771        9.8483904303548657E-004
         351   1.3265749842020103        9.7587515564716276E-004
         352   1.3212306379979173        9.6997487136611963E-004
         353   1.3146892771705849        9.6254256950815357E-004
         354   1.3059571694602330        9.5388138983538073E-004
         355   1.2993025654623300        9.4670809002476910E-004
         356   1.2918050162455326        9.3987339307402497E-004
         357   1.2856357192265437        9.3353558485743905E-004
         358   1.2748983445524440        9.2269106034378857E-004
         359   1.2687511377172254        9.1682318596231248E-004
         360   1.2615211681933058        9.0933671378875093E-004
         361   1.2543155774281525        9.0148055332472487E-004
         362   1.2439001268292915        8.9209058961612676E-004
         363   1.2370973545326542        8.8478663749743335E-004
         364   1.2290870617555592        8.7657084817856603E-004
         365   1.2211224433409367        8.6864956677159448E-004
         366   1.2113609173323341        8.5949233810862031E-004
         367   1.2028638521107595        8.5175632636550153E-004
         368   1.1951347218081534        8.4311950711406659E-004
         369   1.1869489408130953        8.3500592678425242E-004
         370   1.1793005877421119        8.2676034805262942E-004
         371   1.1681463318808254        8.1704539168842667E-004
         372   1.1596104354448011        8.0753052796139432E-004
         373   1.1508635363917252        8.0018872755673216E-004
         374   1.1398859711298870        7.9018594375083898E-004
         375   1.1327635264352571        7.8235615167240879E-004
         376   1.1204498595438257        7.7202616522330724E-004
         377   1.1103155046223576        7.6274904035990819E-004
         378   1.1012561001319088        7.5380375793762634E-004
         379   1.0918205797962435        7.4461563388254878E-004
         380   1.0816465891918288        7.3546532174396072E-004
         381   1.0694030787880939        7.2499605558201501E-004
         382   1.0593456057383857        7.1621148051816737E-004
         383   1.0478653206667050        7.0479126158546398E-004
         384   1.0383881312573280        6.9703358046749168E-004
         385   1.0261139352677211        6.8585180837116386E-004
         386   1.0149567112121609        6.7598559666203286E-004
         387   1.0039611646102271        6.6546546846413246E-004
         388  0.99024456620284806        6.5453310491121589E-004
         389  0.97705726223899203        6.4234415791595428E-004
         390  0.96464543166346362        6.3209870857276415E-004
         391  0.95095193098524355        6.2053390617826918E-004
         392  0.93793931553275256        6.0949890565729784E-004
         393  0.92507065402964439        5.9850801836208050E-004
         394  0.91227347173778905        5.8678178930963965E-004
         395  0.89585496105525642        5.7340787629993708E-004
         396  0.88239696469828222        5.6191151271235739E-004
         397  0.86636313595632897        5.4925295897141559E-004
         398  0.85054079628742496        5.3598686373349099E-004
         399  0.83540093141873739        5.2389933632968305E-004
         400  0.81878355173051154        5.1062279166623947E-004
