 # Pos, Density, Err_Density
           1  0.50095660377358486        6.8680156276843928E-004
           2  0.50124150943396228        6.8680070253907075E-004
           3  0.50057169811320756        6.8680237079577205E-004
           4  0.50116603773584900        6.8680095212623777E-004
           5  0.50115283018867929        6.8680099419516293E-004
           6  0.50079622641509436        6.8680194890919169E-004
           7  0.50156603773584907        6.8679945100280507E-004
           8  0.50148301886792457        6.8679979870415694E-004
           9  0.50263018867924525        6.8679331722157181E-004
          10  0.50197547169811318        6.8679745924241022E-004
          11  0.50174528301886789        6.8679863571031855E-004
          12  0.50232452830188679        6.8679539751891029E-004
          13  0.50245471698113209        6.8679454284672537E-004
          14  0.50319433962264148        6.8678880359547524E-004
          15  0.50291698113207550        6.8679113193727888E-004
          16  0.50286415094339620        6.8679155146858723E-004
          17  0.50353773584905659        6.8678562806396279E-004
          18  0.50304905660377364        6.8679004956175081E-004
          19  0.50272452830188674        6.8679262331827675E-004
          20  0.50352830188679243        6.8678571963180811E-004
          21  0.50313962264150947        6.8678927966280359E-004
          22  0.50388113207547169        6.8678212855426970E-004
          23  0.50390188679245285        6.8678190666304957E-004
          24  0.50500377358490567        6.8676842688758153E-004
          25  0.50418679245283016        6.8677874107074045E-004
          26  0.50586415094339621        6.8675558220246825E-004
          27  0.50410377358490566        6.8677968651946952E-004
          28  0.50418301886792449        6.8677878445648672E-004
          29  0.50274150943396223        6.8679249581897136E-004
          30  0.50584905660377355        6.8675582507691016E-004
          31  0.50665471698113207        6.8674198656904211E-004
          32  0.50436792452830193        6.8677661254466890E-004
          33  0.50525849056603778        6.8676483613040393E-004
          34  0.50565849056603773        6.8675883752171505E-004
          35  0.50566603773584906        6.8675872011466992E-004
          36  0.50665849056603773        6.8674191755501259E-004
          37  0.50576792452830188        6.8675711980104438E-004
          38  0.50659056603773589        6.8674315382058102E-004
          39  0.50727735849056599        6.8673006980909143E-004
          40  0.50586792452830187        6.8675552138603726E-004
          41  0.50669245283018871        6.8674129466787207E-004
          42  0.50574905660377356        6.8675741830745039E-004
          43  0.50777924528301888        6.8671968869075093E-004
          44  0.50771698113207542        6.8672101418619719E-004
          45  0.50746792452830192        6.8672620962596472E-004
          46  0.50780377358490569        6.8671916360058970E-004
          47  0.50718490566037733        6.8673190661805352E-004
          48  0.50753584905660376        6.8672480959356156E-004
          49  0.50803018867924532        6.8671423854080023E-004
          50  0.50766603773584906        6.8672209075781041E-004
          51  0.50991132075471701        6.8666787132581539E-004
          52  0.50969433962264155        6.8667371584791204E-004
          53  0.51013773584905664        6.8666163471422018E-004
          54  0.50991320754716984        6.8666781993631249E-004
          55  0.50970000000000004        6.8667356502610495E-004
          56  0.50970566037735854        6.8667341411622791E-004
          57  0.50989433962264152        6.8666833339098060E-004
          58  0.50981509433962269        6.8667047921453937E-004
          59  0.51049245283018863        6.8665158069500958E-004
          60  0.51114150943396230        6.8663228846405327E-004
          61  0.51219811320754716        6.8659840509267388E-004
          62  0.51151509433962261        6.8662065905301408E-004
          63  0.51231698113207547        6.8659440112226226E-004
          64  0.51157169811320757        6.8661886354718228E-004
          65  0.51104339622641515        6.8663527903443130E-004
          66  0.51076415094339622        6.8664364580849687E-004
          67  0.51256226415094341        6.8658601615804646E-004
          68  0.51080000000000003        6.8664258368954147E-004
          69  0.51220754716981132        6.8659808873662500E-004
          70  0.51149056603773579        6.8662143436984174E-004
          71  0.51271509433962259        6.8658070802625872E-004
          72  0.51284150943396223        6.8657626881293355E-004
          73  0.51139622641509430        6.8662440094192706E-004
          74  0.51246037735849059        6.8658951923047853E-004
          75  0.51378113207547171        6.8654189554404076E-004
          76  0.51222830188679247        6.8659739189190418E-004
          77  0.51343396226415094        6.8655487853578983E-004
          78  0.51354716981132076        6.8655068137358545E-004
          79  0.51346981132075475        6.8655355324790713E-004
          80  0.51317735849056600        6.8656426161490039E-004
          81  0.51397735849056603        6.8653441069968697E-004
          82  0.51382264150943391        6.8654032104334926E-004
          83  0.51368679245283022        6.8654545633061576E-004
          84  0.51459811320754723        6.8651003523121864E-004
          85  0.51493018867924534        6.8649656029316243E-004
          86  0.51471698113207542        6.8650524667340286E-004
          87  0.51487924528301887        6.8649864716958844E-004
          88  0.51585471698113206        6.8645744683826801E-004
          89  0.51474716981132074        6.8650402434274559E-004
          90  0.51478301886792455        6.8650256956898016E-004
          91  0.51572264150943392        6.8646317844875935E-004
          92  0.51557924528301891        6.8646934699998646E-004
          93  0.51679056603773588        6.8641545933592152E-004
          94  0.51637924528301882        6.8643421035052203E-004
          95  0.51632452830188680        6.8643666966707452E-004
          96  0.51638867924528298        6.8643378549778657E-004
          97  0.51671132075471693        6.8641910812376186E-004
          98  0.51611320754716983        6.8644609037121621E-004
          99  0.51656603773584908        6.8642575268592764E-004
         100  0.51670000000000005        6.8641962796847341E-004
         101  0.51890943396226419        6.8631148837116176E-004
         102  0.51841698113207546        6.8633675491216409E-004
         103  0.51753207547169811        6.8638047968028703E-004
         104  0.51681886792452825        6.8641415200937513E-004
         105  0.51703018867924533        6.8640432096315183E-004
         106  0.51862264150943393        6.8632628417224510E-004
         107  0.51736226415094344        6.8638862387705377E-004
         108  0.51825471698113212        6.8634493405688140E-004
         109  0.51824716981132080        6.8634531271826544E-004
         110  0.51874339622641508        6.8632008196008469E-004
         111  0.51813962264150948        6.8635069160650206E-004
         112  0.51906792452830186        6.8630321459715090E-004
         113  0.51731886792452830        6.8639069243949630E-004
         114  0.51770000000000005        6.8637234792785751E-004
         115  0.52028867924528299        6.8623716882458444E-004
         116  0.51977169811320756        6.8626563968667877E-004
         117  0.51929622641509432        6.8629117486007738E-004
         118  0.52007547169811319        6.8624899963648197E-004
         119  0.52047924528301892        6.8622648842788891E-004
         120  0.52074528301886791        6.8621141089216604E-004
         121  0.51973773584905658        6.8626748427196200E-004
         122  0.52139999999999997        6.8617347495793593E-004
         123  0.52009811320754717        6.8624774920825042E-004
         124  0.52063962264150943        6.8621742246929851E-004
         125  0.52082264150943391        6.8620699006103237E-004
         126  0.52145660377358494        6.8617013973858870E-004
         127  0.52080566037735854        6.8620796189936418E-004
         128  0.52187169811320755        6.8614541175947166E-004
         129  0.52182075471698108        6.8614847211106002E-004
         130  0.52209056603773585        6.8613218223210429E-004
         131  0.52281509433962259        6.8608744625315622E-004
         132  0.52275283018867924        6.8609134756571438E-004
         133  0.52263584905660376        6.8609864841271079E-004
         134  0.52477169811320756        6.8595940659447866E-004
         135  0.52269811320754722        6.8609476717226522E-004
         136  0.52283584905660374        6.8608614344146674E-004
         137  0.52436981132075466        6.8598656719368154E-004
         138  0.52313396226415099        6.8606729934193855E-004
         139  0.52286981132075472        6.8608400900719386E-004
         140  0.52286603773584905        6.8608424632352982E-004
         141  0.52392452830188674        6.8601614061204817E-004
         142  0.52476415094339623        6.8595992075566505E-004
         143  0.52421886792452832        6.8599665332322757E-004
         144  0.52408679245283019        6.8600542716007983E-004
         145  0.52455660377358493        6.8597399864237549E-004
         146  0.52514339622641515        6.8593388980390244E-004
         147  0.52533962264150946        6.8592026535404952E-004
         148  0.52447358490566043        6.8597959654164949E-004
         149  0.52517735849056602        6.8593153932476972E-004
         150  0.52622452830188682        6.8585750502474013E-004
         151  0.52574339622641508        6.8589189635972743E-004
         152  0.52612830188679249        6.8586443437503735E-004
         153  0.52570943396226411        6.8589429985684621E-004
         154  0.52795471698113206        6.8572855320193872E-004
         155  0.52653018867924528        6.8583532471000821E-004
         156  0.52762264150943394        6.8575394354452701E-004
         157  0.52734905660377362        6.8577463307119431E-004
         158  0.52777358490566040        6.8574244020965663E-004
         159  0.52699811320754719        6.8580087032749386E-004
         160  0.52697169811320754        6.8580283142211139E-004
         161  0.52751320754716979        6.8576224414256426E-004
         162  0.52791132075471703        6.8573188854631571E-004
         163  0.52832075471698114        6.8570021346074726E-004
         164  0.52737547169811316        6.8577264447070984E-004
         165  0.52901509433962268        6.8564543934269647E-004
         166  0.52839245283018865        6.8569461906018033E-004
         167  0.52906603773584904        6.8564136817680064E-004
         168  0.52872264150943393        6.8566867220738801E-004
         169  0.52957358490566042        6.8560041593609782E-004
         170  0.52932075471698115        6.8562090485569684E-004
         171  0.52929811320754716        6.8562273107239196E-004
         172  0.52988679245283021        6.8557478933206173E-004
         173  0.53090943396226420        6.8548923018683277E-004
         174  0.53098867924528304        6.8548247952319671E-004
         175  0.53034905660377363        6.8553647187462145E-004
         176  0.52887547169811322        6.8565656061993143E-004
         177  0.52952641509433962        6.8560425189077617E-004
         178  0.53044905660377362        6.8552810513369106E-004
         179  0.53061698113207545        6.8551399317751723E-004
         180  0.53054150943396228        6.8552034526803509E-004
         181  0.53066415094339625        6.8551001512979115E-004
         182  0.53153962264150945        6.8543506663497236E-004
         183  0.53096415094339622        6.8548457086850772E-004
         184  0.53090754716981137        6.8548939070543552E-004
         185  0.53172264150943394        6.8541913085003322E-004
         186  0.53250566037735847        6.8534990655983125E-004
         187  0.53308490566037736        6.8529760649434300E-004
         188  0.53277924528301890        6.8532532018601743E-004
         189  0.53330188679245283        6.8527777639637469E-004
         190  0.53300566037735853        6.8530481633269000E-004
         191  0.53394716981132073        6.8521803397084526E-004
         192  0.53352641509433962        6.8525711947720221E-004
         193  0.53276415094339624        6.8532668206959893E-004
         194  0.53307358490566037        6.8529863753445566E-004
         195  0.53266603773584908        6.8533551895739650E-004
         196  0.53400377358490569        6.8521273845948327E-004
         197  0.53401509433962269        6.8521167829360360E-004
         198  0.53476415094339624        6.8514074274985304E-004
         199  0.53327924528301884        6.8527985170829635E-004
         200  0.53511698113207551        6.8510679189062143E-004
         201  0.53402830188679240        6.8521044098531175E-004
         202  0.53515471698113204        6.8510314038819505E-004
         203  0.53503207547169807        6.8511499336138893E-004
         204  0.53482264150943393        6.8513513835456101E-004
         205  0.53566792452830192        6.8505308864631460E-004
         206  0.53593962264150941        6.8502629549361779E-004
         207  0.53594905660377357        6.8502536150447536E-004
         208  0.53659433962264147        6.8496089174627651E-004
         209  0.53555283018867927        6.8506437690270012E-004
         210  0.53690566037735854        6.8492937555236246E-004
         211  0.53601886792452835        6.8501844232636295E-004
         212  0.53754150943396228        6.8486417200291959E-004
         213  0.53582830188679242        6.8503729795703892E-004
         214  0.53628490566037734        6.8499195095287192E-004
         215  0.53688679245283022        6.8493129326623839E-004
         216  0.53717358490566036        6.8490203759681372E-004
         217  0.53723207547169816        6.8489604300830465E-004
         218  0.53702830188679240        6.8491688637681747E-004
         219  0.53707547169811320        6.8491207175421149E-004
         220  0.53720566037735851        6.8489875141538139E-004
         221  0.53787547169811323        6.8482947697596965E-004
         222  0.53708679245283020        6.8491091532769444E-004
         223  0.53869056603773580        6.8474349983437834E-004
         224  0.53878113207547174        6.8473383314585307E-004
         225  0.53856981132075477        6.8475635338374101E-004
         226  0.53964528301886794        6.8464045313202065E-004
         227  0.53791886792452825        6.8482494589455181E-004
         228  0.53881698113207543        6.8473000046677553E-004
         229  0.53873584905660377        6.8473866933231446E-004
         230  0.54060566037735847        6.8453424510904947E-004
         231  0.53867358490566042        6.8474530980716804E-004
         232  0.53895660377358490        6.8471503923017284E-004
         233  0.53998113207547171        6.8460360253210146E-004
         234  0.53963584905660378        6.8464148374410146E-004
         235  0.54023962264150949        6.8457502692542129E-004
         236  0.54117735849056603        6.8446980603463676E-004
         237  0.54049622641509432        6.8454647656504498E-004
         238  0.54086226415094341        6.8450543414530322E-004
         239  0.54161886792452829        6.8441942044372879E-004
         240  0.54105849056603772        6.8448327894517962E-004
         241  0.54281320754716977        6.8428040878586941E-004
         242  0.54168679245283013        6.8441162078810528E-004
         243  0.54117358490566037        6.8447023434877342E-004
         244  0.54253396226415096        6.8431326553349567E-004
         245  0.54260566037735847        6.8430485000695138E-004
         246  0.54257547169811315        6.8430839512672334E-004
         247  0.54125471698113203        6.8446101688517244E-004
         248  0.54250754716981131        6.8431636239168862E-004
         249  0.54185471698113208        6.8439228333159118E-004
         250  0.54177547169811324        6.8440141862771068E-004
         251  0.54373584905660377        6.8417030803092315E-004
         252  0.54367358490566042        6.8417781256801570E-004
         253  0.54495283018867924        6.8402146476585790E-004
         254  0.54411698113207552        6.8412413633535017E-004
         255  0.54378867924528307        6.8416393209598883E-004
         256  0.54467169811320759        6.8405621443347862E-004
         257  0.54379811320754712        6.8416279271996019E-004
         258  0.54437924528301884        6.8409213021279147E-004
         259  0.54444905660377363        6.8408357837471286E-004
         260  0.54535471698113203        6.8397140739030488E-004
         261  0.54520377358490568        6.8399026095582952E-004
         262  0.54595283018867924        6.8389607700769148E-004
         263  0.54510566037735853        6.8400248179225688E-004
         264  0.54480566037735845        6.8403968327750836E-004
         265  0.54472641509433961        6.8404946829945807E-004
         266  0.54522452830188683        6.8398767234818380E-004
         267  0.54632264150943399        6.8384900253705243E-004
         268  0.54588490566037740        6.8390468197231775E-004
         269  0.54610566037735853        6.8387666890043421E-004
         270  0.54610377358490569        6.8387690890292974E-004
         271  0.54744528301886797        6.8370376614997487E-004
         272  0.54682830188679243        6.8378401939087356E-004
         273  0.54644716981132080        6.8383306527488273E-004
         274  0.54657735849056599        6.8381635744511979E-004
         275  0.54699622641509438        6.8376228173956796E-004
         276  0.54622452830188684        6.8386152877206651E-004
         277  0.54756226415094345        6.8368843040212996E-004
         278  0.54952075471698114        6.8342601820735197E-004
         279  0.54669245283018864        6.8380154746702868E-004
         280  0.54881509433962261        6.8352179930263577E-004
         281  0.54819056603773586        6.8360541049251975E-004
         282  0.54898113207547172        6.8349938744862913E-004
         283  0.54818490566037736        6.8360616332839412E-004
         284  0.54948867924528300        6.8343040200866915E-004
         285  0.55047358490566034        6.8329448501949633E-004
         286  0.55054528301886796        6.8328448502821208E-004
         287  0.54913396226415090        6.8347869044119950E-004
         288  0.55023018867924534        6.8332832538542680E-004
         289  0.54913962264150940        6.8347792263505369E-004
         290  0.55074905660377360        6.8325598569522446E-004
         291  0.55039622641509434        6.8330525839980735E-004
         292  0.55094150943396225        6.8322896327491570E-004
         293  0.55204905660377357        6.8307144258337874E-004
         294  0.55110188679245287        6.8320636563891206E-004
         295  0.55211509433962269        6.8306194219239420E-004
         296  0.55279999999999996        6.8296269132057941E-004
         297  0.54983962264150943        6.8338228205334505E-004
         298  0.55223584905660372        6.8304453855352887E-004
         299  0.55366226415094344        6.8283587547951529E-004
         300  0.55232641509433966        6.8303145909948777E-004
         301  0.55349999999999999        6.8285989888807646E-004
         302  0.55242641509433965        6.8301699059001013E-004
         303  0.55514905660377356        6.8261232617128245E-004
         304  0.55362075471698113        6.8284202800816558E-004
         305  0.55351698113207548        6.8285738825839303E-004
         306  0.55349056603773583        6.8286129333407946E-004
         307  0.55272452830188679        6.8297369229610350E-004
         308  0.55390754716981128        6.8279942130345230E-004
         309  0.55341509433962266        6.8287243994690275E-004
         310  0.55532075471698117        6.8258611191852165E-004
         311  0.55536603773584903        6.8257918452171214E-004
         312  0.55472452830188679        6.8267678752865569E-004
         313  0.55593962264150942        6.8249094073568088E-004
         314  0.55534716981132071        6.8258207163442890E-004
         315  0.55578679245283014        6.8251454305857983E-004
         316  0.55656415094339617        6.8239381208354375E-004
         317  0.55545094339622636        6.8256618018545240E-004
         318  0.55594716981132075        6.8248977349460928E-004
         319  0.55752452830188681        6.8224231937523546E-004
         320  0.55746037735849052        6.8225251927992987E-004
         321  0.55742641509433966        6.8225791456019312E-004
         322  0.55757169811320750        6.8223481208695583E-004
         323  0.55796981132075474        6.8217120212616473E-004
         324  0.55793207547169810        6.8217725056731967E-004
         325  0.55816226415094339        6.8214029297475928E-004
         326  0.55854339622641513        6.8207877423425215E-004
         327  0.55817547169811321        6.8213816795053292E-004
         328  0.55957358490566034        6.8191045168410145E-004
         329  0.56025283018867922        6.8179784041657546E-004
         330  0.55938867924528302        6.8194088270517894E-004
         331  0.56046415094339619        6.8176254158945800E-004
         332  0.56085283018867926        6.8169728945413079E-004
         333  0.56092075471698111        6.8168584260559003E-004
         334  0.56067169811320750        6.8172775101632262E-004
         335  0.56116415094339622        6.8164471828151209E-004
         336  0.56190943396226412        6.8151775954721026E-004
         337  0.56282452830188678        6.8135973742250368E-004
         338  0.56207547169811323        6.8148926238229988E-004
         339  0.56281886792452829        6.8136072211903091E-004
         340  0.56237358490566036        6.8143790246581672E-004
         341  0.56246792452830185        6.8142159726355869E-004
         342  0.56214339622641507        6.8147758210812580E-004
         343  0.56333584905660372        6.8127041457974585E-004
         344  0.56328679245283020        6.8127901620883367E-004
         345  0.56474905660377361        6.8101971221979100E-004
         346  0.56384150943396227        6.8118135683004240E-004
         347  0.56267547169811316        6.8138563769665791E-004
         348  0.56332264150943401        6.8127273106929670E-004
         349  0.56560566037735849        6.8086501214770039E-004
         350  0.56496981132075474        6.8098004239858624E-004
         351  0.56471320754716980        6.8102614136642881E-004
         352  0.56482452830188679        6.8100616533717316E-004
         353  0.56556792452830185        6.8087187068403355E-004
         354  0.56579245283018864        6.8083100326080061E-004
         355  0.56761509433962265        6.8049399234513359E-004
         356  0.56466226415094345        6.8103527129293720E-004
         357  0.56557735849056601        6.8087015642637411E-004
         358  0.56606037735849057        6.8078205104497814E-004
         359  0.56709622641509438        6.8059088700430758E-004
         360  0.56650943396226416        6.8069955026029251E-004
         361  0.56798867924528307        6.8042375738375726E-004
         362  0.56634528301886788        6.8072977408287173E-004
         363  0.56897547169811324        6.8023634114836213E-004
         364  0.56761509433962265        6.8049399234513359E-004
         365  0.56883584905660378        6.8026302610683681E-004
         366  0.56863018867924531        6.8030223194984858E-004
         367  0.56969433962264149        6.8009807703445951E-004
         368  0.56844150943396221        6.8033809545349185E-004
         369  0.56985660377358494        6.8006666558510158E-004
         370  0.57041698113207551        6.7995761350726845E-004
         371  0.57025849056603772        6.7998854666184402E-004
         372  0.57170566037735848        6.7970345680185441E-004
         373  0.57013396226415092        6.8001280140160439E-004
         374  0.57107169811320757        6.7982907636433658E-004
         375  0.57175283018867928        6.7969406458626743E-004
         376  0.57234905660377355        6.7957480325838142E-004
         377  0.57025283018867923        6.7998965010225695E-004
         378  0.57201698113207544        6.7964135163073856E-004
         379  0.57219056603773588        6.7960660398463664E-004
         380  0.57238679245283020        6.7956722115802175E-004
         381  0.57131320754716985        6.7978135556670159E-004
         382  0.57310000000000005        6.7942315988541281E-004
         383  0.57280377358490564        6.7948317006355529E-004
         384  0.57345660377358487        6.7935058801610760E-004
         385  0.57264528301886797        6.7951517518854987E-004
         386  0.57343773584905655        6.7935443684089100E-004
         387  0.57293962264150944        6.7945568038079200E-004
         388  0.57464905660377363        6.7910529145584876E-004
         389  0.57375849056603778        6.7928886937407480E-004
         390  0.57473773584905663        6.7908688809695131E-004
         391  0.57483396226415095        6.7906689321179270E-004
         392  0.57511132075471694        6.7900911363889880E-004
         393  0.57429433962264154        6.7917868143870788E-004
         394  0.57432641509433957        6.7917205981159472E-004
         395  0.57643207547169806        6.7873097157258508E-004
         396  0.57619245283018872        6.7878180301005704E-004
         397  0.57617169811320756        6.7878619804314570E-004
         398  0.57626792452830189        6.7876581073790770E-004
         399  0.57781698113207547        6.7843398678812277E-004
         400  0.57758867924528301        6.7848332087363942E-004
         401  0.57843018867924534        6.7830074242688555E-004
         402  0.57657735849056602        6.7870007292882971E-004
         403  0.57674905660377362        6.7866347888099186E-004
         404  0.57825660377358490        6.7833856961686681E-004
         405  0.57839811320754719        6.7830773870547099E-004
         406  0.57764339622641514        6.7847151053552319E-004
         407  0.57834339622641506        6.7831966676223953E-004
         408  0.57849245283018869        6.7828715303968451E-004
         409  0.57897547169811325        6.7818135670705357E-004
         410  0.57886037735849061        6.7820662639117503E-004
         411  0.57933018867924524        6.7810323859751923E-004
         412  0.58038679245283020        6.7786841768628008E-004
         413  0.58020377358490571        6.7790932034376516E-004
         414  0.58066226415094335        6.7780667241748723E-004
         415  0.58107169811320758        6.7771449958880722E-004
         416  0.58211509433962261        6.7747743996637009E-004
         417  0.58099056603773580        6.7773280232335663E-004
         418  0.58071886792452831        6.7779395817438716E-004
         419  0.58405283018867926        6.7702891682798146E-004
         420  0.58285094339622645        6.7730838156097395E-004
         421  0.58230377358490570        6.7743423945098680E-004
         422  0.58261886792452833        6.7736186736773462E-004
         423  0.58353207547169816        6.7715051191557802E-004
         424  0.58326226415094340        6.7721320653860487E-004
         425  0.58371886792452832        6.7710698571261355E-004
         426  0.58336792452830188        6.7718867965195712E-004
         427  0.58544528301886789        6.7669996083912322E-004
         428  0.58458113207547169        6.7690476476389174E-004
         429  0.58532641509433958        6.7672825973423155E-004
         430  0.58523773584905658        6.7674934518069743E-004
         431  0.58424339622641508        6.7698422571884904E-004
         432  0.58571509433962266        6.7663557623236247E-004
         433  0.58496226415094343        6.7681470063869883E-004
         434  0.58661132075471700        6.7642020979638670E-004
         435  0.58652641509433967        6.7644071194401410E-004
         436  0.58497924528301892        6.7681067817852052E-004
         437  0.58493207547169812        6.7682184963513696E-004
         438  0.58784339622641513        6.7612036683693767E-004
         439  0.58764150943396232        6.7616979812366472E-004
         440  0.58721509433962260        6.7627381877535472E-004
         441  0.58599811320754713        6.7656781517985980E-004
         442  0.58764716981132070        6.7616841379865679E-004
         443  0.58847358490566037        6.7596531223655134E-004
         444  0.58844905660377356        6.7597136869408572E-004
         445  0.58857735849056603        6.7593966957932500E-004
         446  0.58957169811320753        6.7569239246852728E-004
         447  0.58855660377358487        6.7594480059337929E-004
         448  0.58814150943396226        6.7604716023213186E-004
         449  0.58950754716981135        6.7570843187353272E-004
         450  0.59042641509433957        6.7547755776468813E-004
         451  0.59013018867924527        6.7555225359483735E-004
         452  0.58859433962264152        6.7593547055359198E-004
         453  0.58978113207547167        6.7563994587276739E-004
         454  0.58992452830188680        6.7560396349486298E-004
         455  0.59017735849056607        6.7554037631332932E-004
         456  0.59046037735849055        6.7546897772173954E-004
         457  0.59033584905660375        6.7550042159564305E-004
         458  0.59221509433962261        6.7502114065557382E-004
         459  0.59213962264150943        6.7504058569736530E-004
         460  0.59224716981132075        6.7501287152200279E-004
         461  0.59309245283018863        6.7479388219321792E-004
         462  0.59206226415094343        6.7506049976168365E-004
         463  0.59250000000000003        6.7494758706363183E-004
         464  0.59201320754716980        6.7507311922191261E-004
         465  0.59283396226415097        6.7486106949048825E-004
         466  0.59403962264150945        6.7454603794580399E-004
         467  0.59411509433962262        6.7452617753787465E-004
         468  0.59491698113207547        6.7431414029196020E-004
         469  0.59365283018867920        6.7464756333403286E-004
         470  0.59515283018867926        6.7425142125914015E-004
         471  0.59568301886792452        6.7410983918321748E-004
         472  0.59544528301886790        6.7417342535269742E-004
         473  0.59697924528301882        6.7376025351435537E-004
         474  0.59628301886792456        6.7394862952668995E-004
         475  0.59517358490566041        6.7424589425325236E-004
         476  0.59492075471698114        6.7431313805858231E-004
         477  0.59643207547169808        6.7390841830664754E-004
         478  0.59589056603773582        6.7405419319803515E-004
         479  0.59655849056603771        6.7387426448773345E-004
         480  0.59693584905660380        6.7377203631505979E-004
         481  0.59755660377358488        6.7360296947896177E-004
         482  0.59774339622641515        6.7355187568159884E-004
         483  0.59829433962264156        6.7340058279019002E-004
         484  0.59746981132075472        6.7362667545819565E-004
         485  0.59783396226415098        6.7352706635209671E-004
         486  0.59990943396226415        6.7295196638889412E-004
         487  0.59872264150943399        6.7328235694708797E-004
         488  0.59949245283018870        6.7306851795906244E-004
         489  0.60072075471698116        6.7272373646419146E-004
         490  0.59958490566037737        6.7304272000527686E-004
         491  0.59865660377358487        6.7330062047484766E-004
         492  0.60046037735849056        6.7279719193347220E-004
         493  0.60087358490566034        6.7268052899656264E-004
         494  0.60085660377358485        6.7268533319858180E-004
         495  0.60033773584905659        6.7283172188230224E-004
         496  0.60237169811320757        6.7225337123907284E-004
         497  0.59988301886792450        6.7295936480793385E-004
         498  0.60101320754716980        6.7264099581220208E-004
         499  0.60081132075471699        6.7269814028213053E-004
         500  0.60199622641509432        6.7236104659299249E-004
         501  0.60149622641509437        6.7250379254523774E-004
         502  0.60227924528301890        6.7227992258438597E-004
         503  0.60337358490566040        6.7196403478520753E-004
         504  0.60421509433962262        6.7171873902836430E-004
         505  0.60215660377358493        6.7231510512282455E-004
         506  0.60190754716981132        6.7238641718773008E-004
         507  0.60405849056603778        6.7176454565164565E-004
         508  0.60345660377358490        6.7193992759297441E-004
         509  0.60373018867924533        6.7186034032318449E-004
         510  0.60389622641509433        6.7181193198397743E-004
         511  0.60379811320754717        6.7184054669125351E-004
         512  0.60481132075471700        6.7154368357279107E-004
         513  0.60596792452830184        6.7120111848463623E-004
         514  0.60537169811320757        6.7137820125911358E-004
         515  0.60615471698113210        6.7114542481513939E-004
         516  0.60626415094339625        6.7111274848410171E-004
         517  0.60544528301886791        6.7135640267546514E-004
         518  0.60627358490566041        6.7110992990814823E-004
         519  0.60666226415094338        6.7099357672908283E-004
         520  0.60687358490566035        6.7093012999753880E-004
         521  0.60839622641509439        6.7046908121551482E-004
         522  0.60755849056603772        6.7072358998654911E-004
         523  0.60822452830188678        6.7052141281615310E-004
         524  0.60799811320754715        6.7059028846825925E-004
         525  0.60896981132075467        6.7029362788725844E-004
         526  0.60865094339622638        6.7039128605122481E-004
         527  0.60911132075471697        6.7025019220952710E-004
         528  0.60908679245283015        6.7025772530064480E-004
         529  0.60923773584905661        6.7021133961478788E-004
         530  0.60983018867924532        6.7002862464153091E-004
         531  0.61016415094339627        6.6992517161264177E-004
         532  0.61085471698113203        6.6971020446756442E-004
         533  0.60984150943396231        6.7002512316354109E-004
         534  0.60947169811320756        6.7013930868283433E-004
         535  0.61090000000000000        6.6969605891087250E-004
         536  0.61210943396226414        6.6931600514885073E-004
         537  0.61051132075471704        6.6981727723122307E-004
         538  0.61194150943396231        6.6936903331822129E-004
         539  0.61199245283018866        6.6935295496398236E-004
         540  0.61120188679245280        6.6960159990256342E-004
         541  0.61196792452830184        6.6936069735518524E-004
         542  0.61337547169811324        6.6891351278000047E-004
         543  0.61231320754716978        6.6925154394767861E-004
         544  0.61267358490566037        6.6913724128080110E-004
         545  0.61304905660377362        6.6901774069180807E-004
         546  0.61310943396226414        6.6899848541546159E-004
         547  0.61439245283018873        6.6858674764279597E-004
         548  0.61400377358490565        6.6871199713343832E-004
         549  0.61439622641509439        6.6858552942364183E-004
         550  0.61302075471698114        6.6902676287276244E-004
         551  0.61436792452830191        6.6859466503367191E-004
         552  0.61458113207547171        6.6852578473339567E-004
         553  0.61570000000000003        6.6816209478363876E-004
         554  0.61639245283018873        6.6793514107817207E-004
         555  0.61578490566037736        6.6813434365560692E-004
         556  0.61634528301886793        6.6795064657709097E-004
         557  0.61591698113207549        6.6809113247586166E-004
         558  0.61648679245283022        6.6790411014401346E-004
         559  0.61700943396226415        6.6773171706119489E-004
         560  0.61787547169811319        6.6744425697842769E-004
         561  0.61838113207547174        6.6727537746764216E-004
         562  0.61842641509433960        6.6726021657123038E-004
         563  0.61720754716981130        6.6766615610808395E-004
         564  0.61917924528301882        6.6700726636557104E-004
         565  0.61897547169811318        6.6707590178614244E-004
         566  0.61892452830188682        6.6709304118715536E-004
         567  0.62008867924528299        6.6669943033549010E-004
         568  0.61931132075471695        6.6696271393020283E-004
         569  0.62027169811320759        6.6663717980334786E-004
         570  0.62042264150943394        6.6658576344116047E-004
         571  0.62106037735849051        6.6636777345379880E-004
         572  0.62134716981132077        6.6626934377212116E-004
         573  0.62127169811320759        6.6629527031124140E-004
         574  0.62122452830188679        6.6631146569525043E-004
         575  0.62232264150943395        6.6593270011564259E-004
         576  0.62136037735849059        6.6626480486564089E-004
         577  0.62235094339622643        6.6592289010525719E-004
         578  0.62152641509433959        6.6620769954472601E-004
         579  0.62184339622641505        6.6609844985417697E-004
         580  0.62290943396226417        6.6572881192319695E-004
         581  0.62321132075471697        6.6562351310898256E-004
         582  0.62363584905660374        6.6547497128849266E-004
         583  0.62470377358490570        6.6509889866616983E-004
         584  0.62459622641509438        6.6513692782809841E-004
         585  0.62382641509433967        6.6540811554686552E-004
         586  0.62501132075471699        6.6498995549679177E-004
         587  0.62679433962264153        6.6435270730047329E-004
         588  0.62559433962264155        6.6478264550429123E-004
         589  0.62727735849056598        6.6417841717483967E-004
         590  0.62560000000000004        6.6478062774036058E-004
         591  0.62621698113207547        6.6456010940122519E-004
         592  0.62569056603773587        6.6474833031659791E-004
         593  0.62753584905660376        6.6408485364477217E-004
         594  0.62616981132075467        6.6457700933905879E-004
         595  0.62759811320754721        6.6406228610154012E-004
         596  0.62693773584905665        6.6430103885341523E-004
         597  0.62841132075471695        6.6376645799448596E-004
         598  0.62767169811320755        6.6403560017785652E-004
         599  0.62870566037735853        6.6365888741361082E-004
         600  0.62854528301886792        6.6371753228852421E-004
         601  0.62977547169811321        6.6326568703298976E-004
         602  0.62952264150943393        6.6335892748382310E-004
         603  0.63026226415094344        6.6308561520445855E-004
         604  0.63029622641509431        6.6307302506570561E-004
         605  0.63025660377358494        6.6308771321858708E-004
         606  0.63188867924528302        6.6247873057624640E-004
         607  0.63145471698113209        6.6264145144734657E-004
         608  0.63257735849056607        6.6221931614161183E-004
         609  0.63270377358490570        6.6217153976030993E-004
         610  0.63328113207547165        6.6195271425587357E-004
         611  0.63158301886792456        6.6259340266550755E-004
         612  0.63374905660377356        6.6177461513777921E-004
         613  0.63258301886792456        6.6221717794811197E-004
         614  0.63353584905660376        6.6185584849158281E-004
         615  0.63576603773584905        6.6099921930349236E-004
         616  0.63467169811320756        6.6142147343673159E-004
         617  0.63498867924528302        6.6129954460126313E-004
         618  0.63490943396226418        6.6133005579234385E-004
         619  0.63638490566037731        6.6075879409764756E-004
         620  0.63602264150943399        6.6089967411040362E-004
         621  0.63562830188679242        6.6105256795408402E-004
         622  0.63665471698113207        6.6065360479019316E-004
         623  0.63607735849056601        6.6087842130576767E-004
         624  0.63770566037735854        6.6024173831933329E-004
         625  0.63732641509433963        6.6039075870552198E-004
         626  0.63963962264150942        6.5947488513916493E-004
         627  0.63883396226415090        6.5979575301903495E-004
         628  0.63903773584905665        6.5971478687293914E-004
         629  0.63910188679245283        6.5968927089467397E-004
         630  0.63792830188679250        6.6015404654309179E-004
         631  0.63991886792452835        6.5936320108190606E-004
         632  0.64064150943396225        6.5907305665442359E-004
         633  0.64024339622641513        6.5923310192191216E-004
         634  0.64123773584905663        6.5883244637801337E-004
         635  0.64125283018867929        6.5882634062497717E-004
         636  0.64113584905660381        6.5887364166527943E-004
         637  0.64092264150943401        6.5895974210644149E-004
         638  0.64230377358490565        6.5839948305691657E-004
         639  0.64212641509433965        6.5847176145012419E-004
         640  0.64255471698113209        6.5829704923461320E-004
         641  0.64252452830188678        6.5830938249417190E-004
         642  0.64478490566037738        6.5737805540075822E-004
         643  0.64166981132075473        6.5865738876462151E-004
         644  0.64356226415094342        6.5788379473951026E-004
         645  0.64402830188679250        6.5769157228587186E-004
         646  0.64433207547169813        6.5756591174047287E-004
         647  0.64549245283018863        6.5708324358407764E-004
         648  0.64549811320754713        6.5708087876010981E-004
         649  0.64394528301886789        6.5772586406326599E-004
         650  0.64461132075471694        6.5745014289710752E-004
         651  0.64460188679245278        6.5745405799183380E-004
         652  0.64492830188679240        6.5731843366102728E-004
         653  0.64737924528301882        6.5628939495025024E-004
         654  0.64657924528301891        6.5662735311082033E-004
         655  0.64674528301886791        6.5655737640564569E-004
         656  0.64649056603773580        6.5666469152681503E-004
         657  0.64745471698113211        6.5625740813790123E-004
         658  0.64895849056603772        6.5561632833380625E-004
         659  0.64814528301886798        6.5596389557695143E-004
         660  0.64810000000000001        6.5598318834877653E-004
         661  0.64893207547169807        6.5562765102177120E-004
         662  0.64911132075471700        6.5555077523477381E-004
         663  0.64941698113207547        6.5541944764960637E-004
         664  0.64998867924528303        6.5517302352235604E-004
         665  0.64971886792452826        6.5528945150920967E-004
         666  0.65135849056603778        6.5457837118683122E-004
         667  0.65094339622641506        6.5475919689324973E-004
         668  0.65090000000000003        6.5477806984864495E-004
         669  0.65070943396226411        6.5486087607140460E-004
         670  0.65292830188679241        6.5388957362415658E-004
         671  0.65254339622641511        6.5405918644495737E-004
         672  0.65321886792452832        6.5376122020304156E-004
         673  0.65305471698113204        6.5383376458902158E-004
         674  0.65421320754716983        6.5331994909312568E-004
         675  0.65489056603773588        6.5301754224249861E-004
         676  0.65487169811320756        6.5302598567662485E-004
         677  0.65442264150943397        6.5322660373623128E-004
         678  0.65487735849056605        6.5302345276585223E-004
         679  0.65418679245283018        6.5333171243830035E-004
         680  0.65551320754716980        6.5273827035180771E-004
         681  0.65645094339622645        6.5231532817968589E-004
         682  0.65662641509433961        6.5223587308652011E-004
         683  0.65697169811320755        6.5207923756193233E-004
         684  0.65615660377358487        6.5244838601312470E-004
         685  0.65671698113207544        6.5219482536705512E-004
         686  0.65915660377358487        6.5107918463908694E-004
         687  0.65788490566037738        6.5166312133403583E-004
         688  0.65830188679245283        6.5147222625453242E-004
         689  0.65924905660377353        6.5103652908962944E-004
         690  0.66004150943396223        6.5066977866221651E-004
         691  0.65949811320754714        6.5092148308238719E-004
         692  0.66090943396226420        6.5026577159018651E-004
         693  0.66045849056603778        6.5047598364041074E-004
         694  0.66086981132075473        6.5028426847182268E-004
         695  0.66174339622641509        6.4987527653482613E-004
         696  0.66139245283018866        6.5003987710690570E-004
         697  0.66306792452830188        6.4925044153257925E-004
         698  0.66177169811320757        6.4986198489700993E-004
         699  0.66259433962264147        6.4947450561127760E-004
         700  0.66306603773584905        6.4925133566478752E-004
         701  0.66376981132075474        6.4891702074398817E-004
         702  0.66406037735849055        6.4877852223045086E-004
         703  0.66430188679245283        6.4866319719058326E-004
         704  0.66390943396226421        6.4885050384211774E-004
         705  0.66444528301886796        6.4859463296501867E-004
         706  0.66421886792452833        6.4870286162055054E-004
         707  0.66376415094339625        6.4891971603579617E-004
         708  0.66446037735849062        6.4858741177676921E-004
         709  0.66482641509433960        6.4841207036468696E-004
         710  0.66686415094339624        6.4742793746287546E-004
         711  0.66705283018867922        6.4733612616448791E-004
         712  0.66739433962264150        6.4716965064913262E-004
         713  0.66691132075471693        6.4740499558566542E-004
         714  0.66746415094339617        6.4713557261007716E-004
         715  0.66879811320754712        6.4648132804037966E-004
         716  0.66823396226415099        6.4675873128414131E-004
         717  0.66843396226415097        6.4666050752496874E-004
         718  0.66864339622641511        6.4655750945779363E-004
         719  0.66941132075471699        6.4617861366265104E-004
         720  0.66997547169811322        6.4589902099527043E-004
         721  0.66946226415094334        6.4615340930486008E-004
         722  0.67020943396226418        6.4578276122747083E-004
         723  0.67043396226415097        6.4567101925627551E-004
         724  0.67149245283018866        6.4514198908440607E-004
         725  0.67178679245283024        6.4499421957153595E-004
         726  0.67130188679245284        6.4523750721693187E-004
         727  0.67099811320754721        6.4538952005959360E-004
         728  0.67222264150943400        6.4477487917425518E-004
         729  0.67315660377358488        6.4430273935676941E-004
         730  0.67416037735849055        6.4379207202083766E-004
         731  0.67412641509433957        6.4380940512334174E-004
         732  0.67503962264150941        6.4334199729390378E-004
         733  0.67402452830188675        6.4386138135076609E-004
         734  0.67471698113207546        6.4350745330614065E-004
         735  0.67506603773584906        6.4332843578206070E-004
         736  0.67508867924528304        6.4331680977269487E-004
         737  0.67536792452830186        6.4317328139414565E-004
         738  0.67545094339622647        6.4313056050202533E-004
         739  0.67665283018867928        6.4250949275173642E-004
         740  0.67615660377358489        6.4276650143859824E-004
         741  0.67764339622641512        6.4199398071760130E-004
         742  0.67711132075471703        6.4227129408726325E-004
         743  0.67732641509433966        6.4215930326764613E-004
         744  0.68019433962264153        6.4065120167193816E-004
         745  0.67822641509433967        6.4168902267084521E-004
         746  0.67991698113207544        6.4079826381339782E-004
         747  0.68019245283018870        6.4065220297408450E-004
         748  0.67943773584905665        6.4105175806309235E-004
         749  0.67928679245283019        6.4113143804744475E-004
         750  0.68142830188679249        6.3999376658885831E-004
         751  0.68234528301886788        6.3950186652149009E-004
         752  0.68177735849056609        6.3980685756054128E-004
         753  0.68252830188679248        6.3940334659909369E-004
         754  0.68261886792452831        6.3935455229733663E-004
         755  0.68328490566037736        6.3899485242717522E-004
         756  0.68317358490566038        6.3905507748699059E-004
         757  0.68346603773584902        6.3889676875640371E-004
         758  0.68446226415094336        6.3835530578449956E-004
         759  0.68516792452830189        6.3796971556129571E-004
         760  0.68404150943396225        6.3858440556343763E-004
         761  0.68554716981132080        6.3776178165638473E-004
         762  0.68541132075471700        6.3783632214032258E-004
         763  0.68543018867924532        6.3782597308087495E-004
         764  0.68618113207547171        6.3741308850267608E-004
         765  0.68655660377358485        6.3720591972233004E-004
         766  0.68661698113207548        6.3717256090044803E-004
         767  0.68806226415094340        6.3637028618300766E-004
         768  0.68597358490566041        6.3752739595938099E-004
         769  0.68713207547169808        6.3688745833487270E-004
         770  0.68793207547169810        6.3644284897922490E-004
         771  0.68760566037735849        6.3662452456091112E-004
         772  0.68821886792452835        6.3628292294581478E-004
         773  0.68914150943396224        6.3576649535881848E-004
         774  0.69043584905660382        6.3503704749169002E-004
         775  0.69051698113207549        6.3499113037977296E-004
         776  0.69070754716981131        6.3488318856138866E-004
         777  0.69145283018867920        6.3445982642307730E-004
         778  0.69138867924528302        6.3449634380014169E-004
         779  0.69103962264150942        6.3469479009040639E-004
         780  0.69233207547169806        6.3395787721616970E-004
         781  0.69409245283018872        6.3294477948408164E-004
         782  0.69302641509433960        6.3355958019155952E-004
         783  0.69430943396226419        6.3281915487739808E-004
         784  0.69302075471698110        6.3356283399500864E-004
         785  0.69377547169811316        6.3312800364267118E-004
         786  0.69386792452830193        6.3307459967447551E-004
         787  0.69472075471698114        6.3258056043367591E-004
         788  0.69501320754716978        6.3241055580882228E-004
         789  0.69507547169811323        6.3237432242596277E-004
         790  0.69567735849056600        6.3202336261773673E-004
         791  0.69550566037735850        6.3212360977779895E-004
         792  0.69533396226415090        6.3222375306231770E-004
         793  0.69634339622641506        6.3163350783754658E-004
         794  0.69609622641509439        6.3177836749409954E-004
         795  0.69917169811320756        6.2996051788636947E-004
         796  0.69856415094339619        6.3032228647766418E-004
         797  0.69829811320754720        6.3048028757107936E-004
         798  0.69832452830188674        6.3046461076124525E-004
         799  0.70104905660377359        6.2883431665974583E-004
         800  0.69919245283018872        6.2994813613337364E-004
