 # Pos, Energy, Err_Energy
           1   1.0026203606957778        2.3865084253807782E-003
           2   1.0037025189853699        2.3816681109739089E-003
           3   1.0009651816796588        2.3782037444303431E-003
           4   1.0015773474079357        2.3749188408493955E-003
           5  0.99921230212360035        2.3715446129327950E-003
           6  0.99747508528100437        2.3713444549081099E-003
           7  0.99998419204010536        2.3737281545138920E-003
           8  0.99818955824656896        2.3737258984670899E-003
           9   1.0011015333308242        2.3753299582809041E-003
          10  0.99808970667911556        2.3649984112928488E-003
          11   1.0013220873621580        2.3788146197126349E-003
          12  0.99822023017183981        2.3680463053012105E-003
          13  0.99883570947210865        2.3737868151211998E-003
          14   1.0021004462212715        2.3768766233958232E-003
          15  0.99800139251611464        2.3662686134378261E-003
          16   1.0014272165298366        2.3775168371000018E-003
          17  0.99618591422214620        2.3618095330990539E-003
          18   1.0004988607833452        2.3659975104537117E-003
          19  0.99832093519598364        2.3655172649361756E-003
          20  0.99749873959800772        2.3629170363507162E-003
          21  0.99610668311773642        2.3588703187923691E-003
          22   1.0008321153761561        2.3736699474490963E-003
          23  0.99536496781091410        2.3512814266944547E-003
          24  0.99678951191408183        2.3517700277616229E-003
          25  0.99570851767626090        2.3513327942960467E-003
          26  0.99977331567835193        2.3642409819246233E-003
          27  0.99484600832857684        2.3519754249147636E-003
          28  0.99430760594246059        2.3494665822285416E-003
          29  0.99070356581582808        2.3446828671671474E-003
          30  0.99926415725163042        2.3567597874266642E-003
          31  0.99768902208304233        2.3561436308318926E-003
          32  0.99367463769385556        2.3489647472473350E-003
          33  0.98884019193710448        2.3319010551701119E-003
          34  0.99322728797384197        2.3486296772153616E-003
          35  0.99437607809423367        2.3498942263802747E-003
          36  0.99642731286265784        2.3531688173245189E-003
          37  0.99422612185663928        2.3461476369129549E-003
          38  0.99224025220787104        2.3391360483658941E-003
          39  0.99499637020262777        2.3442261212239033E-003
          40  0.99035281477348402        2.3426728805423375E-003
          41  0.99197540519863636        2.3348509619076003E-003
          42  0.99279833016538277        2.3462041239425873E-003
          43  0.99061343396522039        2.3335262124636724E-003
          44  0.99165306737363068        2.3361291076672954E-003
          45  0.99183050589878130        2.3371429672361956E-003
          46  0.99388692415896407        2.3328809737248766E-003
          47  0.99320423575262984        2.3432278364332085E-003
          48  0.98799900676389640        2.3213734095010427E-003
          49  0.98946765422071747        2.3275583264006730E-003
          50  0.98998272802470411        2.3340881941738578E-003
          51  0.99381055106085325        2.3326992429129525E-003
          52  0.98963486793655220        2.3264764354932448E-003
          53  0.99564374557792379        2.3402488297177499E-003
          54  0.99229488880952776        2.3278089550329830E-003
          55  0.98934168243681908        2.3224142211460764E-003
          56  0.98850808596874762        2.3214473168673322E-003
          57  0.98629813392746168        2.3193112635630413E-003
          58  0.98836786697224643        2.3302925120653414E-003
          59  0.98927667034134392        2.3151935711680470E-003
          60  0.99145538118452270        2.3253551670225424E-003
          61  0.99081146635293527        2.3214051283710984E-003
          62  0.98940225806102255        2.3189883687298519E-003
          63  0.98939607525777673        2.3197921517156355E-003
          64  0.98775811973124983        2.3084418254817971E-003
          65  0.98856577576335414        2.3170981170373699E-003
          66  0.98647056526541399        2.3102743063111229E-003
          67  0.98880952407222211        2.3135481391147708E-003
          68  0.98572977432390241        2.3117531214977647E-003
          69  0.98819676206876206        2.3128500275591819E-003
          70  0.98520995712729964        2.3110834294875092E-003
          71  0.98705077810815467        2.3056212781018609E-003
          72  0.98035203337542098        2.2867239010949413E-003
          73  0.98355526839532337        2.2991291342906598E-003
          74  0.98629326702592257        2.3080079969912590E-003
          75  0.98323380397068072        2.2993798040874163E-003
          76  0.98482491566205832        2.3058187597868444E-003
          77  0.98805572504653016        2.3054742944010435E-003
          78  0.98335742738627296        2.2965061892285363E-003
          79  0.98434178619576751        2.3017293059606203E-003
          80  0.98533929755227934        2.3001737384084672E-003
          81  0.98837698944463626        2.3093424668737842E-003
          82  0.98500164406292035        2.3030224114322811E-003
          83  0.98472777295562319        2.2986038588435724E-003
          84  0.98412461319536915        2.2930705492679769E-003
          85  0.98007858504442535        2.2905142479915093E-003
          86  0.98559344652392267        2.2953839452810910E-003
          87  0.98237336963129984        2.2939901096975719E-003
          88  0.98405200632275436        2.2919151180277406E-003
          89  0.97891652173645971        2.2807589100350785E-003
          90  0.98001053985847231        2.2881738996834299E-003
          91  0.97796496977293457        2.2819188766080938E-003
          92  0.98272718220848054        2.2880738807091916E-003
          93  0.98489136064173166        2.2911233152835713E-003
          94  0.97930186542147279        2.2795419262725482E-003
          95  0.97826132283382683        2.2764963783096785E-003
          96  0.98286759091201059        2.2821900179195256E-003
          97  0.98054225323171851        2.2781354208349690E-003
          98  0.97847642055125983        2.2748784048535089E-003
          99  0.97920345175500567        2.2823222206853422E-003
         100  0.97849308390443246        2.2792140265405847E-003
         101  0.98244638970259734        2.2761572261220855E-003
         102  0.97958570081516583        2.2795099788072296E-003
         103  0.98212439652434613        2.2830485180572241E-003
         104  0.97874865681571421        2.2800227361904611E-003
         105  0.97794017095542840        2.2756863376359421E-003
         106  0.97737044389466721        2.2720595525393883E-003
         107  0.97885297200141153        2.2779425289144932E-003
         108  0.97584771583385799        2.2680529262751139E-003
         109  0.97667087286784804        2.2691765743646087E-003
         110  0.97791010986580296        2.2663247127354732E-003
         111  0.97642112497139710        2.2674759075997121E-003
         112  0.97516218267699539        2.2649007130498095E-003
         113  0.97322781315712492        2.2666916999772259E-003
         114  0.97398436362382590        2.2638904687899784E-003
         115  0.97897646374935221        2.2629964779153902E-003
         116  0.97742038282695520        2.2646988389671829E-003
         117  0.97377036930113481        2.2558441335635525E-003
         118  0.97421311359556850        2.2569347265605686E-003
         119  0.97495324103947567        2.2503193247418764E-003
         120  0.97794235559662090        2.2645397182230278E-003
         121  0.97109987822522015        2.2495232389879720E-003
         122  0.97397395151913790        2.2564470351895283E-003
         123  0.97107818405421398        2.2451036553762316E-003
         124  0.97492651901378791        2.2545286584669377E-003
         125  0.97533475105058409        2.2652647473877579E-003
         126  0.97436968761338882        2.2541530747422112E-003
         127  0.96777236616907836        2.2391915251342050E-003
         128  0.97341814775412772        2.2483717408763484E-003
         129  0.97062766430970582        2.2397327632397335E-003
         130  0.97348728540661167        2.2502196596004310E-003
         131  0.97484640073878681        2.2559778665989724E-003
         132  0.97139565177865805        2.2364878121599900E-003
         133  0.97252357930292455        2.2478769627203672E-003
         134  0.97497457682219268        2.2458383626091176E-003
         135  0.97030917982367237        2.2402211468694915E-003
         136  0.96927708980383065        2.2385788001535877E-003
         137  0.97294259714007258        2.2410241817755138E-003
         138  0.96940873863974020        2.2357843212414234E-003
         139  0.96838660348187466        2.2364803857907413E-003
         140  0.96741521738901470        2.2360358273721464E-003
         141  0.96715878965759061        2.2287620305475341E-003
         142  0.96826885203898549        2.2276926979263052E-003
         143  0.96970310678759553        2.2303123751357666E-003
         144  0.96577546872050857        2.2260760431842266E-003
         145  0.96780509274030879        2.2274338351313009E-003
         146  0.96893093830255239        2.2314478641298134E-003
         147  0.96631926758086062        2.2231345433482430E-003
         148  0.96540286681756682        2.2254754131099041E-003
         149  0.96344925098059975        2.2222684508243795E-003
         150  0.96787633751881641        2.2268168926646895E-003
         151  0.96399201436953441        2.2189248860306765E-003
         152  0.96332570123937344        2.2158323320335938E-003
         153  0.96272013581678650        2.2061929267402254E-003
         154  0.96654557403011021        2.2202894748743853E-003
         155  0.96254518863730198        2.2135677053819027E-003
         156  0.96923943491373366        2.2210643042848538E-003
         157  0.96813552791125235        2.2162808021339961E-003
         158  0.96488249724610509        2.2139474881340752E-003
         159  0.96350253533398722        2.2155168014643097E-003
         160  0.96385115443130343        2.2132096546973856E-003
         161  0.95978514518829616        2.2002869501834750E-003
         162  0.96607881635388060        2.2180248070738894E-003
         163  0.95894065536432305        2.1931927876936491E-003
         164  0.96193555947528597        2.2104815051149878E-003
         165  0.96079153895074043        2.2019229556325096E-003
         166  0.95784733890814500        2.1965924146290948E-003
         167  0.95982124410534586        2.1945498639530186E-003
         168  0.96359581358819668        2.2081989205763345E-003
         169  0.96155656325208461        2.1986669041900741E-003
         170  0.95877988379957646        2.1954976291786816E-003
         171  0.95895188819318311        2.1946015272542490E-003
         172  0.96151348574197648        2.1995084058532722E-003
         173  0.95815944431453060        2.1886748039144509E-003
         174  0.95784610504535284        2.1883352899244122E-003
         175  0.96046917729811454        2.1936776790566583E-003
         176  0.95763654684759747        2.1990590443375386E-003
         177  0.95484815785252741        2.1841657990319240E-003
         178  0.95864756267981177        2.1913218249566494E-003
         179  0.95595756786789454        2.1817984957716798E-003
         180  0.95398986015166887        2.1809068927788997E-003
         181  0.95538495968408521        2.1867032173558667E-003
         182  0.95528831388736113        2.1819989586717970E-003
         183  0.95711706122693274        2.1902674221916355E-003
         184  0.95339706673043267        2.1763207185135688E-003
         185  0.95460715875029167        2.1814272620229885E-003
         186  0.95857166894930734        2.1820680617491636E-003
         187  0.95623967245330188        2.1816752433347669E-003
         188  0.95804204536892046        2.1878551426461309E-003
         189  0.95826550881734196        2.1806170806758993E-003
         190  0.95555461476138748        2.1806070243688253E-003
         191  0.95768545106281711        2.1813010118925530E-003
         192  0.95121063463925659        2.1687230724701414E-003
         193  0.95060371045572079        2.1625226515708173E-003
         194  0.95154627753098675        2.1713527987815167E-003
         195  0.94950398590633966        2.1626373404915558E-003
         196  0.95366853754252168        2.1679265433369186E-003
         197  0.95096065688092468        2.1652040685530851E-003
         198  0.95191131277113561        2.1672366016924215E-003
         199  0.95045147124448004        2.1714782734000393E-003
         200  0.95311004587118497        2.1656069196821404E-003
         201  0.94989998422498556        2.1647854067504669E-003
         202  0.94977684220592640        2.1542308199797972E-003
         203  0.95181301745989211        2.1657650764311718E-003
         204  0.94930837984842753        2.1604871221246719E-003
         205  0.95168161616039837        2.1606320259345444E-003
         206  0.95065128711407854        2.1557766837030624E-003
         207  0.95264953501139604        2.1677132805064574E-003
         208  0.95111829049358088        2.1581557355027838E-003
         209  0.94835727236528566        2.1498980835155251E-003
         210  0.95016967187384338        2.1548986272051721E-003
         211  0.94685780286991406        2.1468750702885947E-003
         212  0.95075572188734647        2.1592008259483744E-003
         213  0.94427212616286249        2.1462000372271905E-003
         214  0.94856608094047512        2.1589695647759462E-003
         215  0.94753175557115210        2.1526166656702411E-003
         216  0.94842795214552211        2.1500502571922629E-003
         217  0.94813528766479538        2.1519968428574798E-003
         218  0.94302455595153123        2.1400460069305348E-003
         219  0.94651528083477099        2.1482925535715423E-003
         220  0.94557129058433154        2.1455947091012289E-003
         221  0.94737220693854152        2.1425145392981585E-003
         222  0.94489996992192915        2.1401820274616332E-003
         223  0.94022891235491313        2.1318045443656499E-003
         224  0.94243910284471966        2.1338076411418611E-003
         225  0.94371534488238673        2.1398273701906320E-003
         226  0.94147555462983423        2.1273356748499742E-003
         227  0.94281735988002524        2.1339416928856025E-003
         228  0.94209499074184688        2.1275571120301590E-003
         229  0.94215745642951720        2.1316867691949771E-003
         230  0.94681348403601751        2.1354808034946262E-003
         231  0.93940268471995803        2.1232097495162720E-003
         232  0.94022236799964154        2.1281045458408998E-003
         233  0.94286289229452447        2.1307577275532230E-003
         234  0.94126544135920498        2.1267126138104870E-003
         235  0.94301823215832525        2.1263294030470703E-003
         236  0.94294155620843612        2.1281124080911699E-003
         237  0.93675195061629779        2.1115898597397959E-003
         238  0.94263637194931726        2.1260058299026620E-003
         239  0.93944492217409159        2.1199880777093556E-003
         240  0.93775648692490343        2.1110011003338596E-003
         241  0.94118474476494118        2.1204964102797970E-003
         242  0.93724621767508409        2.1155525122931993E-003
         243  0.93664852404557508        2.1115744432170249E-003
         244  0.93729850473079301        2.1118232565806184E-003
         245  0.93715774699331866        2.1131997981220139E-003
         246  0.93915513544816065        2.1107913101068216E-003
         247  0.93319141753062262        2.1060151465561246E-003
         248  0.93462389691228842        2.1044418446156507E-003
         249  0.93724532983473297        2.1174342344832992E-003
         250  0.93344154931754664        2.1027878914805852E-003
         251  0.93670290073336038        2.1074674362084704E-003
         252  0.93352247277387312        2.0991564278953247E-003
         253  0.93707682528311265        2.1079785310848019E-003
         254  0.93753602155080917        2.1073524348268701E-003
         255  0.93135840961396876        2.0995410776926183E-003
         256  0.93516046156614663        2.1006379886086119E-003
         257  0.93678814572871727        2.1051469239857555E-003
         258  0.93244142129964980        2.0949113517436469E-003
         259  0.92925458634740910        2.0880778752084377E-003
         260  0.93370463507742107        2.0955344854901880E-003
         261  0.93229545748246712        2.0924125362548800E-003
         262  0.93708577586355191        2.1000569488681844E-003
         263  0.93030074311549782        2.0858821134909717E-003
         264  0.92757362263860443        2.0863703783129063E-003
         265  0.92805071698159913        2.0846245417938778E-003
         266  0.93187663582955027        2.0935697371840746E-003
         267  0.92794703840589587        2.0808925213777201E-003
         268  0.92891979331857510        2.0809785152457495E-003
         269  0.92770812296155358        2.0786124227011402E-003
         270  0.92674815968978252        2.0772799077442886E-003
         271  0.92690414191110038        2.0731464905920892E-003
         272  0.92647374086854606        2.0746927672104201E-003
         273  0.92655950854671765        2.0765401937244106E-003
         274  0.92503573925695615        2.0689519536538875E-003
         275  0.92980283552547038        2.0852179992943637E-003
         276  0.92221109325086514        2.0658191667831155E-003
         277  0.92366951840747658        2.0635923008451985E-003
         278  0.92846576725657004        2.0774441493862220E-003
         279  0.92466466773467271        2.0693947743449679E-003
         280  0.92913199675293534        2.0735616950115030E-003
         281  0.92332832179600433        2.0662587996303750E-003
         282  0.92665196632614388        2.0675150046635298E-003
         283  0.92665065013640757        2.0736192757622130E-003
         284  0.92672199388491194        2.0731599568710318E-003
         285  0.92625267591312987        2.0656586771911614E-003
         286  0.92807430545292058        2.0688882617855872E-003
         287  0.92134688780700680        2.0554797955246230E-003
         288  0.92358196402265536        2.0608462222424071E-003
         289  0.91993138419675746        2.0570011254947922E-003
         290  0.92032562011298613        2.0513978723467378E-003
         291  0.92242968715178053        2.0595714654847957E-003
         292  0.92223594068561343        2.0539207514680929E-003
         293  0.92315758608034593        2.0588768249019096E-003
         294  0.92268384356544730        2.0597253471080655E-003
         295  0.92306132449563583        2.0530248911634361E-003
         296  0.92541444909265580        2.0628025662797842E-003
         297  0.91754428258138288        2.0444562069497569E-003
         298  0.91598504577068174        2.0375107374459600E-003
         299  0.92262966951517433        2.0496039123539525E-003
         300  0.91855474602561560        2.0416279611569456E-003
         301  0.92096816337044241        2.0461324726028587E-003
         302  0.92111292734738071        2.0486904384174778E-003
         303  0.92032545808193322        2.0397703037382544E-003
         304  0.91828649964125675        2.0380884512308456E-003
         305  0.91784303520498489        2.0357783170208039E-003
         306  0.91624418970769494        2.0373485366508405E-003
         307  0.91347153923903024        2.0286048725216004E-003
         308  0.91701706844943209        2.0365776506665293E-003
         309  0.91642724609331816        2.0394944905065037E-003
         310  0.91782151750674135        2.0316489626810456E-003
         311  0.91733999632372953        2.0379248047223274E-003
         312  0.91430280576729461        2.0259098348082093E-003
         313  0.91403392406661332        2.0252026682768360E-003
         314  0.91538904442009217        2.0297216534812912E-003
         315  0.91457606442568140        2.0203878674434532E-003
         316  0.91470873314135992        2.0234129382800522E-003
         317  0.91239944094663894        2.0211158703927448E-003
         318  0.91265269003506622        2.0196960770826446E-003
         319  0.91587734994935743        2.0266528693110063E-003
         320  0.91496267056127745        2.0194958649089700E-003
         321  0.91263576188405393        2.0187244287039850E-003
         322  0.91301025171982131        2.0187358415394464E-003
         323  0.91108539614813422        2.0133663486183763E-003
         324  0.91203745999233488        2.0166336648352089E-003
         325  0.91624580083372287        2.0246753794588546E-003
         326  0.91093571558312092        2.0059050331755353E-003
         327  0.91080665974392239        2.0116952488280562E-003
         328  0.91467830428761410        2.0127436528709483E-003
         329  0.91121074197830210        2.0078110963373738E-003
         330  0.90781198575976751        1.9928098877086214E-003
         331  0.90974520543243542        2.0017438433533458E-003
         332  0.91131777401021752        2.0075974272917530E-003
         333  0.90882351438427766        1.9958560016792360E-003
         334  0.90937209687122089        2.0023910881091676E-003
         335  0.90728488008147512        1.9950373182604899E-003
         336  0.91153553378231267        2.0069123756874933E-003
         337  0.91115570791556877        2.0033794977738213E-003
         338  0.91021522031067081        2.0029627432710606E-003
         339  0.90987809719911517        1.9990276965461779E-003
         340  0.90950555737609662        1.9970633983355736E-003
         341  0.90827665408244884        1.9960575278918139E-003
         342  0.90896472577432741        1.9953872428437346E-003
         343  0.90717964593888867        1.9892052457055743E-003
         344  0.90662880701484627        1.9882180260032680E-003
         345  0.90695645002432213        1.9841503560297687E-003
         346  0.90833037523985849        1.9942464907052797E-003
         347  0.90533407655145193        1.9842724336880798E-003
         348  0.90716679871788353        1.9874645738491375E-003
         349  0.90777093282575971        1.9874710717412915E-003
         350  0.90786973712344865        1.9837114198096900E-003
         351  0.90471974933951571        1.9816725604342111E-003
         352  0.90269290716315453        1.9792575774339699E-003
         353  0.90525009102438414        1.9804169756447330E-003
         354  0.90468321078900682        1.9775918425583420E-003
         355  0.90873752762185167        1.9855549721963695E-003
         356  0.89939807800565430        1.9692162497988350E-003
         357  0.90458216533110880        1.9785999499946764E-003
         358  0.90069786637937455        1.9633073519221048E-003
         359  0.90359794674081761        1.9740402104507213E-003
         360  0.90125183925908536        1.9706114873963292E-003
         361  0.90365319147985324        1.9743340926861655E-003
         362  0.89788590315859540        1.9636566412738715E-003
         363  0.89830241509295339        1.9561165936416900E-003
         364  0.89967135756665917        1.9688154815022405E-003
         365  0.90179634280706689        1.9645830455050817E-003
         366  0.90113156026358532        1.9640165135707001E-003
         367  0.90159309133666576        1.9634420875319246E-003
         368  0.89865952363213797        1.9591604386997056E-003
         369  0.90373026965186787        1.9659869096205120E-003
         370  0.89802891896697268        1.9513673662411642E-003
         371  0.90340264772805534        1.9638032282005041E-003
         372  0.90041251036757486        1.9577503243913674E-003
         373  0.89519588218498802        1.9471325479625849E-003
         374  0.89827214655849308        1.9519235208610057E-003
         375  0.89985128946066406        1.9570036040661028E-003
         376  0.89752460744286622        1.9462182979971521E-003
         377  0.89592886478019762        1.9502693911344286E-003
         378  0.89619352446445577        1.9456405997888822E-003
         379  0.89814204782958063        1.9468241060682481E-003
         380  0.89663060422871854        1.9451716508101372E-003
         381  0.89228760585924127        1.9402874505728255E-003
         382  0.89500714923547287        1.9397457289601987E-003
         383  0.89369185884187818        1.9404840426563705E-003
         384  0.89162883484524591        1.9381681845297835E-003
         385  0.89160985724006658        1.9336062792624804E-003
         386  0.89722589456592028        1.9481076503636791E-003
         387  0.89072690908701868        1.9328126849973992E-003
         388  0.89140720147022090        1.9322182401495653E-003
         389  0.89216100767806827        1.9288730699960313E-003
         390  0.89409120688646349        1.9338628204104474E-003
         391  0.89036447583722089        1.9258176757155768E-003
         392  0.89157554053126609        1.9273111646607389E-003
         393  0.89005991296421028        1.9228656982449596E-003
         394  0.88802810968129198        1.9209728737519607E-003
         395  0.88982845771408470        1.9230213097656658E-003
         396  0.89158284677878952        1.9285539704594903E-003
         397  0.88825157344087047        1.9166305644718270E-003
         398  0.89131396869304669        1.9244762280286431E-003
         399  0.89097698061678055        1.9214856629695075E-003
         400  0.89004938215445850        1.9214779448474618E-003
         401  0.89119869031314980        1.9174768801375332E-003
         402  0.88779406217456558        1.9130072679503737E-003
         403  0.88400959226576381        1.9116513313032902E-003
         404  0.88918341570319293        1.9188119179579031E-003
         405  0.88761825237390668        1.9099464699443556E-003
         406  0.88640831738574255        1.9101945776156387E-003
         407  0.88496279673020195        1.9103158555138641E-003
         408  0.88591150476876634        1.9115752701264529E-003
         409  0.88464816051882078        1.9039171499777158E-003
         410  0.88511021843777826        1.9087417898805920E-003
         411  0.88619556712319603        1.9056276721394804E-003
         412  0.88390449867992293        1.8941697199537149E-003
         413  0.88417610052909534        1.9016917335936843E-003
         414  0.88716690553399769        1.9058460783730638E-003
         415  0.88296719654425859        1.8987113167374930E-003
         416  0.88579526717966628        1.9033684582813613E-003
         417  0.88195008748701298        1.8951323926661883E-003
         418  0.88248576905282949        1.8946723111752802E-003
         419  0.88498012396653980        1.8949581369273555E-003
         420  0.88494944562351918        1.8930774568835457E-003
         421  0.87696634446544208        1.8832583090582018E-003
         422  0.88137665193201864        1.8864353423689504E-003
         423  0.88278304888431602        1.8930414091048772E-003
         424  0.88442458888683273        1.8909326483594713E-003
         425  0.88006693597673524        1.8802741167613373E-003
         426  0.87814108958414727        1.8795052579147374E-003
         427  0.88041247206395890        1.8821344967313786E-003
         428  0.88050303208479797        1.8820360829376961E-003
         429  0.88281599643435194        1.8838201017812636E-003
         430  0.87712013857265902        1.8693559440120585E-003
         431  0.87543146468082789        1.8713622692414324E-003
         432  0.87948612381410085        1.8779948350761480E-003
         433  0.87929398861475561        1.8818767537626094E-003
         434  0.87624726511771978        1.8705818381400561E-003
         435  0.87569581686343190        1.8666220583824771E-003
         436  0.87410332694827253        1.8684094004363385E-003
         437  0.87434516970256548        1.8682601460525631E-003
         438  0.87908934445310061        1.8730838799620514E-003
         439  0.87543343687461039        1.8601484939128614E-003
         440  0.87193331691816711        1.8561588223064758E-003
         441  0.87466561277623123        1.8653669650877600E-003
         442  0.87406811676764373        1.8639750088455306E-003
         443  0.87621208659862848        1.8641802373472610E-003
         444  0.87322376161594262        1.8572082373365432E-003
         445  0.87493615498097388        1.8623204913902421E-003
         446  0.87052237911333641        1.8490838401902987E-003
         447  0.87258313225901374        1.8568429663450873E-003
         448  0.86818600879150853        1.8511052940113947E-003
         449  0.87041242035184263        1.8504613282303837E-003
         450  0.87099546494298086        1.8495473921967369E-003
         451  0.87132987922418503        1.8509515121184913E-003
         452  0.86652741969039659        1.8470405433223963E-003
         453  0.86818008853107775        1.8446270726166115E-003
         454  0.86797222535881657        1.8407222562860362E-003
         455  0.86828445394454601        1.8411046581266646E-003
         456  0.86565828742300066        1.8355104260067662E-003
         457  0.86662003982019653        1.8398954236824930E-003
         458  0.86756484860304106        1.8383989156034489E-003
         459  0.87112683675043756        1.8457824011310934E-003
         460  0.86667861006858327        1.8351298105108863E-003
         461  0.86888771904948203        1.8384717720349589E-003
         462  0.86372318004858128        1.8286698142002873E-003
         463  0.86340418959688536        1.8261009949777742E-003
         464  0.86334536066342560        1.8284357105354733E-003
         465  0.86331230985673491        1.8308059685587716E-003
         466  0.86538991403952181        1.8270778217494015E-003
         467  0.86219191208145207        1.8228611095647983E-003
         468  0.86817982676679639        1.8305975529016062E-003
         469  0.86157039237179067        1.8221166723565918E-003
         470  0.86358995600410504        1.8218774128256211E-003
         471  0.86128372979551382        1.8162549028694899E-003
         472  0.86002472831885723        1.8163411422011065E-003
         473  0.86001956392787171        1.8104019776770406E-003
         474  0.86094722034734605        1.8121345559967883E-003
         475  0.85805220893269452        1.8096311281351684E-003
         476  0.85512905178230825        1.8078559711605545E-003
         477  0.86071193770336329        1.8152751946125089E-003
         478  0.85501452907810638        1.8069816349748330E-003
         479  0.85851519331145754        1.8056971373239413E-003
         480  0.85795758949324952        1.8027466892644507E-003
         481  0.85473171423263372        1.8002545485870829E-003
         482  0.86099784061608475        1.8143349365867755E-003
         483  0.85608091541552633        1.7992044020127406E-003
         484  0.85640002430865048        1.8028618019092805E-003
         485  0.85542367366514571        1.8026796074714310E-003
         486  0.85968396129260249        1.8055439530474766E-003
         487  0.85693506034077016        1.7998669794607100E-003
         488  0.85784868308589302        1.8032295250131451E-003
         489  0.85875327664721191        1.8026170987627366E-003
         490  0.85406399946972056        1.7919051575821081E-003
         491  0.85143379272276620        1.7933992673074693E-003
         492  0.85526150847259386        1.7938209742025062E-003
         493  0.85464714066405778        1.7915538264384660E-003
         494  0.85267300834951676        1.7829953961725948E-003
         495  0.85297199466063767        1.7897554657777691E-003
         496  0.85264614735897581        1.7821986418517022E-003
         497  0.84993461812953142        1.7833162210885219E-003
         498  0.84982091004296112        1.7802481615633069E-003
         499  0.85268560218198342        1.7915223821294522E-003
         500  0.85021189607667336        1.7815110864419492E-003
         501  0.84745072044817049        1.7765899449439641E-003
         502  0.84602981907194275        1.7717288836855232E-003
         503  0.85048898145176977        1.7757293877409468E-003
         504  0.85405921343862656        1.7853585372271518E-003
         505  0.84776378422579046        1.7750589811842182E-003
         506  0.84707774727903973        1.7740122137849396E-003
         507  0.84873940475893250        1.7711364776249222E-003
         508  0.84995972492616190        1.7788771045140720E-003
         509  0.84679551384853669        1.7727984251267152E-003
         510  0.84478583391858331        1.7609136964948037E-003
         511  0.84497257307169249        1.7618918030619286E-003
         512  0.84516732710211873        1.7611485361556465E-003
         513  0.84428169659654650        1.7596279326379026E-003
         514  0.84329038724226957        1.7669867734276866E-003
         515  0.84381265680197326        1.7599241013649097E-003
         516  0.84756952728540536        1.7666110197694267E-003
         517  0.84318136311355452        1.7565689232787200E-003
         518  0.83939267980428833        1.7497232339204246E-003
         519  0.83990044291438148        1.7482433957810891E-003
         520  0.84243197340570042        1.7516314842456603E-003
         521  0.84449934761139778        1.7534727882235891E-003
         522  0.84161580284884741        1.7488879806855974E-003
         523  0.84407100980633720        1.7581610167353549E-003
         524  0.84038125589525547        1.7480081164631064E-003
         525  0.84204377929346463        1.7475316689324503E-003
         526  0.84000125150034965        1.7480369872039522E-003
         527  0.83993786030645845        1.7458797326402892E-003
         528  0.83826658880529681        1.7431375485200699E-003
         529  0.84046713707185094        1.7451041695514373E-003
         530  0.83754230051657619        1.7405845293868615E-003
         531  0.84084514823881018        1.7375251811882256E-003
         532  0.83919754424913395        1.7423723870977660E-003
         533  0.83574532046056860        1.7318683665017820E-003
         534  0.83716720674475775        1.7387238812230496E-003
         535  0.83423575994590593        1.7271523668669552E-003
         536  0.83703272365241721        1.7300439916418720E-003
         537  0.83493976440186479        1.7305087464214485E-003
         538  0.83508388920036380        1.7269892302736432E-003
         539  0.83451205997145073        1.7289099257741605E-003
         540  0.83552765066097312        1.7324198115217465E-003
         541  0.83204597053037865        1.7219464853816049E-003
         542  0.83604631015584641        1.7295633036685323E-003
         543  0.83402494915569159        1.7234909008730587E-003
         544  0.83176611545426848        1.7213077287617641E-003
         545  0.83001008627684481        1.7146360739882093E-003
         546  0.83058433550619781        1.7225089414012640E-003
         547  0.83194046327968685        1.7187932027792052E-003
         548  0.83003286718864311        1.7138506350534036E-003
         549  0.82720850193911133        1.7099168982793742E-003
         550  0.82750321192696263        1.7138458871986811E-003
         551  0.83196930240471001        1.7207157837807409E-003
         552  0.83030303540816308        1.7086882214830295E-003
         553  0.82977386096642802        1.7083979540679676E-003
         554  0.83024647868836154        1.7083086447644308E-003
         555  0.82723676743744845        1.7034038180494789E-003
         556  0.82804527470152434        1.7088704789174321E-003
         557  0.82985359587097018        1.7058691384730558E-003
         558  0.82542836982275691        1.7005247289920246E-003
         559  0.82460411625156249        1.6954160574181823E-003
         560  0.82832356190667322        1.7014256378033365E-003
         561  0.82751203235114335        1.6999295401631987E-003
         562  0.82426033145135602        1.6919261307149689E-003
         563  0.82187465982692098        1.6908742108947379E-003
         564  0.82739018554250665        1.6970001170389913E-003
         565  0.82510301651104712        1.6925027511765522E-003
         566  0.82336439759477975        1.6881458225929727E-003
         567  0.82518375722888038        1.6887084146815507E-003
         568  0.82245059012617960        1.6874557095436144E-003
         569  0.82252183761764919        1.6859580736655110E-003
         570  0.82346490581821497        1.6831082990281466E-003
         571  0.82036716340737059        1.6786215867853002E-003
         572  0.82054330430150746        1.6794080502508214E-003
         573  0.82112441672718406        1.6819988887758429E-003
         574  0.82131805215866627        1.6825010628565484E-003
         575  0.82291067258661910        1.6839508724408618E-003
         576  0.81936522232947240        1.6791061634858157E-003
         577  0.81999294667211131        1.6753002664789424E-003
         578  0.81642716021351036        1.6703738321106217E-003
         579  0.81648273177693020        1.6748971497475744E-003
         580  0.81921482599400486        1.6741032853546485E-003
         581  0.81967476337522938        1.6725452995541986E-003
         582  0.81758838289321245        1.6722408993614737E-003
         583  0.81861757148160197        1.6733271083646431E-003
         584  0.81708531773790805        1.6646500614905745E-003
         585  0.81469714306306606        1.6648855578598487E-003
         586  0.81708926430048390        1.6683611742512269E-003
         587  0.82003239967321806        1.6675451116285661E-003
         588  0.81475205083007907        1.6578677124152101E-003
         589  0.81531508028425148        1.6556404836107299E-003
         590  0.81328090347468651        1.6562568994152058E-003
         591  0.81302402083868575        1.6542986979895308E-003
         592  0.81163282689191041        1.6539240249242601E-003
         593  0.81251723448715030        1.6504499692915327E-003
         594  0.81232984874995917        1.6506633332559661E-003
         595  0.81195174272610571        1.6541595007741562E-003
         596  0.80846155776209871        1.6384991960814634E-003
         597  0.81082675885540667        1.6455103309325385E-003
         598  0.80913717138124597        1.6440317202919455E-003
         599  0.81135490528412668        1.6488896916148964E-003
         600  0.80767328759033019        1.6424581126753533E-003
         601  0.80827984901069849        1.6393120452039588E-003
         602  0.80676439089698715        1.6365050935415947E-003
         603  0.80724410971437610        1.6361356989306815E-003
         604  0.80842507595234259        1.6359420530104361E-003
         605  0.80752639722292696        1.6381960094425695E-003
         606  0.80839550577868213        1.6339160093566368E-003
         607  0.80660097188136459        1.6302872530114319E-003
         608  0.80556479222246391        1.6287833821122500E-003
         609  0.80413237296114370        1.6239897116862370E-003
         610  0.80542605873719975        1.6252094469766266E-003
         611  0.80356755966255899        1.6241920694970719E-003
         612  0.80420128605749197        1.6192960731553191E-003
         613  0.80122681978121335        1.6197204130070028E-003
         614  0.79962501475322911        1.6157689672838180E-003
         615  0.80689226108920231        1.6263401454208032E-003
         616  0.80097226745126515        1.6136639189067718E-003
         617  0.80133627472483238        1.6138103199144029E-003
         618  0.80198984156069686        1.6178569433721486E-003
         619  0.80027296113599289        1.6080019065305223E-003
         620  0.79798414016432173        1.6069349532025598E-003
         621  0.79946408059675877        1.6101301696338087E-003
         622  0.79884651115532790        1.6067445710126950E-003
         623  0.79550769598082849        1.6017202917893172E-003
         624  0.79850924164714887        1.6000163851068617E-003
         625  0.79708010863045553        1.6004119578452373E-003
         626  0.79787384303958864        1.5942015251489887E-003
         627  0.79533392962717964        1.5957055834474451E-003
         628  0.79670222999841767        1.5973777246253407E-003
         629  0.79745746117239091        1.6014056720157928E-003
         630  0.79528888229244943        1.5941494666922875E-003
         631  0.79541052952147295        1.5942624889489011E-003
         632  0.79389951215571131        1.5896125831201973E-003
         633  0.79355703376040454        1.5906159847898942E-003
         634  0.79374029960210302        1.5906288707395674E-003
         635  0.79306617431338577        1.5859885983438005E-003
         636  0.79184579738715055        1.5810346145703348E-003
         637  0.78867968657851395        1.5739401766864528E-003
         638  0.79247363682332195        1.5799067507121824E-003
         639  0.78953139472161249        1.5728817842199135E-003
         640  0.79134391979396124        1.5768369613096160E-003
         641  0.78991347912526899        1.5765086836921807E-003
         642  0.79059841017354049        1.5728692329218350E-003
         643  0.78906812410840033        1.5826113217163762E-003
         644  0.78930083288873987        1.5713106831155644E-003
         645  0.78959442102297950        1.5758121511553873E-003
         646  0.78671211157878251        1.5683515775078917E-003
         647  0.78988584223640679        1.5721408958008166E-003
         648  0.78817170950981874        1.5739259072683938E-003
         649  0.78593672752138966        1.5654852044142871E-003
         650  0.78342306555864272        1.5616049293364755E-003
         651  0.78388022758100173        1.5663858388805067E-003
         652  0.78236841890858444        1.5582045862834392E-003
         653  0.78687057158153617        1.5624020598522749E-003
         654  0.78239323955451645        1.5553983188153445E-003
         655  0.78141084523357174        1.5563700778031581E-003
         656  0.78243908717913302        1.5558546540726389E-003
         657  0.78311287121635220        1.5509009129622226E-003
         658  0.78338471053453251        1.5532946742641929E-003
         659  0.78174506701863711        1.5509107440803043E-003
         660  0.78225454221162039        1.5546009028502921E-003
         661  0.77951565436537906        1.5470577601122276E-003
         662  0.77927794212592127        1.5472829718584913E-003
         663  0.77863252974218222        1.5445414735643049E-003
         664  0.77653090676492620        1.5411643560665801E-003
         665  0.77729047062456491        1.5390602488314230E-003
         666  0.77776383417407746        1.5377759827464354E-003
         667  0.77586232651225029        1.5361538964077583E-003
         668  0.77622646531101047        1.5376147534363006E-003
         669  0.77613577294829372        1.5390173956954236E-003
         670  0.77644150372708842        1.5308540295104591E-003
         671  0.77460609294812099        1.5309423242482370E-003
         672  0.77382556209435516        1.5238739993051603E-003
         673  0.77524391213740873        1.5321692545307017E-003
         674  0.77313880548169189        1.5229908307133435E-003
         675  0.77205021658970963        1.5214176293292291E-003
         676  0.77282141483704070        1.5208647542998982E-003
         677  0.77261831702289896        1.5235284856610853E-003
         678  0.77235920075875086        1.5271270273657261E-003
         679  0.77223147366094491        1.5217538426391482E-003
         680  0.77019795977439309        1.5164762429468205E-003
         681  0.77008958610186184        1.5135025064388883E-003
         682  0.76955225280653239        1.5147176576615858E-003
         683  0.76679139210448299        1.5045891562393487E-003
         684  0.76893561079523320        1.5093518420191893E-003
         685  0.76794712970223611        1.5120511683733545E-003
         686  0.76803346491019098        1.5042140282940943E-003
         687  0.76687971615868067        1.5042588100677248E-003
         688  0.76510656315942294        1.4994598000208771E-003
         689  0.76662639392021881        1.5056861810572736E-003
         690  0.76650823683089298        1.5040995367017968E-003
         691  0.76437789924356658        1.4952071050897580E-003
         692  0.76592727186727105        1.5007343065603083E-003
         693  0.76350523724185426        1.4974839021251348E-003
         694  0.76310993300681718        1.4914704922833054E-003
         695  0.76515146695628844        1.4962652258997623E-003
         696  0.76289850115889213        1.4907610515260436E-003
         697  0.76181931111470980        1.4875650237002119E-003
         698  0.76220663864832483        1.4908444469042433E-003
         699  0.76112249766549045        1.4833651957939693E-003
         700  0.76095276026051217        1.4870817959361405E-003
         701  0.76234152316520543        1.4863978802757173E-003
         702  0.76143581745358624        1.4820038999630309E-003
         703  0.75883597693121385        1.4758173312100582E-003
         704  0.75938546056040956        1.4763355643809492E-003
         705  0.75698046638559313        1.4743507309178438E-003
         706  0.75692553183466404        1.4778427955034245E-003
         707  0.75493667899990347        1.4725960021703130E-003
         708  0.75553756210560064        1.4708776447397004E-003
         709  0.75530268997026317        1.4702539031565733E-003
         710  0.75665996722873086        1.4669208960557693E-003
         711  0.75546811107106293        1.4647052501338817E-003
         712  0.75705629431983523        1.4704541332814858E-003
         713  0.75480643132238012        1.4662613065407331E-003
         714  0.75462112947369075        1.4672489814249673E-003
         715  0.75340990084922355        1.4605548128187812E-003
         716  0.75468598101679829        1.4640855600333836E-003
         717  0.75219366699205947        1.4581280761088587E-003
         718  0.75056672622182030        1.4578750061156331E-003
         719  0.75037317129637682        1.4571481849812433E-003
         720  0.74667541103228874        1.4476120868234864E-003
         721  0.74959316087515493        1.4536740543984578E-003
         722  0.75093326222768197        1.4565989221263726E-003
         723  0.74642404558681963        1.4434486490858718E-003
         724  0.74959160234294231        1.4497984190750275E-003
         725  0.74573872920734763        1.4406552747408951E-003
         726  0.74472082851295052        1.4391018982236024E-003
         727  0.74392811979162021        1.4389858864989401E-003
         728  0.74626859189253103        1.4412279815202583E-003
         729  0.74589357390581379        1.4370491221929169E-003
         730  0.74638436930982144        1.4366533557430635E-003
         731  0.74367851940329122        1.4332639908835546E-003
         732  0.74368724236078831        1.4326696224969686E-003
         733  0.74264143673398797        1.4319253621675103E-003
         734  0.74195702503570604        1.4320504686790275E-003
         735  0.73956274209887840        1.4240700101038064E-003
         736  0.73978859587298740        1.4232897097060028E-003
         737  0.73975523640942120        1.4225380729600545E-003
         738  0.74030171244565968        1.4240152773864004E-003
         739  0.73580686080070246        1.4114946988329246E-003
         740  0.73798134286092498        1.4186402022331413E-003
         741  0.73782785543299423        1.4154903753859096E-003
         742  0.73517024567574585        1.4107417388693425E-003
         743  0.73842320355090407        1.4187174792344734E-003
         744  0.73853525137613019        1.4085090467833297E-003
         745  0.73691442781948424        1.4143219911020638E-003
         746  0.73701343978177003        1.4106816658250433E-003
         747  0.73714292816381222        1.4094599886192581E-003
         748  0.73525206353511063        1.4090119379992672E-003
         749  0.73302913975280160        1.4069482272607873E-003
         750  0.73549883837389929        1.4089256803706532E-003
         751  0.73638006912749909        1.4045295200086783E-003
         752  0.73264659048415592        1.4010831644927942E-003
         753  0.73231869123340476        1.4009449142934028E-003
         754  0.73190116844739239        1.3972237840670914E-003
         755  0.73229475384869047        1.3979707884928107E-003
         756  0.73007178350976665        1.3960391752465768E-003
         757  0.72837855784240912        1.3889200022019872E-003
         758  0.73012782814555577        1.3899170655691817E-003
         759  0.73003955242231233        1.3925451330523693E-003
         760  0.72560469670508787        1.3770484693000375E-003
         761  0.72836707436636960        1.3850153526550593E-003
         762  0.72561571544933090        1.3821573543377368E-003
         763  0.72346972153465194        1.3749772668692722E-003
         764  0.72620360603302481        1.3826309617084702E-003
         765  0.72472143082329199        1.3747973000565914E-003
         766  0.72321424758961050        1.3748369119017290E-003
         767  0.72491978575702998        1.3788870808985334E-003
         768  0.71865723706165163        1.3623560867655770E-003
         769  0.72108689275247850        1.3700890013662909E-003
         770  0.71986177530425777        1.3635806010045817E-003
         771  0.72038519838589454        1.3688561901926603E-003
         772  0.72065699656891935        1.3676948719805132E-003
         773  0.71872527597553026        1.3633046303959076E-003
         774  0.71941917587100501        1.3620779030812235E-003
         775  0.71858205959114985        1.3608410250620601E-003
         776  0.71751200651739455        1.3573762209771652E-003
         777  0.71724417191992618        1.3539742741682577E-003
         778  0.71886976521285417        1.3596034138512107E-003
         779  0.71589487342460678        1.3538081078540932E-003
         780  0.71547345343077529        1.3488826228442560E-003
         781  0.71458224411998439        1.3459316976050829E-003
         782  0.71257922859793277        1.3441192118515543E-003
         783  0.71490953703945104        1.3499920494453475E-003
         784  0.70921989958113485        1.3363246293512918E-003
         785  0.71240062497503609        1.3452715840968539E-003
         786  0.70913728058898229        1.3325314838533778E-003
         787  0.70908184707573585        1.3371567802150674E-003
         788  0.70794412792340333        1.3321021179153547E-003
         789  0.71000213357507846        1.3375992184895655E-003
         790  0.70577331411418076        1.3291354728256603E-003
         791  0.70602473338221472        1.3273507367602823E-003
         792  0.70690072474186239        1.3314890876431984E-003
         793  0.70375421067092303        1.3236456741140398E-003
         794  0.70597546099658193        1.3275425766467333E-003
         795  0.70677412657787120        1.3263146318355133E-003
         796  0.70262071019229733        1.3195574542471161E-003
         797  0.70384208405282644        1.3207122904737782E-003
         798  0.69999625609236238        1.3151090459215600E-003
         799  0.70429840648382258        1.3157006363348053E-003
         800  0.70044252752774439        1.3133313845700833E-003
