# Pos, Density, Err_Density
           1  0.60026807674618399  2.4803258800842214E-04
           2  0.60030997463848290  2.4803104500257394E-04
           3  0.60063621875464479  2.4798287976478104E-04
           4  0.60098050082940468  2.4796580934109604E-04
           5  0.60079846458284381  2.4797386653665679E-04
           6  0.60096802988275999  2.4795814771742049E-04
           7  0.60150042310195473  2.4792849150867758E-04
           8  0.60150795229911880  2.4791918769382043E-04
           9  0.60143064270318825  2.4790944455684586E-04
          10  0.60180328540892880  2.4792725507460900E-04
          11  0.60177248822919649  2.4788874325685530E-04
          12  0.60194258703752923  2.4788377735729920E-04
          13  0.60225487490782492  2.4781544281933293E-04
          14  0.60199474146604826  2.4783940994700177E-04
          15  0.60220349287350639  2.4783054069221576E-04
          16  0.60260726203188120  2.4780505709924545E-04
          17  0.60268858549646920  2.4775685416717267E-04
          18  0.60312560099740553  2.4773655804243873E-04
          19  0.60305291172231446  2.4777138202515086E-04
          20  0.60312398631296871  2.4779329950547327E-04
          21  0.60387169725652079  2.4771218945923766E-04
          22  0.60370570237943033  2.4769966813752820E-04
          23  0.60393681996312432  2.4769505129203863E-04
          24  0.60381098823061763  2.4773247768797795E-04
          25  0.60415987565933404  2.4766992584137162E-04
          26  0.60446392283451889  2.4762422963381039E-04
          27  0.60438469362635205  2.4764037671055623E-04
          28  0.60486335420494985  2.4756310013205056E-04
          29  0.60484160077902172  2.4759386068932054E-04
          30  0.60507707757685403  2.4762060426824389E-04
          31  0.60518893211182645  2.4757319654341350E-04
          32  0.60585375580173850  2.4755032015896480E-04
          33  0.60565481998099813  2.4761138314558173E-04
          34  0.60562037254346801  2.4755973257608384E-04
          35  0.60617098971536887  2.4749686670891844E-04
          36  0.60593704903673651  2.4752100055454112E-04
          37  0.60639792093314671  2.4754987439902889E-04
          38  0.60613932285766758  2.4743501891873762E-04
          39  0.60644090046237642  2.4747778503015228E-04
          40  0.60692136316451750  2.4741842448394903E-04
          41  0.60720533178421510  2.4746316424092377E-04
          42  0.60726774010601292  2.4744509308721030E-04
          43  0.60738633833595645  2.4740476978344619E-04
          44  0.60752542269555798  2.4738841296420062E-04
          45  0.60746630968568749  2.4740064752180337E-04
          46  0.60779459856336726  2.4732462299315787E-04
          47  0.60802316799191014  2.4732035747415399E-04
          48  0.60850362389515722  2.4730723805168150E-04
          49  0.60853802292889214  2.4728917048837123E-04
          50  0.60829397600699175  2.4727698576887863E-04
          51  0.60888886209680115  2.4726601695317481E-04
          52  0.60892466695703940  2.4729729589607544E-04
          53  0.60904413416032532  2.4722992281677147E-04
          54  0.60947987621817890  2.4723476677285689E-04
          55  0.60974194126039338  2.4722160594323558E-04
          56  0.60990037612290049  2.4722602323878180E-04
          57  0.60972485330404103  2.4717051221395805E-04
          58  0.61000962063616770  2.4711647149347699E-04
          59  0.61031666161346565  2.4715505635738533E-04
          60  0.61062464363864810  2.4710697193882481E-04
          61  0.61051302435718680  2.4706319799838440E-04
          62  0.61075124396847036  2.4709653672905658E-04
          63  0.61074680637939760  2.4703923938100320E-04
          64  0.61090871107297018  2.4701844375993169E-04
          65  0.61149053644028029  2.4705432470668685E-04
          66  0.61177955253635863  2.4705999856337808E-04
          67  0.61167435837147377  2.4701750958158015E-04
          68  0.61207010581759591  2.4703058139790717E-04
          69  0.61212256609864280  2.4696941737557728E-04
          70  0.61210225141998520  2.4690581792374626E-04
          71  0.61248477515972533  2.4696346553619596E-04
          72  0.61290150858188908  2.4690396133342257E-04
          73  0.61276834307328709  2.4691571492647311E-04
          74  0.61327024332747626  2.4683065004826735E-04
          75  0.61261535768287334  2.4681189684453157E-04
          76  0.61348586548105355  2.4687613735966139E-04
          77  0.61352127543236923  2.4682652799274394E-04
          78  0.61362664740780748  2.4682258256781561E-04
          79  0.61388757130828442  2.4675865654688936E-04
          80  0.61365466344319086  2.4677165303156590E-04
          81  0.61419140467378230  2.4674018163084910E-04
          82  0.61449012776710632  2.4678549889726526E-04
          83  0.61489783932524134  2.4672975308920119E-04
          84  0.61468235118564507  2.4673286165141346E-04
          85  0.61480825597459376  2.4665719944475678E-04
          86  0.61505375972249843  2.4665106408395247E-04
          87  0.61552153872181214  2.4660969272266331E-04
          88  0.61558874681118236  2.4665891320108113E-04
          89  0.61560178860399484  2.4660887779462480E-04
          90  0.61599534779012977  2.4662504579702209E-04
          91  0.61609725589540720  2.4651563155457680E-04
          92  0.61645690828738697  2.4653859742433817E-04
          93  0.61630831436149736  2.4650574599002604E-04
          94  0.61656895051821214  2.4654469649298770E-04
          95  0.61674201342342372  2.4647027793401433E-04
          96  0.61671387871428174  2.4642295756672269E-04
          97  0.61725216023042528  2.4646957611964057E-04
          98  0.61743171669053754  2.4641015017552839E-04
          99  0.61756729366795693  2.4642846882443433E-04
         100  0.61770631517974772  2.4638397536277598E-04
         101  0.61765732895451009  2.4633772697976904E-04
         102  0.61804366228009999  2.4638806000590048E-04
         103  0.61824683432735872  2.4636590162432643E-04
         104  0.61834270572280159  2.4631758282036371E-04
         105  0.61865889790411288  2.4628667441781236E-04
         106  0.61896017963046601  2.4623290776656107E-04
         107  0.61944502048626748  2.4616790691593167E-04
         108  0.61929131257145076  2.4626437557864837E-04
         109  0.61949673178268205  2.4622000746674322E-04
         110  0.61961938060074861  2.4616572125691526E-04
         111  0.61943976487010088  2.4619488612515885E-04
         112  0.62000766734499424  2.4616256703760423E-04
         113  0.62021467924283380  2.4609364645993443E-04
         114  0.62088517097278528  2.4612876123247877E-04
         115  0.62054414279844949  2.4608281153425788E-04
         116  0.62083322042665612  2.4604052011500369E-04
         117  0.62095647773819462  2.4602898055379790E-04
         118  0.62092042281723070  2.4604874320964895E-04
         119  0.62157366628040556  2.4596600461545632E-04
         120  0.62168663701725335  2.4593936213252615E-04
         121  0.62188581976632284  2.4593390044519946E-04
         122  0.62173733102676954  2.4591769327235121E-04
         123  0.62239156937652096  2.4591301828443186E-04
         124  0.62202264960098241  2.4592468691954047E-04
         125  0.62261261592303552  2.4581140522047016E-04
         126  0.62312579551763669  2.4583883628994752E-04
         127  0.62268226579485753  2.4582277463089971E-04
         128  0.62295999141399960  2.4579024335405719E-04
         129  0.62328627565599237  2.4578892770752315E-04
         130  0.62335898294340386  2.4569219955062807E-04
         131  0.62334308881021527  2.4571831383854984E-04
         132  0.62386068870470002  2.4565962725497990E-04
         133  0.62382848764799448  2.4568596252121539E-04
         134  0.62432988054568694  2.4566765589103737E-04
         135  0.62424570359312026  2.4566726751185607E-04
         136  0.62493421488000456  2.4564073582764121E-04
         137  0.62466243572535141  2.4563074544717815E-04
         138  0.62494977702275756  2.4562474140646151E-04
         139  0.62537221043336821  2.4562396232099474E-04
         140  0.62515886698628176  2.4555292228608085E-04
         141  0.62564628469370576  2.4548756497851142E-04
         142  0.62605822189274352  2.4551486808202321E-04
         143  0.62567151409202082  2.4543471382250723E-04
         144  0.62622637215086197  2.4546418283232489E-04
         145  0.62643807776144456  2.4543379299616264E-04
         146  0.62673937265086666  2.4543139200087501E-04
         147  0.62653274364114886  2.4542602946847310E-04
         148  0.62671338748896965  2.4534069281065534E-04
         149  0.62727943453603729  2.4539354966948517E-04
         150  0.62743226494514115  2.4538246526235511E-04
         151  0.62762100930335962  2.4527871216096158E-04
         152  0.62783846452922787  2.4526175488532730E-04
         153  0.62783165769440097  2.4529883663136582E-04
         154  0.62821285888589951  2.4528429391613998E-04
         155  0.62842399121843595  2.4516637499989101E-04
         156  0.62842169859069796  2.4521420651900193E-04
         157  0.62913714075340144  2.4518905602701358E-04
         158  0.62905843060420708  2.4515954402315449E-04
         159  0.62892530672603875  2.4519079418322542E-04
         160  0.62949500730071872  2.4505381302726608E-04
         161  0.62936911565797260  2.4513275997504021E-04
         162  0.62992208863172849  2.4507608824241386E-04
         163  0.63019723817198092  2.4506042142949044E-04
         164  0.63000245789416964  2.4508043170670782E-04
         165  0.63056057336122850  2.4501663890095978E-04
         166  0.63065202404030962  2.4499647842702969E-04
         167  0.63093568042437298  2.4497263108535822E-04
         168  0.63135265772550186  2.4490475225077068E-04
         169  0.63112648296906582  2.4488349268299167E-04
         170  0.63122734242221912  2.4487083919799327E-04
         171  0.63140294989530754  2.4486684664482851E-04
         172  0.63162068632723067  2.4484280180483948E-04
         173  0.63197165665804622  2.4479261403834407E-04
         174  0.63225880528953693  2.4484625366137761E-04
         175  0.63244964831274675  2.4477755429577487E-04
         176  0.63276371685132593  2.4477906434075829E-04
         177  0.63280508596322227  2.4473992881158391E-04
         178  0.63329766876427940  2.4467508909443270E-04
         179  0.63315874766637581  2.4465628828489812E-04
         180  0.63396066709088750  2.4466071396925455E-04
         181  0.63374695864507880  2.4463369156131344E-04
         182  0.63365585828737958  2.4453229615704729E-04
         183  0.63381882005630752  2.4453888038502154E-04
         184  0.63433544132399522  2.4453595438738416E-04
         185  0.63440044265859008  2.4447879318570230E-04
         186  0.63479439814210559  2.4448417576411631E-04
         187  0.63495295600263646  2.4445990535129658E-04
         188  0.63505069508297785  2.4446064028126009E-04
         189  0.63510309703401746  2.4440444681377417E-04
         190  0.63517695746919123  2.4434189619737133E-04
         191  0.63559834619977529  2.4437189904440008E-04
         192  0.63606689564308061  2.4435683391194936E-04
         193  0.63614664632529083  2.4430686023069729E-04
         194  0.63606316953299491  2.4427790850785661E-04
         195  0.63655569791996069  2.4426640594805933E-04
         196  0.63680711657927314  2.4422155986868069E-04
         197  0.63676252049684512  2.4420234439792034E-04
         198  0.63717955572640161  2.4421229226950791E-04
         199  0.63737022956090328  2.4412665749071243E-04
         200  0.63734002033745019  2.4413936065278326E-04
         201  0.63785044851612305  2.4404880653136960E-04
         202  0.63810160628228985  2.4407943791381363E-04
         203  0.63841688007092101  2.4403829695867669E-04
         204  0.63862210273280196  2.4401880329661532E-04
         205  0.63834713361310513  2.4396977507498219E-04
         206  0.63864671120023775  2.4398507750090533E-04
         207  0.63914915788276716  2.4391981387967469E-04
         208  0.63936103732516314  2.4388137133130733E-04
         209  0.63957367428194734  2.4386365876880126E-04
         210  0.64045388110732460  2.4387887309223967E-04
         211  0.64001045273008561  2.4387702633974057E-04
         212  0.64033658493264700  2.4380277910300696E-04
         213  0.64051372732176548  2.4380026972433555E-04
         214  0.64066694776300681  2.4371649362297653E-04
         215  0.64068763188539335  2.4370991488321497E-04
         216  0.64111675587592232  2.4366416245632825E-04
         217  0.64102493400284932  2.4365580462965038E-04
         218  0.64134696166940197  2.4366390591416701E-04
         219  0.64151235669835405  2.4362281201717825E-04
         220  0.64184117109260108  2.4357886292028391E-04
         221  0.64250335832587258  2.4355229470669976E-04
         222  0.64188289523273667  2.4356784975248361E-04
         223  0.64260980370682608  2.4350458836819633E-04
         224  0.64236647754210940  2.4346372483290599E-04
         225  0.64281136970339015  2.4350987470631556E-04
         226  0.64334057487550145  2.4341563813555503E-04
         227  0.64335295531893510  2.4336764908653875E-04
         228  0.64334213342696178  2.4338313825039039E-04
         229  0.64363247389044753  2.4338953863335704E-04
         230  0.64412960178889311  2.4331423140405465E-04
         231  0.64406604661555034  2.4328697853975834E-04
         232  0.64447412077833455  2.4323940571653407E-04
         233  0.64465892464822161  2.4316107887448717E-04
         234  0.64473876885517434  2.4321850289750816E-04
         235  0.64551745077724620  2.4315083171695868E-04
         236  0.64543529317173742  2.4316789467361847E-04
         237  0.64512360332854835  2.4314547988840276E-04
         238  0.64578634471019269  2.4310347959357877E-04
         239  0.64583741731975353  2.4295256528141505E-04
         240  0.64636125942717082  2.4301278556954339E-04
         241  0.64625354485180642  2.4305316836296397E-04
         242  0.64661067960257979  2.4298034179891275E-04
         243  0.64695650545763583  2.4296364265093912E-04
         244  0.64725082059510453  2.4284415936933029E-04
         245  0.64706005299502767  2.4293668040098343E-04
         246  0.64745595856281002  2.4285047645689127E-04
         247  0.64765092403998070  2.4283879780525114E-04
         248  0.64783858510670134  2.4276838624076656E-04
         249  0.64854596394615860  2.4273395155921689E-04
         250  0.64849779759247339  2.4273329690698302E-04
         251  0.64838886499512494  2.4269305170275638E-04
         252  0.64904914144038195  2.4272208741479197E-04
         253  0.64951481503289343  2.4262528987033539E-04
         254  0.64952199982272851  2.4264514382949464E-04
         255  0.64923707285081500  2.4260975663354894E-04
         256  0.64966983005914336  2.4256661825425673E-04
         257  0.65024607985134542  2.4250220265811470E-04
         258  0.65007749497225831  2.4251863746725463E-04
         259  0.65053444589399900  2.4254536385409658E-04
         260  0.65082755520337887  2.4235725314295249E-04
         261  0.65071448269961718  2.4238529190566356E-04
         262  0.65111551691646719  2.4238823078625793E-04
         263  0.65070704850781069  2.4235321079486922E-04
         264  0.65137860102145562  2.4231246771117099E-04
         265  0.65176143886884819  2.4225812169234351E-04
         266  0.65179118493683486  2.4228484020932787E-04
         267  0.65259634469260830  2.4223468472072947E-04
         268  0.65221325500589411  2.4218179407181821E-04
         269  0.65264099602916714  2.4216223201243344E-04
         270  0.65298519218047391  2.4215371236108773E-04
         271  0.65347767473319796  2.4205669798540888E-04
         272  0.65313292711434623  2.4205876854444954E-04
         273  0.65388371604223050  2.4203972757039010E-04
         274  0.65388443355097348  2.4203083848157032E-04
         275  0.65391773091456196  2.4196458942730685E-04
         276  0.65443840603625003  2.4194005731005430E-04
         277  0.65461805780224092  2.4192078772587912E-04
         278  0.65469078535380132  2.4183295047766319E-04
         279  0.65505771936097734  2.4183174303712328E-04
         280  0.65519993702745172  2.4187331983354466E-04
         281  0.65553325545698293  2.4174414155566021E-04
         282  0.65587685519223249  2.4177003199474755E-04
         283  0.65629586223334535  2.4168400007313303E-04
         284  0.65596563983609202  2.4172853558439766E-04
         285  0.65687466879574508  2.4165240481305883E-04
         286  0.65629283109829573  2.4162669690727876E-04
         287  0.65688843642267369  2.4162836296184862E-04
         288  0.65727231965340283  2.4154539192462263E-04
         289  0.65744703622580536  2.4156145727318901E-04
         290  0.65750280950623508  2.4147078132286354E-04
         291  0.65782260037771145  2.4144862685986719E-04
         292  0.65800282185032322  2.4148264784926650E-04
         293  0.65822106898696864  2.4135176088664238E-04
         294  0.65874671478423807  2.4139431300579552E-04
         295  0.65888641947554083  2.4125789765421646E-04
         296  0.65891498214247057  2.4127359672959406E-04
         297  0.65947235830660034  2.4117554403482315E-04
         298  0.65959310768191293  2.4122025732716890E-04
         299  0.65993380507910815  2.4117649808017688E-04
         300  0.66013707292353119  2.4115479384543119E-04
         301  0.66008559321000926  2.4107997528493823E-04
         302  0.66037993893264679  2.4106689076861080E-04
         303  0.66088239818607841  2.4102207921941932E-04
         304  0.66109631149403170  2.4100933717819651E-04
         305  0.66121168970297284  2.4102220451531280E-04
         306  0.66148130869137467  2.4099499902525918E-04
         307  0.66195573687066611  2.4089257141884560E-04
         308  0.66182458805023514  2.4083234205070844E-04
         309  0.66229535897270508  2.4079626326873829E-04
         310  0.66238888153388320  2.4090823362668746E-04
         311  0.66262955809035951  2.4073903663061118E-04
         312  0.66313696591691451  2.4073950177350552E-04
         313  0.66332675297237165  2.4082589755122726E-04
         314  0.66356917702037843  2.4068298187338740E-04
         315  0.66391277628931256  2.4059945325083460E-04
         316  0.66390143295219706  2.4052437506131164E-04
         317  0.66427952166700088  2.4049384040875034E-04
         318  0.66432732572900532  2.4047652693729197E-04
         319  0.66470086688202890  2.4044318938441008E-04
         320  0.66485701011109144  2.4037959352005356E-04
         321  0.66514979463670887  2.4032116493658090E-04
         322  0.66549713621394024  2.4027048816935398E-04
         323  0.66546258199807717  2.4026052114584868E-04
         324  0.66629318053102204  2.4026397339947550E-04
         325  0.66592233261898437  2.4022687875324699E-04
         326  0.66612988852351629  2.4016005876942285E-04
         327  0.66685395428800187  2.4015776177751340E-04
         328  0.66703063217273550  2.4003566388409189E-04
         329  0.66724745175414979  2.3997674173784184E-04
         330  0.66749898676036179  2.3996757004125560E-04
         331  0.66762197771273013  2.3990979660528649E-04
         332  0.66769645342486927  2.3987382167373929E-04
         333  0.66814290773031892  2.3978015425637006E-04
         334  0.66824452338064277  2.3979705123133692E-04
         335  0.66882761201023799  2.3980580319031043E-04
         336  0.66885618305599259  2.3974249056272191E-04
         337  0.66897387159706379  2.3959640665072727E-04
         338  0.66932844152764748  2.3971968832998928E-04
         339  0.66972948005073130  2.3963345076104614E-04
         340  0.66978870448577910  2.3953762635085620E-04
         341  0.66999193583585404  2.3954327061709519E-04
         342  0.67046042390169303  2.3948075753996514E-04
         343  0.67071641776506430  2.3945767083287039E-04
         344  0.67082216096774394  2.3933183991460107E-04
         345  0.67108584692451723  2.3937875860504518E-04
         346  0.67148335055471164  2.3924232992985766E-04
         347  0.67140464524699661  2.3929345277924591E-04
         348  0.67167048480479263  2.3921276871493067E-04
         349  0.67206638904421834  2.3915981550672123E-04
         350  0.67242587486429917  2.3912668130980272E-04
         351  0.67278967197873818  2.3914876046015717E-04
         352  0.67328188866438021  2.3905666194793548E-04
         353  0.67341806634701418  2.3903377871804939E-04
         354  0.67347465498247960  2.3904746576764639E-04
         355  0.67376339175728639  2.3894240789980838E-04
         356  0.67382764926573602  2.3888511552556634E-04
         357  0.67428580797007631  2.3888912733904092E-04
         358  0.67449353089215702  2.3879061536655359E-04
         359  0.67487800676192455  2.3885696999986655E-04
         360  0.67491063232721593  2.3876484194153448E-04
         361  0.67544296399102643  2.3879020355586212E-04
         362  0.67590906062179656  2.3873418325317652E-04
         363  0.67584463181659038  2.3867298902645892E-04
         364  0.67621101960744345  2.3858653572936389E-04
         365  0.67653340568969644  2.3849804390322922E-04
         366  0.67658023993766125  2.3851233505752903E-04
         367  0.67697086706233034  2.3845767315185037E-04
         368  0.67719456153516810  2.3841909777515903E-04
         369  0.67747798460240805  2.3835201619679656E-04
         370  0.67757066692207457  2.3831263764485612E-04
         371  0.67799745243121878  2.3832744621340716E-04
         372  0.67835986925007419  2.3830001139188680E-04
         373  0.67881863509994034  2.3815820583226362E-04
         374  0.67898881628102925  2.3809982211594254E-04
         375  0.67949662108788811  2.3805810394072251E-04
         376  0.67918198314813660  2.3801905349300314E-04
         377  0.67977980832524310  2.3800746889981125E-04
         378  0.67991232899976473  2.3788392914240832E-04
         379  0.68058440914732565  2.3785907947809499E-04
         380  0.68025603054410100  2.3789594370428281E-04
         381  0.68052141696120116  2.3782472688703494E-04
         382  0.68084158483954837  2.3778126378396465E-04
         383  0.68080926274166687  2.3767793535702710E-04
         384  0.68140193136812832  2.3768532173816911E-04
         385  0.68162873196676821  2.3758752231700707E-04
         386  0.68208455047912986  2.3763329004462569E-04
         387  0.68239721763854333  2.3747925943914995E-04
         388  0.68297896579174522  2.3739057116573331E-04
         389  0.68306912350741600  2.3736292319276279E-04
         390  0.68303940854931433  2.3738638233077093E-04
         391  0.68325134351105110  2.3730856129580100E-04
         392  0.68380612660228401  2.3725487064644069E-04
         393  0.68372086082584504  2.3718493802287016E-04
         394  0.68462881382079310  2.3714495620518950E-04
         395  0.68477651655052418  2.3713242631781173E-04
         396  0.68472538792613347  2.3707222722290822E-04
         397  0.68475564565008251  2.3709032918654182E-04
         398  0.68564855305998285  2.3703808522293176E-04
         399  0.68563487385008315  2.3697148887252565E-04
         400  0.68618584552254269  2.3687309942906003E-04
         401  0.68590035888743717  2.3678485273414445E-04
         402  0.68638079488985004  2.3676243021696837E-04
         403  0.68678364677642745  2.3679114373147196E-04
         404  0.68707442886939862  2.3663964331360274E-04
         405  0.68725792299888155  2.3661162395859352E-04
         406  0.68775587968739793  2.3658728961558099E-04
         407  0.68770166747106687  2.3654540022728104E-04
         408  0.68817111369045103  2.3650186457689306E-04
         409  0.68850852244989047  2.3654807576362535E-04
         410  0.68887270220887920  2.3646065110349463E-04
         411  0.68919800248917951  2.3642734132588871E-04
         412  0.68911714218900799  2.3629753193543830E-04
         413  0.68932212182234376  2.3622270521703656E-04
         414  0.69017183874349652  2.3623276947274738E-04
         415  0.69027064468907628  2.3618808094037473E-04
         416  0.69034289921103287  2.3606555558764711E-04
         417  0.69109173192852547  2.3589823999945137E-04
         418  0.69109403361976895  2.3605271723129494E-04
         419  0.69159668103754213  2.3602561328976994E-04
         420  0.69166479469356190  2.3595067688913805E-04
         421  0.69235440797486170  2.3591554333467430E-04
         422  0.69258479375231496  2.3583040123479305E-04
         423  0.69247593179558187  2.3578395894645777E-04
         424  0.69301259498242374  2.3565911234730595E-04
         425  0.69324041794874569  2.3557291224694636E-04
         426  0.69367863868769175  2.3559152033026317E-04
         427  0.69350603538845323  2.3550001053163576E-04
         428  0.69413090612108241  2.3542231724406538E-04
         429  0.69450057027583800  2.3534144670334147E-04
         430  0.69423284273002905  2.3539121764166223E-04
         431  0.69464418864525646  2.3522053225107277E-04
         432  0.69476982288747868  2.3528741920246556E-04
         433  0.69542113893813684  2.3512712323973167E-04
         434  0.69591640369269459  2.3512530830625765E-04
         435  0.69637179259474402  2.3509542505596921E-04
         436  0.69638515685123425  2.3509506172178900E-04
         437  0.69699560813970440  2.3494309167892592E-04
         438  0.69669394429771703  2.3477662867795840E-04
         439  0.69692992535641840  2.3485374384923057E-04
         440  0.69756073215450387  2.3472905487913908E-04
         441  0.69795043369618348  2.3468188542873848E-04
         442  0.69816940168254638  2.3466137881360971E-04
         443  0.69806533678461646  2.3461521875248767E-04
         444  0.69876450051667571  2.3460921374495329E-04
         445  0.69882547787172433  2.3444274951621240E-04
         446  0.69952490356244712  2.3446148655466227E-04
         447  0.69976945754629549  2.3441292856587079E-04
         448  0.69981395802173330  2.3429045367942677E-04
         449  0.70020551370599649  2.3424787858474514E-04
         450  0.70040335668723519  2.3423301786732007E-04
         451  0.70091015462694617  2.3410282757697031E-04
         452  0.70142185004324109  2.3408929413423448E-04
         453  0.70134237387728582  2.3405117897976280E-04
         454  0.70194959449385674  2.3394356290259568E-04
         455  0.70205258589147879  2.3389382495283615E-04
         456  0.70231056835527750  2.3372157939720011E-04
         457  0.70275881833122988  2.3363825035539588E-04
         458  0.70288483567848581  2.3366236546332899E-04
         459  0.70329340769437665  2.3360901879908839E-04
         460  0.70347748225367412  2.3361807833309462E-04
         461  0.70442350897447159  2.3348825308592899E-04
         462  0.70435171095986659  2.3345775097772921E-04
         463  0.70451940886649644  2.3338886004157003E-04
         464  0.70501752650786254  2.3332989807381554E-04
         465  0.70526823745033995  2.3323893910265974E-04
         466  0.70556308006488822  2.3311612111166771E-04
         467  0.70604728760960211  2.3309168255113507E-04
         468  0.70639383131827205  2.3299127539619437E-04
         469  0.70645471145296401  2.3299022627239438E-04
         470  0.70676473882183166  2.3293596113376747E-04
         471  0.70714460042795924  2.3272903453621423E-04
         472  0.70705964486105533  2.3284459675182033E-04
         473  0.70753802632616858  2.3274938615998886E-04
         474  0.70843609450781897  2.3259194679068284E-04
         475  0.70881399418667912  2.3257681308431612E-04
         476  0.70875819970378662  2.3259088596153278E-04
         477  0.70924695271606142  2.3251296999174747E-04
         478  0.70951815653757877  2.3236630074201378E-04
         479  0.71039658231204594  2.3232251130546111E-04
         480  0.71033036176287712  2.3230630890293345E-04
         481  0.71040714338258903  2.3208217746083207E-04
         482  0.71056854112789991  2.3201429238316009E-04
         483  0.71076592716672216  2.3205493634526796E-04
         484  0.71145623030356164  2.3190119695339623E-04
         485  0.71159324136341351  2.3184021853769695E-04
         486  0.71178968866105607  2.3182186571261667E-04
         487  0.71227510945637618  2.3160717989643926E-04
         488  0.71251916411527827  2.3161904668347289E-04
         489  0.71340461932399102  2.3157362317243049E-04
         490  0.71357590229344814  2.3152239901109143E-04
         491  0.71373103209221211  2.3152113475963357E-04
         492  0.71436244421348583  2.3130588781913162E-04
         493  0.71441644068306398  2.3122049075244641E-04
         494  0.71456390035561812  2.3123491051656146E-04
         495  0.71537665368089620  2.3111620638079851E-04
         496  0.71551647079024328  2.3098542377965805E-04
         497  0.71553859809429532  2.3094233400344069E-04
         498  0.71604602952629481  2.3086641701899812E-04
         499  0.71624771798897080  2.3074176772779252E-04
         500  0.71648582641625691  2.3075361159060600E-04
         501  0.71728788148498046  2.3064177301477176E-04
         502  0.71782549356069381  2.3058111187843129E-04
         503  0.71750556876210425  2.3058488018506119E-04
         504  0.71824036096516986  2.3041536260866896E-04
         505  0.71834085512567236  2.3027361027024913E-04
         506  0.71871749339311974  2.3019656913767991E-04
         507  0.71904109606648126  2.3016742461184713E-04
         508  0.71933225869522177  2.3009125117324161E-04
         509  0.71986099219507005  2.2995701520180521E-04
         510  0.72003206127158892  2.2985382484842635E-04
         511  0.72060004183659299  2.2988259854728801E-04
         512  0.72088444084602510  2.2974345592886118E-04
         513  0.72119600379543103  2.2963977947678026E-04
         514  0.72141233256162729  2.2957926993103371E-04
         515  0.72182929332401025  2.2954290899795168E-04
         516  0.72244738055539726  2.2952955242437398E-04
         517  0.72274892592856477  2.2942508797358887E-04
         518  0.72280643359370289  2.2927439996197664E-04
         519  0.72337577879404580  2.2916635786019842E-04
         520  0.72386102389428864  2.2912230493763868E-04
         521  0.72373250416119161  2.2904476322691816E-04
         522  0.72453147348564162  2.2888107950160312E-04
         523  0.72464747409350938  2.2877724275768022E-04
         524  0.72525219688275644  2.2886351481710048E-04
         525  0.72534432804266225  2.2871983483326025E-04
         526  0.72549569968724437  2.2856155834678369E-04
         527  0.72589166117223547  2.2850924563652696E-04
         528  0.72658817602312531  2.2840666170959094E-04
         529  0.72699273783017082  2.2839517227041275E-04
         530  0.72712297437532403  2.2825300606278741E-04
         531  0.72779541457765906  2.2812355692994376E-04
         532  0.72770016167414009  2.2810905226550610E-04
         533  0.72838488547439562  2.2791250802312344E-04
         534  0.72852236114724278  2.2775537033299824E-04
         535  0.72900149140104420  2.2778889717845361E-04
         536  0.72950955970085651  2.2768078756373148E-04
         537  0.72969710676824884  2.2769379511511370E-04
         538  0.73016223273593894  2.2754391021391799E-04
         539  0.73081120595855087  2.2730193940697082E-04
         540  0.73086631610019082  2.2733333288469287E-04
         541  0.73152149088496610  2.2712641307984970E-04
         542  0.73150193235307037  2.2708610345377136E-04
         543  0.73220822346363168  2.2704172056115318E-04
         544  0.73276592574704824  2.2703787580100100E-04
         545  0.73235956704538319  2.2676204834454295E-04
         546  0.73307168308566528  2.2678622147508933E-04
         547  0.73372452954944656  2.2655180716655903E-04
         548  0.73394753706531080  2.2659926664401393E-04
         549  0.73444236535839169  2.2634253501723213E-04
         550  0.73462823113655529  2.2644518163113174E-04
         551  0.73514814476302748  2.2621003285213271E-04
         552  0.73548248616516620  2.2615902809339455E-04
         553  0.73613095727262212  2.2607288970551528E-04
         554  0.73633298662509561  2.2594242594431478E-04
         555  0.73673525179951638  2.2584430178184821E-04
         556  0.73697199963695648  2.2582923276742961E-04
         557  0.73734450838005972  2.2576725995818522E-04
         558  0.73774411608524226  2.2563533286569873E-04
         559  0.73829906480191732  2.2546848585106271E-04
         560  0.73852655852329008  2.2537174607473520E-04
         561  0.73906032968166235  2.2530769621056506E-04
         562  0.73981003961475200  2.2522002634751389E-04
         563  0.73996273983658034  2.2509129013346181E-04
         564  0.74011792016854960  2.2503428829718803E-04
         565  0.74081904437423451  2.2477813896380349E-04
         566  0.74089385147233111  2.2487368537543921E-04
         567  0.74096550028470709  2.2466216361024624E-04
         568  0.74157024199186861  2.2458376632389414E-04
         569  0.74179753129509229  2.2431451311689973E-04
         570  0.74250222932129828  2.2420817350602860E-04
         571  0.74297807560592455  2.2422846617044495E-04
         572  0.74371263637682838  2.2402337849634113E-04
         573  0.74384681856255308  2.2395324829012171E-04
         574  0.74414273367139749  2.2387958850219496E-04
         575  0.74475859798444577  2.2372423101160054E-04
         576  0.74455777244189247  2.2357762609302980E-04
         577  0.74545556433232452  2.2340850291928949E-04
         578  0.74597211847762446  2.2341805614779501E-04
         579  0.74593280043364396  2.2328108891021267E-04
         580  0.74686898361404708  2.2319021590514105E-04
         581  0.74712083992165534  2.2308593840084735E-04
         582  0.74738407961675624  2.2293072025662472E-04
         583  0.74800878523405734  2.2279836350542210E-04
         584  0.74875262621664684  2.2263283046115102E-04
         585  0.74875234723872064  2.2261524840420021E-04
         586  0.74918422089353953  2.2244868962172383E-04
         587  0.74946243047552552  2.2237736151827143E-04
         588  0.74980525198952497  2.2232263234000154E-04
         589  0.75056347013808522  2.2234307428452553E-04
         590  0.75064951365002908  2.2196303238352060E-04
         591  0.75125952335999258  2.2187461024636627E-04
         592  0.75157537687216458  2.2175857565670507E-04
         593  0.75219370441228517  2.2169594870721191E-04
         594  0.75259281639667275  2.2152521906266103E-04
         595  0.75316295016389945  2.2143554061966223E-04
         596  0.75328404294558937  2.2130300581954849E-04
         597  0.75376401674324600  2.2112996746140637E-04
         598  0.75405539135356603  2.2105164513389050E-04
         599  0.75459665221936945  2.2099367958418342E-04
         600  0.75519661203534560  2.2085369002222452E-04
         601  0.75570957358677093  2.2070712518704408E-04
         602  0.75581200639022594  2.2048948350859046E-04
         603  0.75660987178095696  2.2054104916327454E-04
         604  0.75714789325077025  2.2020785152577712E-04
         605  0.75740169391091072  2.2015765925725747E-04
         606  0.75813788128362425  2.1996914920027335E-04
         607  0.75805256165714885  2.1985737204334964E-04
         608  0.75840452080622789  2.1976898683378338E-04
         609  0.75874531144669033  2.1957903955933491E-04
         610  0.75984917788729511  2.1944785486704713E-04
         611  0.76013107409253533  2.1941811163656399E-04
         612  0.76044068313635560  2.1935782821546764E-04
         613  0.76096091188949455  2.1902304618985939E-04
         614  0.76113428573264119  2.1899043500519158E-04
         615  0.76230435563750965  2.1880857427683138E-04
         616  0.76229827210189638  2.1854255848448802E-04
         617  0.76275309821456927  2.1852956987675079E-04
         618  0.76333655053561311  2.1839182621783703E-04
         619  0.76374917305092505  2.1834070397239264E-04
         620  0.76416075822628871  2.1818285271552992E-04
         621  0.76442251774737457  2.1795007697360255E-04
         622  0.76514096526765085  2.1796772777041789E-04
         623  0.76589057313346531  2.1768033304983190E-04
         624  0.76625222205332233  2.1760794723347973E-04
         625  0.76677242103429200  2.1734347505916724E-04
         626  0.76682365717946943  2.1723849261816235E-04
         627  0.76720157733533434  2.1699658231908044E-04
         628  0.76784945078296574  2.1695613879812404E-04
         629  0.76836259653141514  2.1675404361080688E-04
         630  0.76904864954150765  2.1661860603649659E-04
         631  0.76897120527949137  2.1650946126900691E-04
         632  0.77009704771500354  2.1633257128382305E-04
         633  0.77024276969611571  2.1626756121683374E-04
         634  0.77067379267936775  2.1608636878813387E-04
         635  0.77104312117328688  2.1576799066113723E-04
         636  0.77140253895927613  2.1567202133016464E-04
         637  0.77238797072402232  2.1552493367845972E-04
         638  0.77272944068148486  2.1545053161441992E-04
         639  0.77294985171607700  2.1523311993864992E-04
         640  0.77344353481487338  2.1502508402347249E-04
         641  0.77413202572491835  2.1487598560715709E-04
         642  0.77503128608009797  2.1467701672604116E-04
         643  0.77514554245164113  2.1447665649350632E-04
         644  0.77539850373661134  2.1437059749968370E-04
         645  0.77615364043180757  2.1429940716088377E-04
         646  0.77665362948220973  2.1420220229260124E-04
         647  0.77667591829208826  2.1389214055471682E-04
         648  0.77771330787989801  2.1371705846854252E-04
         649  0.77818889628047361  2.1357240031304368E-04
         650  0.77888703560415251  2.1335966866968653E-04
         651  0.77963209255901222  2.1330722207431039E-04
         652  0.78000393152362302  2.1319429461963985E-04
         653  0.78024326633944208  2.1281771923544544E-04
         654  0.78059602951002105  2.1268553809220873E-04
         655  0.78185415612793518  2.1255988339444158E-04
         656  0.78187535132763530  2.1238849725641203E-04
         657  0.78239249219061624  2.1210748336456640E-04
         658  0.78291301948544356  2.1199635462287544E-04
         659  0.78348752516747289  2.1191177640720435E-04
         660  0.78395104142497218  2.1155987208301927E-04
         661  0.78439943229509401  2.1148274553091471E-04
         662  0.78494106253307305  2.1133506604363735E-04
         663  0.78558214950495731  2.1113516616692811E-04
         664  0.78602029427058984  2.1084476474984569E-04
         665  0.78652900987416241  2.1064056555460090E-04
         666  0.78723756719411586  2.1046186140915636E-04
         667  0.78771205903805253  2.1024173097355966E-04
         668  0.78861271570520985  2.1002068078619171E-04
         669  0.78833298587411682  2.0983308079575364E-04
         670  0.78963493547410835  2.0971884041288188E-04
         671  0.79022145633776619  2.0952517987105987E-04
         672  0.79011533661127109  2.0937377871405215E-04
         673  0.79102173687700628  2.0921282778295366E-04
         674  0.79157853256054245  2.0904917906581897E-04
         675  0.79193610050584773  2.0883361628309122E-04
         676  0.79262907789013459  2.0840290163899947E-04
         677  0.79313213845470243  2.0824560651722316E-04
         678  0.79427670813926465  2.0811061766728652E-04
         679  0.79468771638028302  2.0783260172007006E-04
         680  0.79533156647677039  2.0760331045053707E-04
         681  0.79580093412414687  2.0744269052233149E-04
         682  0.79601263004575440  2.0712177251048922E-04
         683  0.79671779984652424  2.0692084419287717E-04
         684  0.79750728851919372  2.0669682785961997E-04
         685  0.79775446913879411  2.0631737959593506E-04
         686  0.79873358797151439  2.0623754143137731E-04
         687  0.79913754292052852  2.0594122835513465E-04
         688  0.79970781474531016  2.0602344783295920E-04
         689  0.80052502211143128  2.0574372860699032E-04
         690  0.80107447095502904  2.0546709215598258E-04
         691  0.80151885008735513  2.0518616932413612E-04
         692  0.80243099806013851  2.0496402972212108E-04
         693  0.80259400516856272  2.0455155854182526E-04
         694  0.80354736140857974  2.0436768717139929E-04
         695  0.80415950673363623  2.0428046918070746E-04
         696  0.80459847405833951  2.0400968110374649E-04
         697  0.80534822895379199  2.0380938422572112E-04
         698  0.80565841337457278  2.0348174370735358E-04
         699  0.80672195889560927  2.0318456454752830E-04
         700  0.80713160530465500  2.0292734163261479E-04
         701  0.80769873013023608  2.0268514551439557E-04
         702  0.80865093572214830  2.0273100732570121E-04
         703  0.80894114587958688  2.0229659365074315E-04
         704  0.80944425837497125  2.0198785029401384E-04
         705  0.81006196267794894  2.0167435427663005E-04
         706  0.81114516658932634  2.0152648579080975E-04
         707  0.81142172549562408  2.0115993120500565E-04
         708  0.81268582411788715  2.0083372873566118E-04
         709  0.81257909194113176  2.0069735456654361E-04
         710  0.81399890204950565  2.0026915865023199E-04
         711  0.81436927942931070  1.9997201206649548E-04
         712  0.81497857027120524  1.9971689755050195E-04
         713  0.81556349445553944  1.9939175763378361E-04
         714  0.81643058932457691  1.9902714487943696E-04
         715  0.81702502666511168  1.9879729521747006E-04
         716  0.81793855626115031  1.9844792489158891E-04
         717  0.81842999652400350  1.9819269076631131E-04
         718  0.81913040074425680  1.9797739593933826E-04
         719  0.81972450617071224  1.9754644874114935E-04
         720  0.82048647359240945  1.9703108749720460E-04
         721  0.82126417086448356  1.9682912871751924E-04
         722  0.82156949484551967  1.9659872917482019E-04
         723  0.82235471713184227  1.9620580098730813E-04
         724  0.82348979195117389  1.9598173263911292E-04
         725  0.82409643028154311  1.9554170968298694E-04
         726  0.82475100751637198  1.9515557806640428E-04
         727  0.82552117457716712  1.9492215234170925E-04
         728  0.82632088100651857  1.9462021916521986E-04
         729  0.82688186332348368  1.9422587844683146E-04
         730  0.82757731848269722  1.9381081297078576E-04
         731  0.82851970108715955  1.9353816112486686E-04
         732  0.82903686102028729  1.9310168355338831E-04
         733  0.83007102805685851  1.9273509073468978E-04
         734  0.83041073061789039  1.9242869477532757E-04
         735  0.83172361477128443  1.9209528069582551E-04
         736  0.83238357512514838  1.9172187044709082E-04
         737  0.83311666426269526  1.9124836154921576E-04
         738  0.83404377558254539  1.9093078777533793E-04
         739  0.83496708602885772  1.9058416969110147E-04
         740  0.83562867056815660  1.9012289769720006E-04
         741  0.83585488202430125  1.8979958493019322E-04
         742  0.83677016617292421  1.8916071811367308E-04
         743  0.83770946040223315  1.8904350743844894E-04
         744  0.83865338875493467  1.8867752777534347E-04
         745  0.83957126509322189  1.8820836364547759E-04
         746  0.84014834676016958  1.8782111804180709E-04
         747  0.84116231189168089  1.8739647276439013E-04
         748  0.84181114181456784  1.8680675918863768E-04
         749  0.84268339613864107  1.8645837732106379E-04
         750  0.84337453704739418  1.8621711736132478E-04
         751  0.84432752462207672  1.8569873998835007E-04
         752  0.84510437716984121  1.8530713516354665E-04
         753  0.84604875911836508  1.8461607970484244E-04
         754  0.84733112219344675  1.8437484090793780E-04
         755  0.84781359480274376  1.8377844863867702E-04
         756  0.84941977543654956  1.8337716711656579E-04
         757  0.84988897972654864  1.8280822198422618E-04
         758  0.85073216901129545  1.8234380807889388E-04
         759  0.85143559231572519  1.8181793226558444E-04
         760  0.85266670494893126  1.8151316521270618E-04
         761  0.85333867531285079  1.8091914345390935E-04
         762  0.85441395276444354  1.8038686185754975E-04
         763  0.85584512916084676  1.7990757252741820E-04
         764  0.85626543709056513  1.7919737835765461E-04
         765  0.85747449688871036  1.7878431816178259E-04
         766  0.85807341856013097  1.7831504871312939E-04
         767  0.85918501734676600  1.7779067515750964E-04
         768  0.86053287383630106  1.7707063289242427E-04
         769  0.86104925766401530  1.7658406430765520E-04
         770  0.86254346332826393  1.7600133439372949E-04
         771  0.86333825403008901  1.7528299470044706E-04
         772  0.86410956799459826  1.7480524810707164E-04
         773  0.86538405387075590  1.7429640702211168E-04
         774  0.86649911554252468  1.7339597928374981E-04
         775  0.86748641639767887  1.7302125905593657E-04
         776  0.86811613747418825  1.7230888651710395E-04
         777  0.86936411670434888  1.7162521017838721E-04
         778  0.87055227352844633  1.7089076566463007E-04
         779  0.87169074357710674  1.7032385687004229E-04
         780  0.87294555037408716  1.6971396062952381E-04
         781  0.87398526746821870  1.6883476627556926E-04
         782  0.87482546548447826  1.6825813438712975E-04
         783  0.87632445140519000  1.6765002774413610E-04
         784  0.87753985730898276  1.6687499668581083E-04
         785  0.87871311868151991  1.6608861893765024E-04
         786  0.88001721601372962  1.6533134601908706E-04
         787  0.88118259071902016  1.6469222122372302E-04
         788  0.88233770641234921  1.6361813542686442E-04
         789  0.88347792242485146  1.6276398605846203E-04
         790  0.88442479215801939  1.6200821991205094E-04
         791  0.88612499652989407  1.6125272295320261E-04
         792  0.88738035539481963  1.6014397568025508E-04
         793  0.88871132501173566  1.5927080901409859E-04
         794  0.88974191609538367  1.5840939978216227E-04
         795  0.89114119080883536  1.5732698066814175E-04
         796  0.89294881986511709  1.5660692462830231E-04
         797  0.89413263068032645  1.5538315201442575E-04
         798  0.89570531356347349  1.5462065664567092E-04
         799  0.89702671420835156  1.5357971796675494E-04
         800  0.89850363046383119  1.5276579899430772E-04
