 # Pos, Temperature
           1   6.0106699963865271     
           2   5.9991543607894613     
           3   5.9909401819543220     
           4   5.9925328557393884     
           5   5.9898349638737800     
           6   5.9857162885231316     
           7   5.9839926267051462     
           8   5.9743445688227030     
           9   5.9772314198395096     
          10   5.9726284121466593     
          11   5.9646081255208427     
          12   5.9663995169711237     
          13   5.9572173434096305     
          14   5.9464864630960879     
          15   5.9532714034873004     
          16   5.9440779659109007     
          17   5.9450323162044736     
          18   5.9408782323680542     
          19   5.9334300493329470     
          20   5.9286386893029164     
          21   5.9215363231658511     
          22   5.9134868233045292     
          23   5.9096300567151001     
          24   5.9105998121018875     
          25   5.9077645657939515     
          26   5.8970896655135663     
          27   5.8999433217482133     
          28   5.8936797421305576     
          29   5.8913723129964390     
          30   5.8834607786555608     
          31   5.8814300928788370     
          32   5.8783083199855639     
          33   5.8782028646949369     
          34   5.8730971572173418     
          35   5.8646012718478930     
          36   5.8616029175913127     
          37   5.8571167435082963     
          38   5.8560739318524773     
          39   5.8397549639248538     
          40   5.8451848742730439     
          41   5.8407420509758845     
          42   5.8305174018078745     
          43   5.8384724911795338     
          44   5.8253532040250802     
          45   5.8299722964826168     
          46   5.8184745533977225     
          47   5.8142229174820343     
          48   5.8092870600558424     
          49   5.8048767335868083     
          50   5.7982272410628637     
          51   5.7973384656380151     
          52   5.7959764586170195     
          53   5.7938816477438113     
          54   5.7834934031665366     
          55   5.7843113604461269     
          56   5.7777151789871697     
          57   5.7760677873471922     
          58   5.7760743502675913     
          59   5.7645483010313638     
          60   5.7590875781842428     
          61   5.7523844992793869     
          62   5.7558001556055718     
          63   5.7522192034428077     
          64   5.7496620670982370     
          65   5.7383800308665656     
          66   5.7382523831894074     
          67   5.7299543697173290     
          68   5.7213007803320117     
          69   5.7231352475543131     
          70   5.7183141310063839     
          71   5.7115744247228433     
          72   5.7113459491467626     
          73   5.7050691812830747     
          74   5.7029986778549269     
          75   5.7026114276015862     
          76   5.6957981912880520     
          77   5.6982686281946231     
          78   5.6860364588365719     
          79   5.6829354643545376     
          80   5.6795499832710519     
          81   5.6740603345405081     
          82   5.6713468783848384     
          83   5.6595937558442149     
          84   5.6640878504656254     
          85   5.6517604962870589     
          86   5.6470831141860778     
          87   5.6487188732045333     
          88   5.6401483621749744     
          89   5.6448605533200249     
          90   5.6381900111832577     
          91   5.6308223565995936     
          92   5.6295655211970708     
          93   5.6174766130741380     
          94   5.6239780077251833     
          95   5.6062556657286597     
          96   5.6090429954477079     
          97   5.6089936949104846     
          98   5.6031399121895991     
          99   5.6015523336785105     
         100   5.5904572868347646     
         101   5.5874620122429679     
         102   5.5792494460457140     
         103   5.5770615161667152     
         104   5.5729506135395388     
         105   5.5689062192748766     
         106   5.5600757314603024     
         107   5.5692868100462309     
         108   5.5617715627116953     
         109   5.5530377498659318     
         110   5.5461981577712018     
         111   5.5489974656997267     
         112   5.5409468442827032     
         113   5.5340754843085209     
         114   5.5232796553160162     
         115   5.5230501182582490     
         116   5.5177963172336311     
         117   5.5177873050445854     
         118   5.5169765175884988     
         119   5.5077886597728325     
         120   5.5100488414675821     
         121   5.4986814974865279     
         122   5.4883618424224458     
         123   5.4975235793509301     
         124   5.4907970864804554     
         125   5.4804333808515464     
         126   5.4842875575127010     
         127   5.4803859200187404     
         128   5.4699871800734865     
         129   5.4605693194199301     
         130   5.4534990307722389     
         131   5.4583982038503249     
         132   5.4482737239778860     
         133   5.4443865990521001     
         134   5.4462028400138633     
         135   5.4457606386387862     
         136   5.4391866316149677     
         137   5.4284589216750669     
         138   5.4245834660053083     
         139   5.4206640733729365     
         140   5.4184318495804442     
         141   5.4135916696474355     
         142   5.4092570048647000     
         143   5.4001377046715016     
         144   5.3985486700099816     
         145   5.3968445228054023     
         146   5.3857801090536812     
         147   5.3855309840077163     
         148   5.3846080100383649     
         149   5.3748671829435350     
         150   5.3704802674124688     
         151   5.3671071161405539     
         152   5.3608428679573565     
         153   5.3568880099012146     
         154   5.3492931505931276     
         155   5.3468782489778315     
         156   5.3446820343541077     
         157   5.3360919536335194     
         158   5.3377421274583954     
         159   5.3263403464546739     
         160   5.3292642242559669     
         161   5.3284729290555948     
         162   5.3239420532163635     
         163   5.3116240391660652     
         164   5.3094541152914569     
         165   5.3016061908861509     
         166   5.2996811724459096     
         167   5.2966073392902180     
         168   5.2845243553614898     
         169   5.2787867380206466     
         170   5.2821346149563526     
         171   5.2789400811623279     
         172   5.2761039471727642     
         173   5.2665391090452358     
         174   5.2598200172438467     
         175   5.2614295616582325     
         176   5.2544667082300940     
         177   5.2510777401765525     
         178   5.2453244125234466     
         179   5.2380018749906752     
         180   5.2358310687543117     
         181   5.2308527906488056     
         182   5.2181534158633402     
         183   5.2241514883458429     
         184   5.2203610211637956     
         185   5.2114161318424506     
         186   5.2127063845764035     
         187   5.2048082494823644     
         188   5.1988145948551798     
         189   5.1918616898431731     
         190   5.1910387380501470     
         191   5.1903311172660480     
         192   5.1835059251073270     
         193   5.1732460122676587     
         194   5.1671417934831929     
         195   5.1642527938367770     
         196   5.1641691968495742     
         197   5.1586707167258226     
         198   5.1513089425124328     
         199   5.1544055847329515     
         200   5.1463273311548638     
         201   5.1373020312941717     
         202   5.1356191988221305     
         203   5.1268282216254795     
         204   5.1338410285192850     
         205   5.1239287537293645     
         206   5.1218977520156459     
         207   5.1143398386598298     
         208   5.1022946381399032     
         209   5.1042154160469115     
         210   5.1040192262819657     
         211   5.0932573421958658     
         212   5.0858517431165815     
         213   5.0861999892167722     
         214   5.0828730630345618     
         215   5.0718754117869027     
         216   5.0649062526126878     
         217   5.0706438202745074     
         218   5.0620695963922975     
         219   5.0552957713634665     
         220   5.0512912878549452     
         221   5.0455963861835071     
         222   5.0424877938011363     
         223   5.0450762389901342     
         224   5.0296140733675330     
         225   5.0292692595275970     
         226   5.0210883351849782     
         227   5.0217786955152821     
         228   5.0144315689322978     
         229   5.0079336875267373     
         230   5.0093028324429456     
         231   4.9989019520239291     
         232   5.0044714446180132     
         233   4.9921342723666351     
         234   4.9881272747983845     
         235   4.9913469262962105     
         236   4.9795426316563880     
         237   4.9745820919129056     
         238   4.9712648138284328     
         239   4.9631389297238897     
         240   4.9540645202827749     
         241   4.9495079875742709     
         242   4.9468127066527021     
         243   4.9428130008417712     
         244   4.9407884187741073     
         245   4.9375075168921487     
         246   4.9311734816528130     
         247   4.9257097279837678     
         248   4.9165523035986904     
         249   4.9206611037843624     
         250   4.9136511376925585     
         251   4.9070558466234724     
         252   4.9043515399106283     
         253   4.8974745628120218     
         254   4.8945866718095647     
         255   4.8916821886310338     
         256   4.8811618734139071     
         257   4.8813299809522661     
         258   4.8754074141248331     
         259   4.8720836004234886     
         260   4.8664021510953193     
         261   4.8599600167443784     
         262   4.8549427713941773     
         263   4.8473780390836048     
         264   4.8440503763128664     
         265   4.8391831637597367     
         266   4.8356151012109239     
         267   4.8294296715154426     
         268   4.8241529530940381     
         269   4.8223713987427441     
         270   4.8177768599950008     
         271   4.8161315516213232     
         272   4.8088305535422311     
         273   4.8056758244600868     
         274   4.7984425936085930     
         275   4.7934607894585932     
         276   4.7889392182423958     
         277   4.7782467838326825     
         278   4.7780374062624604     
         279   4.7720251883719600     
         280   4.7650655164414619     
         281   4.7647173416946060     
         282   4.7608222587315314     
         283   4.7555423475645453     
         284   4.7486509283803526     
         285   4.7452938620807679     
         286   4.7368549940707343     
         287   4.7318519358482174     
         288   4.7280122110629170     
         289   4.7211186273554508     
         290   4.7237655524809492     
         291   4.7125607027632768     
         292   4.7044644284580093     
         293   4.7062557758125916     
         294   4.7005992658560452     
         295   4.6900217747776320     
         296   4.6940258185923973     
         297   4.6804106107107026     
         298   4.6845485711577339     
         299   4.6730626007409990     
         300   4.6722723263936583     
         301   4.6658296895757001     
         302   4.6617464711499279     
         303   4.6583694886740918     
         304   4.6560569523199815     
         305   4.6443525327237056     
         306   4.6446445097684688     
         307   4.6329218795542317     
         308   4.6314174324318937     
         309   4.6278298194053198     
         310   4.6229677094136346     
         311   4.6217407267668795     
         312   4.6153722261594430     
         313   4.6046034525473196     
         314   4.5977797672768919     
         315   4.5938927363121627     
         316   4.5928353413655039     
         317   4.5828311312780663     
         318   4.5854451238816649     
         319   4.5787783624107385     
         320   4.5699116713039052     
         321   4.5683494801342945     
         322   4.5564877668601511     
         323   4.5522760877516770     
         324   4.5436779152417275     
         325   4.5480884327860380     
         326   4.5431388001181414     
         327   4.5345001916483119     
         328   4.5300746022250493     
         329   4.5254596528671360     
         330   4.5238419553654214     
         331   4.5215915097129225     
         332   4.5108517627906357     
         333   4.5039915180048089     
         334   4.5006165256184127     
         335   4.4939634141549467     
         336   4.4963707307345544     
         337   4.4874562125857098     
         338   4.4805693200220889     
         339   4.4736226275519098     
         340   4.4741267703905105     
         341   4.4634467182418760     
         342   4.4617769558578599     
         343   4.4546870535347880     
         344   4.4528921598634588     
         345   4.4464834437503411     
         346   4.4364553386538423     
         347   4.4355052492545282     
         348   4.4317101759322455     
         349   4.4282826261260455     
         350   4.4254320569786021     
         351   4.4168597068329296     
         352   4.4102352910369023     
         353   4.4054929233444096     
         354   4.3997197802550971     
         355   4.3945731936627688     
         356   4.3928372061280037     
         357   4.3855624119086825     
         358   4.3821160807763953     
         359   4.3806313801067764     
         360   4.3714456117567089     
         361   4.3648116531171350     
         362   4.3612728101979705     
         363   4.3611223678184592     
         364   4.3508395931023554     
         365   4.3463324925853186     
         366   4.3412321895994088     
         367   4.3346589773616220     
         368   4.3292696796781369     
         369   4.3240555701116907     
         370   4.3211111120215513     
         371   4.3170079288012975     
         372   4.3071599234204658     
         373   4.3022722953740145     
         374   4.2940745221545917     
         375   4.2934945652603549     
         376   4.2879419148031541     
         377   4.2852319966957779     
         378   4.2765929350777325     
         379   4.2700382682860756     
         380   4.2660712886019896     
         381   4.2685393566770848     
         382   4.2567316106025714     
         383   4.2531554925095802     
         384   4.2498023820653383     
         385   4.2433116025652611     
         386   4.2373987877057706     
         387   4.2314417554630497     
         388   4.2252363243996092     
         389   4.2103415986348196     
         390   4.2164071782609911     
         391   4.2090728355691009     
         392   4.1972385863554544     
         393   4.1969021355509000     
         394   4.1887497627008017     
         395   4.1843457601093617     
         396   4.1835256406414816     
         397   4.1785447411752124     
         398   4.1683503793095662     
         399   4.1690390746177810     
         400   4.1584788349653765     
         401   4.1542112290945212     
         402   4.1439678530061457     
         403   4.1447979664261494     
         404   4.1377266229343963     
         405   4.1309634683136602     
         406   4.1198313161253317     
         407   4.1223548421505241     
         408   4.1177170232378408     
         409   4.1112009024472842     
         410   4.1070488584631386     
         411   4.0991280288526246     
         412   4.0962291842341125     
         413   4.0923910023034527     
         414   4.0832360572963395     
         415   4.0847315221333611     
         416   4.0716375848327502     
         417   4.0688737141515166     
         418   4.0625076229702497     
         419   4.0527660472440141     
         420   4.0491219618853291     
         421   4.0489696078060105     
         422   4.0436747858593414     
         423   4.0326632361873118     
         424   4.0311868110626925     
         425   4.0220660482512161     
         426   4.0195524356295653     
         427   4.0143877992888806     
         428   4.0070552700177062     
         429   4.0008118337710661     
         430   3.9959398059594506     
         431   3.9904376566612814     
         432   3.9850696196957407     
         433   3.9789533383172837     
         434   3.9775890731125081     
         435   3.9656654827005751     
         436   3.9612169789636886     
         437   3.9583388283138032     
         438   3.9516235665099222     
         439   3.9423043763412204     
         440   3.9439642350889623     
         441   3.9371034920443702     
         442   3.9313596658016561     
         443   3.9227154336829759     
         444   3.9152538884498940     
         445   3.9151887222443733     
         446   3.9067484560400230     
         447   3.9036371402921741     
         448   3.8955747466005728     
         449   3.8893517123201358     
         450   3.8860852222187638     
         451   3.8788095389374591     
         452   3.8782013252776331     
         453   3.8644936531192426     
         454   3.8601405293638233     
         455   3.8548363902767924     
         456   3.8527043794338862     
         457   3.8436348677924963     
         458   3.8402850408429092     
         459   3.8355596167869797     
         460   3.8269566278560343     
         461   3.8274702279049140     
         462   3.8188477191804662     
         463   3.8123783701436937     
         464   3.8040645436064069     
         465   3.7988050604706922     
         466   3.7934351488574922     
         467   3.7856213361604478     
         468   3.7827368323682800     
         469   3.7802864726359680     
         470   3.7694862114331444     
         471   3.7653448033305099     
         472   3.7613612840369957     
         473   3.7516575949756295     
         474   3.7448677609706524     
         475   3.7402269906649543     
         476   3.7343801814839943     
         477   3.7321541610724989     
         478   3.7190023058416615     
         479   3.7174638721056015     
         480   3.7097833031063954     
         481   3.7045772140995719     
         482   3.7007417551189845     
         483   3.6944010818850241     
         484   3.6928646334295840     
         485   3.6822727657384458     
         486   3.6731984559893602     
         487   3.6714136275162566     
         488   3.6675392987311874     
         489   3.6587950362525890     
         490   3.6552732190116846     
         491   3.6505917200825384     
         492   3.6352006405008614     
         493   3.6347335321983039     
         494   3.6298883338555461     
         495   3.6243794771799345     
         496   3.6213241373805891     
         497   3.6154364777437058     
         498   3.6047316034580459     
         499   3.5968669515087019     
         500   3.5921554484980409     
         501   3.5850243913984983     
         502   3.5821520545591645     
         503   3.5766802430466518     
         504   3.5685017241820653     
         505   3.5604669037057786     
         506   3.5576011255733540     
         507   3.5544272264552799     
         508   3.5465147950546290     
         509   3.5390774340875222     
         510   3.5374469766598189     
         511   3.5236165032016773     
         512   3.5219121698341351     
         513   3.5153078906500999     
         514   3.5077568773306806     
         515   3.4998865134818202     
         516   3.4930739984133568     
         517   3.4917144418580062     
         518   3.4852795330096202     
         519   3.4762374493457715     
         520   3.4718191677096035     
         521   3.4643767548326911     
         522   3.4630154715995474     
         523   3.4567327976413171     
         524   3.4455951183672657     
         525   3.4392039132641665     
         526   3.4313691028067872     
         527   3.4275696187227713     
         528   3.4217617384209889     
         529   3.4133051671301322     
         530   3.4087438957680898     
         531   3.4035898432108658     
         532   3.3942830079328106     
         533   3.3922156296158974     
         534   3.3830093153186156     
         535   3.3760095273701860     
         536   3.3717090972509665     
         537   3.3651982941750767     
         538   3.3586027684398774     
         539   3.3517137015609322     
         540   3.3464526079531414     
         541   3.3415777325725649     
         542   3.3333602821014154     
         543   3.3274880100063804     
         544   3.3208263253724382     
         545   3.3182328471178124     
         546   3.3055318167042445     
         547   3.3038338964111880     
         548   3.2964838491715698     
         549   3.2899865843195815     
         550   3.2803652382067887     
         551   3.2743057523651355     
         552   3.2676855886047269     
         553   3.2626875634712893     
         554   3.2559548753218821     
         555   3.2524667022483555     
         556   3.2432316629012314     
         557   3.2383104253646944     
         558   3.2315586879605296     
         559   3.2245295823471469     
         560   3.2188274168024584     
         561   3.2130450294465973     
         562   3.2075626566547308     
         563   3.2030581988180655     
         564   3.1887549740648180     
         565   3.1871331259923661     
         566   3.1789812265636486     
         567   3.1751262254051293     
         568   3.1659270652932130     
         569   3.1596883111226610     
         570   3.1524870950171517     
         571   3.1450809651780771     
         572   3.1418042494479157     
         573   3.1350362946006709     
         574   3.1284703258417461     
         575   3.1188254203938999     
         576   3.1149007328769631     
         577   3.1039662423661221     
         578   3.1007926023354804     
         579   3.0917756981692128     
         580   3.0894994076392179     
         581   3.0826500872113503     
         582   3.0732851650266642     
         583   3.0639211467255558     
         584   3.0598855001337539     
         585   3.0516105287756123     
         586   3.0449053185506965     
         587   3.0372308233614826     
         588   3.0317528892596757     
         589   3.0246985654811840     
         590   3.0189870829819454     
         591   3.0125339765732924     
         592   3.0028281585025911     
         593   2.9956510636541585     
         594   2.9922124831992276     
         595   2.9823989067490011     
         596   2.9803181091850988     
         597   2.9708797848215518     
         598   2.9614227783832190     
         599   2.9542282082017306     
         600   2.9481389753483001     
         601   2.9409502631561799     
         602   2.9337115124617990     
         603   2.9251477985818566     
         604   2.9193213753312390     
         605   2.9145442732461411     
         606   2.9052853652005961     
         607   2.9014915315139427     
         608   2.8908656862614865     
         609   2.8835867446285071     
         610   2.8760027430921986     
         611   2.8689846827508410     
         612   2.8628547325358134     
         613   2.8545307253136416     
         614   2.8502527742422190     
         615   2.8414875776878810     
         616   2.8393209282785397     
         617   2.8286963589041352     
         618   2.8226297919606171     
         619   2.8147906297790506     
         620   2.8062319298322698     
         621   2.7975765218949937     
         622   2.7909495944897755     
         623   2.7864348824402625     
         624   2.7787292927286220     
         625   2.7713761877282810     
         626   2.7635921486558628     
         627   2.7534828314395901     
         628   2.7471207780039415     
         629   2.7386541187114450     
         630   2.7319298386409514     
         631   2.7239080827720237     
         632   2.7151829213772518     
         633   2.7076454219319599     
         634   2.7031992501600706     
         635   2.6959348650128705     
         636   2.6856130896785451     
         637   2.6789347312110823     
         638   2.6708217862745540     
         639   2.6603336667631736     
         640   2.6597504335092594     
         641   2.6477549471554016     
         642   2.6404684800296154     
         643   2.6353812670395711     
         644   2.6249255281283705     
         645   2.6198537555371431     
         646   2.6103363911156650     
         647   2.5984350713460849     
         648   2.5993489145466779     
         649   2.5870932544209397     
         650   2.5822572278303690     
         651   2.5730399921906248     
         652   2.5635887133673196     
         653   2.5548039267619789     
         654   2.5500715953060640     
         655   2.5433431126972432     
         656   2.5315987407869929     
         657   2.5274204122801778     
         658   2.5141018125903520     
         659   2.5113918776286459     
         660   2.5016801133709570     
         661   2.4893235036125945     
         662   2.4857539303961844     
         663   2.4776270820917512     
         664   2.4697545558566918     
         665   2.4619468421640396     
         666   2.4543770712617787     
         667   2.4448387531246492     
         668   2.4401774183606721     
         669   2.4281598695197761     
         670   2.4206038354940711     
         671   2.4147250314180120     
         672   2.4059697325888583     
         673   2.3982873356985830     
         674   2.3868207848177367     
         675   2.3802031145336389     
         676   2.3709048360779663     
         677   2.3637294718878277     
         678   2.3571152060590985     
         679   2.3471329749236736     
         680   2.3381621584804333     
         681   2.3311753493552052     
         682   2.3208294160119376     
         683   2.3158822521919489     
         684   2.3025453448316981     
         685   2.2962138908269702     
         686   2.2855664643759512     
         687   2.2791741148146936     
         688   2.2724530178152511     
         689   2.2622539086477929     
         690   2.2542664524187241     
         691   2.2438016888627561     
         692   2.2362061699312799     
         693   2.2282178750102939     
         694   2.2171676470783819     
         695   2.2096527825103207     
         696   2.2011253487301947     
         697   2.1926339205161600     
         698   2.1822991904399429     
         699   2.1742193609247931     
         700   2.1674955108425547     
         701   2.1569208391994028     
         702   2.1494263706542558     
         703   2.1390239749250211     
         704   2.1319554380957020     
         705   2.1206177924431273     
         706   2.1139475013721500     
         707   2.1033829287472150     
         708   2.0947480987416296     
         709   2.0871354311006791     
         710   2.0750233258893780     
         711   2.0665600625632141     
         712   2.0558144113775101     
         713   2.0478095394007836     
         714   2.0394215230285551     
         715   2.0304114489144638     
         716   2.0186517407365665     
         717   2.0106552943450735     
         718   2.0002727639246443     
         719   1.9904917604784291     
         720   1.9808583553678858     
         721   1.9731015087721222     
         722   1.9638604599969054     
         723   1.9550376253321000     
         724   1.9449715785920110     
         725   1.9337823555216709     
         726   1.9245194477332250     
         727   1.9122597204528768     
         728   1.9041908902620099     
         729   1.8952322404117214     
         730   1.8852893631285064     
         731   1.8736269555634848     
         732   1.8653531412205628     
         733   1.8558012235045438     
         734   1.8444783516377432     
         735   1.8331073449417286     
         736   1.8255265195257784     
         737   1.8142517891741801     
         738   1.8025752682231670     
         739   1.7927536628467100     
         740   1.7824704892820145     
         741   1.7718044740779206     
         742   1.7616209437342829     
         743   1.7512024281973440     
         744   1.7401310981152198     
         745   1.7307336522954220     
         746   1.7186551341747509     
         747   1.7100697082768226     
         748   1.6988092444954552     
         749   1.6866543483231720     
         750   1.6740125426991046     
         751   1.6649598467413760     
         752   1.6532689573391002     
         753   1.6422473194412419     
         754   1.6307936226334514     
         755   1.6203982898868274     
         756   1.6079190415817877     
         757   1.5965475745712661     
         758   1.5856234774826514     
         759   1.5732108885056291     
         760   1.5618735799460290     
         761   1.5493509562513204     
         762   1.5391064790319693     
         763   1.5270011952458780     
         764   1.5140754653155792     
         765   1.5025352341366258     
         766   1.4917702883968953     
         767   1.4782424134391083     
         768   1.4672880145880651     
         769   1.4544464368334520     
         770   1.4427389569752693     
         771   1.4286411716244647     
         772   1.4159156497766057     
         773   1.4042770894237286     
         774   1.3912446693959102     
         775   1.3788797846169254     
         776   1.3647390801561523     
         777   1.3522294070929426     
         778   1.3392471071167040     
         779   1.3269000005534961     
         780   1.3127659090700616     
         781   1.3000632138595543     
         782   1.2845542448537011     
         783   1.2719650057092002     
         784   1.2598212780965610     
         785   1.2448365744333023     
         786   1.2320528011652687     
         787   1.2164464922870737     
         788   1.2017446531524134     
         789   1.1875299626684928     
         790   1.1723038373121588     
         791   1.1575529879570625     
         792   1.1427149905853000     
         793   1.1270384287661763     
         794   1.1127137401262008     
         795   1.0968757736852657     
         796   1.0810382538212697     
         797   1.0657178549348618     
         798   1.0488718462434579     
         799   1.0333240459784012     
         800   1.0169106524809886     
