 # Pos, Correlation
           1  -1.6615058001190341E-004
           2  -8.1479400654377310E-004
           3  -5.3957618084482517E-004
           4  -8.5900649613335212E-004
           5  -7.6543312016658094E-004
           6  -7.7388035395598020E-004
           7  -6.6628839976207166E-004
           8  -6.2228568709093990E-004
           9  -1.4854434562755481E-004
          10  -3.8975956276027235E-004
          11  -5.3721546698393130E-004
          12  -6.3650707911949711E-004
          13  -1.1058958209392289E-004
          14  -1.3689139351574786E-004
          15  -1.8372240184411082E-004
          16  -1.3593825698993145E-004
          17  -6.4130340868534530E-004
          18  -1.5199284949435343E-004
          19   1.0004209399161468E-004
          20  -3.0977087745381882E-004
          21  -2.4601042682931284E-004
          22  -2.9988579268297455E-004
          23  -1.6538763533613388E-004
          24  -7.3259564247474263E-004
          25  -4.5074678762641041E-004
          26  -2.5573547888163572E-004
          27  -1.9505667757291345E-004
          28  -5.7829191701369576E-004
          29  -4.1814056811417810E-004
          30  -5.3431537775094906E-005
          31  -5.4303768887570270E-004
          32  -2.2729791195719162E-004
          33  -1.8630834027372201E-004
          34  -1.9765615704941952E-004
          35   2.1576238102322121E-004
          36  -6.1859751635928717E-004
          37  -6.6895908685310479E-004
          38  -4.2551512938732161E-004
          39   5.1226035098161926E-005
          40  -1.6547817668050024E-004
          41  -7.4940897679953711E-004
          42  -3.4029911362287724E-004
          43  -4.2905468322423923E-004
          44  -1.8584734384297086E-004
          45  -2.4413477989293497E-004
          46  -2.2380488845918922E-004
          47  -2.2142938280783619E-004
          48  -8.3864691106483313E-004
          49  -2.3471178762646261E-004
          50  -3.4383221594291857E-004
          51   2.0927483640692524E-004
          52  -5.8075312314098682E-004
          53  -1.4161860202266396E-004
          54   1.3206088042833075E-004
          55  -4.6907975014870429E-004
          56   1.6775020226061921E-004
          57  -4.6253643664490030E-004
          58  -3.8938429506246708E-004
          59  -1.8289606186794316E-004
          60  -3.4074781677567723E-004
          61  -2.2027990481848780E-004
          62  -6.9704854253394011E-005
          63  -6.3961010113028349E-004
          64  -3.8356717727561218E-005
          65  -2.8478770820944410E-004
          66  -3.5511204640098493E-004
          67  -3.7871330755501198E-004
          68  -1.0011916716240465E-004
          69  -3.4689189767994622E-004
          70   1.2195942296261419E-004
          71  -6.2893515764272934E-006
          72   9.1991314693673498E-005
          73  -6.7420362135633960E-004
          74  -2.8895285544339178E-005
          75  -9.2047947947648812E-004
          76  -3.9098122843550520E-004
          77  -3.6337840868533311E-004
          78  -3.7716632361689539E-004
          79  -1.2263012492563785E-004
          80   2.2712509815581150E-004
          81  -6.2419006989888892E-004
          82  -4.1651124182034982E-004
          83  -1.8692821237359381E-004
          84  -2.7905939916716971E-004
          85  -2.5782013384889613E-004
          86  -6.8635807406303151E-004
          87  -6.9912934414034789E-004
          88  -1.3733105889351949E-004
          89  -6.3827959547735347E-006
          90  -3.7533698393810155E-004
          91  -6.9794648869714315E-004
          92  -1.2406044318863385E-004
          93  -1.9595955978590762E-004
          94   2.0699030339077495E-005
          95  -5.3008329268294796E-004
          96  -3.7522926829269831E-004
          97  -2.8697703747765368E-004
          98   2.1058726055916965E-004
          99  -3.3379935603811139E-004
         100  -5.5094135633548813E-004
         101  -1.1122605591906698E-004
         102  -3.7214455680945058E-006
         103  -1.8530685008921743E-004
         104   1.6355403777512656E-004
         105  -1.2912488102312381E-004
         106  -3.3316214753115192E-004
         107   5.0247382510415495E-005
         108  -3.2660865556216612E-004
         109   5.6226499107692174E-005
         110  -9.7975773349356921E-006
         111  -1.5649823170732491E-004
         112   3.5033231707337631E-005
         113  -1.0722898572274042E-004
         114   4.7455023795384133E-005
         115  -6.8717266508033781E-005
         116  -6.3061986912527068E-005
         117   9.4683545508678080E-005
         118   3.6931137418205751E-004
         119  -1.2579969660914125E-004
         120  -2.0382670582980156E-004
         121  -9.0118648126136236E-005
         122  -2.3789864663892324E-005
         123  -2.3855208953005302E-004
         124   8.0527743902436555E-005
         125  -4.3975908536580954E-004
         126  -3.2943583878636273E-004
         127  -3.2333634741199546E-005
         128  -1.1886945865552390E-004
         129  -1.4713851576436676E-004
         130   9.9499025877414216E-005
         131  -1.6852004015466271E-004
         132  -1.8585362135636885E-004
         133   3.6269113176679024E-004
         134  -4.8383799524093218E-004
         135   2.1550999405151039E-005
         136   9.4912058298646240E-005
         137   5.8649036882807426E-004
         138  -2.8900743902438020E-004
         139  -3.9365317073175587E-004
         140   2.1302598453298849E-004
         141   7.2015764425947815E-005
         142  -8.1870910173531541E-007
         143  -1.1403435455087374E-004
         144  -5.1736015764425325E-004
         145  -1.7327722189175443E-004
         146  -1.4357840571088687E-004
         147  -4.1723361094586631E-004
         148  -2.5391129684709801E-004
         149   3.3058099345673053E-005
         150   4.2647501486969830E-006
         151   4.1292418352167903E-004
         152   1.0774428316473461E-004
         153   5.8003331350198195E-006
         154   3.8005972635313245E-005
         155   3.7011697798927656E-004
         156   2.3466812611533383E-004
         157  -2.1974118976797463E-004
         158   1.4951902141585593E-004
         159  -2.9594023646645207E-004
         160   6.1122064247465246E-005
         161  -3.3177555026797645E-005
         162  -1.9707295954785042E-004
         163   2.8092828078524201E-004
         164   5.3273587150459711E-005
         165  -1.0080709399162835E-004
         166  -1.7545100832833116E-004
         167  -4.7305152141585705E-004
         168  -1.3712419690670163E-005
         169  -3.3632518292681102E-004
         170  -7.7495140243893923E-004
         171  -5.3614175788219143E-004
         172  -2.2207157346820772E-004
         173  -3.8533911511007268E-004
         174  -5.0175180101130756E-004
         175  -1.1550259815584774E-004
         176  -2.4262817816772531E-004
         177  -4.0906526174888658E-004
         178  -1.8030244497319048E-004
         179  -1.5991940809040317E-004
         180  -5.7711712522307002E-004
         181  -1.8048837447948163E-004
         182  -1.7000923557408676E-004
         183  -4.2867273944086071E-004
         184  -1.7287790005948711E-004
         185   2.1541046996143010E-006
         186  -1.8155232599642579E-004
         187  -1.9049787031533150E-004
         188  -2.5817379238551874E-004
         189   1.4689955383728748E-005
         190   5.8407584770936438E-006
         191   4.2105560826888322E-004
         192   1.5920730220103652E-004
         193  -2.6018734384292141E-004
         194  -2.7777576442589158E-004
         195   6.2217249256391050E-004
         196  -3.6226820047591257E-004
         197  -1.8900679654931807E-005
         198   1.7994651695429909E-004
         199  -4.4446641582385205E-004
         200  -1.1246755056515401E-004
         201  -3.8788329863148618E-005
         202   3.0160671921475313E-004
         203  -8.3928822129708536E-005
         204  -2.4849180547292793E-004
         205  -1.4396562908980393E-004
         206  -1.6376787626415368E-004
         207  -2.2336228435504424E-005
         208  -1.1199918500892636E-004
         209  -3.0327311124178635E-005
         210  -3.3900719214741137E-004
         211  -2.7756483343244209E-004
         212   3.0968451219515192E-004
         213  -3.2354390243849451E-005
         214   1.8372310529446434E-004
         215   8.1561213563396961E-005
         216  -1.6488875669296021E-005
         217   1.6046618530640711E-004
         218  -3.8543871653773376E-004
         219  -8.2534651992816066E-005
         220  -1.5938399762038813E-004
         221  -3.1200704937561774E-005
         222  -2.9788347709702734E-004
         223  -1.8756171921374687E-005
         224  -8.4442012195040661E-005
         225   4.6848359756102020E-004
         226   5.4484540452093277E-005
         227  -2.3602224122554194E-004
         228  -2.8271527364731597E-005
         229  -5.2795731707355742E-005
         230  -1.0295121951209296E-004
         231   1.9364812611544213E-004
         232  -1.6916165229030611E-004
         233  -1.2426046995828166E-004
         234   3.4371296847124366E-004
         235  -2.1380478881627418E-004
         236  -1.9612203747765289E-004
         237  -2.4435689916713077E-004
         238  -2.7816725014873089E-004
         239  -8.8296699881085239E-005
         240  -4.1053291790593693E-004
         241   1.5835497620464434E-004
         242   7.9290481855842643E-006
         243  -3.2340121951213163E-004
         244  -2.3057774390256025E-004
         245  -2.0778932926823757E-004
         246   1.6722659131485074E-004
         247  -2.6839559785774014E-005
         248   7.9066381618031478E-005
         249  -2.9810637269489515E-004
         250   2.0226698393810416E-004
         251  -3.0345275431287178E-004
         252  -2.5835947650199032E-004
         253  -8.6730386674616078E-005
         254   2.1198073468176037E-004
         255  -3.9481445270672655E-004
         256  -2.0743107674003891E-004
         257  -2.6715738251037457E-004
         258  -2.5852578822149752E-005
         259  -1.4888920880418155E-004
         260  -3.8637653777506831E-004
         261  -5.7500864961335107E-004
         262   5.6533007138592772E-005
         263  -2.6045996133261529E-004
         264  -2.5631825996430546E-004
         265  -9.2198233194618062E-005
         266  -1.2047602617526465E-005
         267   2.0936844140395650E-004
         268   1.4768792385488894E-004
         269   2.4367043426565260E-005
         270   3.5266073022022226E-004
         271  -3.2400082986316914E-004
         272  -5.0381907495533618E-004
         273  -9.7974857227733914E-005
         274  -2.8095815288520232E-004
         275  -2.0058111689469360E-004
         276  -6.0463185603820691E-005
         277  -2.6696066924447592E-004
         278  -1.7194244943496972E-004
         279  -1.1042799821536775E-004
         280   1.4279601427746869E-005
         281  -5.5088640095179997E-004
         282  -2.8895803688278043E-004
         283   1.3779600832841687E-004
         284   1.3413452111843416E-004
         285  -3.1382672218915886E-004
         286  -3.3773753718158162E-005
         287   3.8782669541936876E-005
         288   2.6069769482384153E-005
         289  -2.5664565288530117E-004
         290  -3.2398208655570748E-004
         291  -6.8693634741157084E-005
         292  -3.6629387269471181E-004
         293  -1.0337801160031912E-004
         294   8.6218039857199891E-005
         295  -6.8449785841639965E-005
         296  -5.8919180249838998E-004
         297   5.3145704937529459E-005
         298  -2.5056683670432456E-004
         299  -3.2967696311725359E-004
         300  -1.6992688875672179E-004
         301  -2.0116571683526097E-004
         302   1.8587372100031807E-005
         303   6.8017006246257061E-005
         304   2.5170813503838652E-005
         305   3.3589340273654233E-004
         306  -1.9224607971435326E-004
         307  -1.6015971743010837E-004
         308  -7.9003704639979411E-005
         309   3.9547755651403449E-004
         310   9.3111872397466655E-005
         311   2.2108831052947142E-004
         312  -9.6739292087977269E-005
         313  -3.7557108863772726E-004
         314   3.1613560975607413E-004
         315   1.2494524390238571E-004
         316  -3.1030675490784088E-004
         317  -1.6150119125535323E-004
         318  -3.4499412105892802E-004
         319   1.3474943486024848E-004
         320  -3.5377370612721393E-004
         321  -1.7328126115323528E-005
         322  -5.2289928613835635E-005
         323  -2.9983264128496945E-004
         324   1.8495389649042515E-005
         325  -3.5562165377700516E-005
         326  -4.1157644258271731E-006
         327  -1.0864221148121356E-004
         328   2.2935633105292119E-004
         329  -3.1538066032121836E-004
         330  -2.8799696609072001E-005
         331  -1.5786387715632788E-004
         332  -1.3695659577628305E-004
         333  -6.5748854848335370E-005
         334   1.9970445568107120E-004
         335   1.6424714753127123E-004
         336  -2.0542063057704674E-004
         337  -1.6170460440212420E-004
         338   3.6415508625819992E-004
         339  -1.4545270672239319E-005
         340   2.1954258179646136E-004
         341   4.5377381618083579E-004
         342   1.1549847412251069E-004
         343   2.9062924152289948E-004
         344   3.2518356633093326E-005
         345  -2.4416345032718390E-004
         346  -3.6536016656751880E-004
         347  -3.4015134443787787E-004
         348  -3.3505330160554792E-005
         349  -7.8353848899537226E-005
         350   3.1934266508037989E-004
         351   2.0207149910755895E-004
         352  -7.6687388460561223E-006
         353  -1.8178325401552176E-004
         354   1.0689554134446499E-004
         355  -2.4748034503274674E-004
         356  -2.8370969660240775E-006
         357  -1.8838635633555700E-004
         358   3.1499074955365636E-005
         359  -1.5970213563354374E-004
         360  -1.1652281380136742E-004
         361  -7.9756945270736956E-005
         362  -6.4414274985125086E-004
         363  -2.4306449286137788E-004
         364   1.0600816032124705E-004
         365  -7.8629079417025238E-005
         366   7.0003417608432983E-005
         367  -9.7472474717363866E-005
         368  -1.1136239738240850E-004
         369  -1.7515328375972139E-004
         370  -9.3895838786384189E-005
         371  -5.3646191255252162E-005
         372  -6.1150385187502820E-005
         373  -8.8572537180198196E-005
         374  -1.3978604699582675E-004
         375  -4.5722148423565923E-004
         376   1.5153819155289128E-005
         377   4.9975895300424789E-005
         378   1.4560473527658324E-004
         379   5.7417356038069745E-004
         380   5.7664782867283826E-005
         381  -2.9963087447948400E-004
         382  -3.3930571683526978E-004
         383   9.1406912552050024E-005
         384   7.2967569898829687E-005
         385  -1.7850450178469313E-004
         386  -2.5732034503289647E-005
         387  -6.1445746579291693E-005
         388  -4.5179881915524689E-004
         389  -3.4398410172498117E-005
         390   2.9167223676374032E-004
         391  -2.3308036882807581E-004
         392   1.4913182629383570E-004
         393   3.2990126115406415E-004
         394   2.4041314842349060E-004
         395   1.8069194824510415E-004
         396  -2.7113355740626677E-004
         397   1.7475282569900941E-006
         398  -3.5170137269491253E-004
         399  -3.5521231112434215E-004
         400  -2.8247137418202506E-004
         401  -1.1910325401554012E-004
         402  -4.0554618381916097E-004
         403  -1.8559030636522422E-004
         404  -7.7722125223167460E-005
         405  -6.5667795954738040E-005
         406   3.9336493158792507E-005
         407  -6.4259773944086440E-004
         408  -3.7645449137424514E-005
         409   2.6084272754312021E-004
         410  -2.5294208060677725E-004
         411  -1.7523733491975335E-004
         412  -3.8547524092802377E-004
         413  -3.6818508328373412E-005
         414   3.1194776918497258E-004
         415   3.5433875074364352E-004
         416  -1.2499649018438141E-004
         417  -6.6481084176095440E-004
         418  -1.5615462522311496E-004
         419  -1.9820835812023319E-004
         420  -5.0944185008949816E-005
         421  -1.7994615556216065E-004
         422  -6.0019345627604359E-004
         423  -6.1884787626420579E-004
         424  -1.1865603807259539E-004
         425  -2.5255948839975062E-004
         426  -4.0507848750737097E-004
         427  -4.5918740630568333E-004
         428  -4.2287168352161952E-004
         429  -1.6686267102916652E-004
         430   3.7592665972630002E-004
         431  -1.0689841165978375E-004
         432  -3.1369926234392498E-004
         433  -3.1276210588959685E-005
         434  -1.1838810826891866E-004
         435   4.7478660618682778E-004
         436  -8.3082281380209011E-005
         437  -1.8459268292692066E-005
         438   4.9169756097589001E-005
         439  -7.6428554431906548E-006
         440   2.3741281082678700E-004
         441   1.6515305621656040E-004
         442  -2.0940646192746382E-004
         443  -2.5549921624035132E-004
         444  -3.9385477543130154E-004
         445  -1.9046303390846120E-004
         446   2.0794148720992833E-004
         447   3.3030219958352092E-004
         448  -6.5116307257584438E-005
         449  -2.2332011451520195E-004
         450   2.9173627305145722E-005
         451  -2.8395504015477080E-004
         452  -5.4328290303384819E-004
         453  -3.4199114812616394E-004
         454  -2.2646730666264769E-004
         455  -3.9118022010709019E-004
         456  -1.9800178465256835E-005
         457  -4.4054776621060832E-004
         458  -2.2085068440702571E-008
         459   1.6719207317061890E-004
         460  -4.8657243902439085E-004
         461  -2.8711405710890592E-004
         462   2.0097547590691711E-005
         463  -1.9068124182031188E-004
         464   1.3275262938727828E-004
         465  -6.3758322427109881E-005
         466  -1.8659971743006931E-004
         467  -4.1337485127912466E-005
         468  -2.6069719660926083E-004
         469  -2.0974273497920137E-004
         470  -5.0243502825697561E-004
         471  -2.2997769631172282E-004
         472  -3.0367961629973461E-004
         473  -3.3337356038065646E-004
         474   2.0045729922657518E-004
         475  -4.6684287923859369E-004
         476  -7.0571433670507666E-005
         477  -2.8237764425931289E-004
         478  -7.7127105889251979E-005
         479  -1.0306321534792051E-004
         480  -1.4426442891124491E-004
         481  -4.4108280785160048E-005
         482  -4.4444566329560065E-004
         483  -1.4182919095773183E-004
         484   6.8493283759685220E-005
         485  -3.3775530636526163E-004
         486   3.7376640392605687E-005
         487  -1.3648069303973109E-004
         488  -5.8848167757252767E-005
         489   2.8296306067820964E-004
         490  -3.0160475907192730E-004
         491  -1.0790362879231630E-004
         492  -2.2335449137411700E-004
         493  -3.1250525431292253E-004
         494   1.8260992415231048E-004
         495   2.7463547441997083E-004
         496  -3.5073310826894133E-004
         497  -2.0319645449140555E-004
         498   4.7807317073211841E-005
         499  -6.6351646341467063E-004
         500  -1.5958908090429880E-004
         501  -2.6830303688274437E-004
         502  -3.5887785246879744E-004
         503   6.3605713860770408E-005
         504  -2.4085945121943286E-004
         505  -2.2777286585362599E-004
         506  -3.3248204937541548E-004
         507  -6.5641693932183554E-004
         508  -5.1320939916721375E-004
         509  -4.1258441403935198E-004
         510  -1.1120165080313882E-004
         511   1.3659045359892819E-004
         512  -2.9715835812016422E-005
         513  -3.8187202855444191E-004
         514  -4.5693369571675468E-004
         515  -2.6558094289108602E-004
         516  -2.4502145746585491E-004
         517  -1.2416338786436221E-004
         518  -2.0104104402141054E-004
         519  -2.4369113027955525E-004
         520   5.3826734086936945E-005
         521  -2.5375725163589991E-004
         522  -2.2504692742408849E-004
         523   6.3521323616866354E-005
         524  -9.4571745984484146E-005
         525   9.6036342950633902E-005
         526  -4.3567067221894629E-004
         527   6.1858417609306215E-006
         528  -3.0049221891725875E-004
         529  -1.0339406305759358E-004
         530  -9.2409586555541878E-005
         531  -2.1908788072577678E-004
         532  -6.0006505353960016E-004
         533  -5.6028667459795400E-005
         534  -1.1097248066627152E-004
         535  -1.3576694824513069E-004
         536   5.2776632956552660E-005
         537  -2.1231381320652165E-004
         538  -1.9405684711482074E-004
         539  -4.9415590124923803E-004
         540  -5.6524368233201727E-004
         541   1.6163556811421564E-004
         542  -4.7264814991077042E-004
         543  -3.4655562165530895E-006
         544  -1.5396142177270811E-004
         545  -6.3596579416902443E-005
         546  -1.8503539559788784E-004
         547  -3.4699735276622068E-004
         548  -3.4976959250443418E-004
         549  -1.2392053093390754E-004
         550  -1.7923531380126256E-004
         551  -1.7972765466978124E-004
         552  -2.9926948245095897E-004
         553  -9.2062629387323902E-005
         554  -1.9224801903627853E-004
         555  -3.0225814396200867E-004
         556   2.5796109458631200E-005
         557   2.1880684116570848E-005
         558  -3.1340495538367819E-004
         559  -7.5071124330805539E-005
         560  -2.3418136823316615E-004
         561  -5.9514416418804394E-004
         562  -3.0373901100544387E-004
         563  -2.6903835514580088E-004
         564  -3.5739143367041759E-004
         565  -2.7053837001744796E-005
         566  -2.5789753866745091E-004
         567  -3.1855496728139254E-004
         568  -2.8119695419392965E-004
         569  -7.1592242712692489E-005
         570  -2.9541284949474722E-005
         571  -1.8754976948243129E-004
         572  -1.8894164187988061E-004
         573   3.6813331350382672E-004
         574  -4.1213012492558043E-004
         575  -6.5570981558571440E-005
         576   5.2059631171830212E-005
         577   1.4345941701365827E-004
         578  -2.8969810232004622E-004
         579  -1.0109707019634318E-004
         580  -2.0190282569898521E-004
         581  -1.5455095478877912E-004
         582  -5.5412695865564299E-004
         583  -1.5149924152302319E-004
         584   3.4291136228437047E-005
         585  -4.1954195121951532E-004
         586  -3.7879798780482421E-004
         587  -2.4409953896520342E-005
         588  -6.1744176085620772E-005
         589  -1.4998857822723366E-004
         590  -2.5028497917911618E-004
         591  -2.6373997174300445E-004
         592  -3.1180985127898797E-004
         593  -1.9606270077332510E-004
         594  -1.7751264872101213E-004
         595  -9.2861173408675945E-005
         596   8.0472135633558040E-005
         597  -2.4707060083295485E-004
         598  -5.3160199881019388E-004
         599  -2.2464589530035717E-004
         600  -2.0255056513929226E-005
         601  -5.2301977989333004E-005
         602  -1.0439311421772679E-004
         603  -6.1694465199291226E-004
         604  -3.2630757882212702E-004
         605  -4.1913288518746761E-004
         606  -3.1546766061874010E-004
         607  -1.1733379684708556E-004
         608   1.3542915229036723E-004
         609  -2.2039759964298522E-004
         610  -2.4232363027953951E-004
         611  -4.6968080606790696E-004
         612   1.0579563355150867E-004
         613  -5.8644521118367265E-005
         614  -3.1697261154073342E-004
         615  -3.4838496133249297E-004
         616   1.1133165972643244E-004
         617  -2.5672185603808906E-004
         618   2.6313480071427087E-005
         619   4.9532938727003817E-005
         620  -3.6722861392024519E-004
         621  -3.9263126115407498E-004
         622  -6.2214741225363746E-005
         623  -2.2494404521111733E-004
         624   3.4475103063658086E-004
         625  -7.7788544021406558E-005
         626  -3.3683475609769253E-004
         627  -1.3479024390239402E-004
         628   1.0064925639496902E-004
         629  -1.4740645449140555E-004
         630  -5.4183521713269123E-005
         631  -1.6638221296849665E-004
         632   6.0167620464013361E-005
         633  -5.7503001189784797E-005
         634  -4.1067361689517412E-005
         635  -1.9224914634152768E-004
         636   1.9967231707318511E-004
         637  -1.6223004907789385E-004
         638   1.6214031082684155E-004
         639  -2.3939729030342249E-004
         640  -2.5495499107663910E-004
         641  -3.7883068411659337E-004
         642   2.7802638310481242E-005
         643  -1.8629081499110800E-004
         644  -8.6860690065471147E-005
         645  -2.2605788964902285E-004
         646  -1.3475375520521915E-004
         647   1.8415374330749135E-004
         648   1.1351743753718058E-004
         649  -1.0113752974416634E-004
         650  -7.4534070493625926E-005
         651  -4.0032396192746234E-004
         652  -3.4352805472936954E-004
         653   1.9247736466332377E-005
         654  -3.3953327483648987E-004
         655   6.3007574360618435E-005
         656  -4.0632605591950366E-005
         657  -2.8139085663303476E-004
         658  -9.5933396787595271E-005
         659  -4.6427792980363591E-005
         660  -4.2136978584184082E-004
         661  -1.1080272754304676E-004
         662   9.4441856038018912E-005
         663  -2.1805901249227766E-005
         664   1.4879981707327516E-004
         665  -1.9605030487812591E-004
         666   1.6819136674595114E-004
         667   4.7817035990438406E-005
         668  -1.3706096073762275E-005
         669  -1.4758772456868741E-004
         670  -1.4971752230819035E-004
         671   1.0697323468167319E-004
         672  -8.8855413444388631E-005
         673  -1.5304399167159755E-004
         674   1.8429148423559916E-004
         675  -5.0112117786937915E-005
         676  -2.5858948245083280E-004
         677   3.5622606781682276E-004
         678   1.7051358863773292E-004
         679  -2.0706257138602968E-004
         680  -1.1138903926233290E-004
         681  -4.0786540749460087E-005
         682  -3.7232171475309883E-004
         683  -2.6112347263529401E-004
         684  -2.5325897828676336E-004
         685  -1.5842872694826760E-004
         686  -1.1247019631177579E-005
         687  -1.3665838191556645E-004
         688  -1.3616903628776988E-005
         689   4.6698170731662714E-005
         690   1.3522865853654586E-004
         691  -1.5935779298026365E-004
         692   1.0265994646041499E-004
         693   1.1250918798333398E-004
         694  -1.3124382212970076E-004
         695   8.3744286139220137E-005
         696  -2.6799877305183628E-004
         697   7.6433484533011686E-005
         698   2.6106887269561341E-005
         699  -3.0630599643066692E-004
         700  -3.3408060678175033E-004
         701  -2.5707265020824543E-004
         702  -6.3311731112403180E-005
         703   9.0623194527128526E-005
         704   3.8580043129177177E-005
         705   1.3885560975601674E-004
         706  -3.8883902439001972E-005
         707  -1.7752064247589239E-005
         708   7.6941513979855714E-005
         709  -7.1137638310569962E-005
         710   2.4232919095767969E-004
         711   1.7479082093974085E-004
         712  -1.1576427126713806E-004
         713  -1.9359617787029215E-004
         714   1.5003972337901406E-004
         715  -4.5486829268193141E-005
         716   2.1853463414633900E-004
         717  -4.7746871802489821E-004
         718  -4.5481778851874655E-004
         719  -2.9300977096968772E-005
         720   8.1094745687071423E-005
         721  -1.3394898572272051E-004
         722  -8.2475779297985774E-005
         723  -7.9706296847170677E-005
         724  -1.6049475312307493E-004
         725  -1.8007614515203052E-005
         726  -1.4799405116061592E-005
         727  -1.5167246728142736E-004
         728  -3.3480735276625317E-004
         729  -2.8555431290899769E-004
         730   1.1001038072577796E-004
         731   2.2451156603209288E-004
         732   1.7445374033320249E-004
         733  -4.4817980368816457E-005
         734  -4.9549428911332960E-005
         735   7.1709857227819640E-005
         736  -3.0841975609752215E-004
         737  -4.6228414634141846E-004
         738  -4.1180295954790225E-004
         739  -1.2786946757881168E-004
         740  -2.1918322427150194E-005
         741  -1.7038530636526161E-004
         742   2.1588408685313532E-004
         743   9.6719473527628885E-005
         744  -3.4226785693036721E-004
         745  -1.8971220999397520E-004
         746  -4.5172088042833014E-004
         747   1.7202812611538665E-004
         748  -1.7158853063647950E-004
         749  -1.9196063057702606E-004
         750  -1.3142571088631261E-004
         751  -4.8050062016646855E-004
         752  -1.5235980517547265E-004
         753  -3.2737079417022308E-004
         754  -7.0554228435459887E-004
         755  -8.3855312314140562E-005
         756   5.6971933373062278E-005
         757  -3.3878208209392469E-004
         758  -3.7666763830990213E-005
         759  -2.1044591017249648E-004
         760  -1.4692839083874087E-004
         761   9.9147218917239321E-005
         762  -5.5346567519376499E-005
         763   2.5289089232605200E-004
         764   6.8845389649130340E-005
         765  -3.0322373587154949E-004
         766   9.2872455383807839E-005
         767   1.0267644705530543E-004
         768   1.8187664485425081E-004
         769  -2.1849894110637091E-004
         770  -2.5447726055916053E-004
         771  -3.2989156751939142E-004
         772   1.0151300118976803E-004
         773  -2.4136651992856528E-004
         774  -2.5452187983343588E-004
         775  -2.7252999405114053E-004
         776  -2.6654590719799032E-004
         777  -2.2046881320647582E-004
         778   1.3089131469368187E-004
         779   2.2344059488399459E-004
         780   5.0449631171844977E-005
         781  -1.9526236466393954E-004
         782  -6.0658647531230958E-004
         783   3.0550173111232315E-004
         784   2.2047593694174417E-005
         785   2.1290733789403049E-004
         786  -2.6454478584181373E-004
         787  -9.9526036585362299E-005
         788  -1.5331042682931173E-004
         789   8.6132004759598146E-006
         790  -2.3858889946459794E-004
         791  -1.5732005353952250E-004
         792  -1.6025922070173060E-005
         793   1.4354753866741010E-004
         794  -1.7175371653777027E-004
         795   1.6986226502091473E-004
         796   1.1093297739450669E-004
         797   4.7263979774059273E-005
         798  -2.5268515764342858E-005
         799  -1.1262121207611386E-004
         800   4.2194188578226210E-004
         801   1.0068089827486304E-004
         802  -7.1510196311574958E-005
         803   1.8397425342053797E-004
         804   4.0158488994634922E-004
         805  -2.6306859012492634E-004
         806   3.9686602914934532E-004
         807  -1.5725164485425047E-004
         808   1.3059637120838019E-005
         809  -4.7126487209947499E-005
         810  -3.5292166864930863E-005
         811  -4.6820886674592277E-004
         812   2.8903101130284270E-004
         813   1.9509419988072985E-005
         814  -1.7927378048843146E-005
         815  -1.9134103658535739E-004
         816  -2.0689095330161944E-004
         817  -2.7418631320641484E-004
         818   2.8193136525878071E-004
         819  -2.0918218322429905E-004
         820  -3.7809476204642145E-004
         821  -4.0637508179663939E-004
         822  -2.7945274390239749E-004
         823   2.1702987804883556E-004
         824  -7.7471046995847281E-005
         825  -1.3049464604453220E-006
         826   1.8560125520528103E-004
         827   3.4628698393812662E-004
         828  -3.2402668054720696E-004
         829  -3.7395255800154459E-005
         830  -3.0347805770380987E-004
         831  -1.3382712671039521E-005
         832   6.5962635336092035E-005
         833   2.7181931885777999E-005
         834   6.7646685008915242E-005
         835  -4.3642489589434952E-005
         836  -1.9745538369919657E-006
         837  -1.1925589976202744E-004
         838   1.9672401844195164E-005
         839   1.1655394408083275E-004
         840  -1.5613559785832010E-004
         841  -9.3037656156980120E-005
         842   6.9131112433118425E-005
         843   2.9719246281967315E-004
         844  -1.3613909577636640E-004
         845  -8.3925330160661282E-005
         846   2.9006972040446222E-005
         847   8.0510797144550672E-005
         848  -1.9498828822128722E-004
         849  -3.1215076591306623E-004
         850  -3.5871188578229241E-004
         851  -2.8461787031530683E-004
         852  -1.3656466389055932E-004
         853  -6.2978851873896069E-005
         854  -7.4223869720335678E-005
         855   1.8949588042838084E-004
         856  -1.8246365853658020E-004
         857  -5.1471219512211341E-005
         858  -3.2401737061205083E-005
         859   2.7164842356652841E-006
         860  -4.4855080309269546E-005
         861  -1.3775060083276447E-004
         862   8.0337192147617031E-005
         863  -4.3668368530536128E-005
         864   3.9587437537180747E-005
         865   2.5271170136820231E-004
         866  -1.3464794765016830E-004
         867   5.3991909577666419E-005
         868  -1.2270710737660728E-004
         869  -8.6047360202234913E-005
         870  -3.3869370910211138E-005
         871  -1.5383242712663225E-004
         872  -2.4921695419388712E-004
         873  -3.3204973230216428E-004
         874   2.0278586555622091E-004
         875   8.3467123735858628E-005
         876   4.3149837894107534E-005
         877   1.6208054729349719E-005
         878   2.8091029149246438E-005
         879   5.1440743604969086E-005
         880  -1.7206541939318587E-004
         881  -4.5843609458695589E-005
         882   4.4041058893440344E-005
         883  -2.4696968471149550E-004
         884  -1.1360472932819832E-005
         885   2.9691469363490874E-005
         886  -9.3718024984923431E-006
         887  -3.5302587745389413E-004
         888  -1.5056174895944352E-005
         889  -4.5728444378345667E-004
         890  -4.0580874479478890E-004
         891  -9.9388979773906705E-005
         892  -1.0240050565146763E-004
         893   1.1279601427716113E-004
         894   3.7150261748997160E-005
         895  -2.9113786436640865E-004
         896  -1.7814180547293113E-004
         897  -1.1101170582994424E-004
         898  -3.4682216389048115E-004
         899   3.9354387269541213E-005
         900  -5.5213756692484850E-005
         901  -3.2940841612139060E-004
         902  -6.7403233194651690E-005
         903  -2.8687939916727245E-004
         904  -2.1115966686413579E-005
         905   4.9301243307708909E-005
         906   3.2853358120199516E-005
         907  -2.7390130874482832E-004
         908  -3.0033819155272923E-004
         909  -4.7476399464607688E-004
         910  -6.2458448840008174E-005
         911  -9.3221466389015184E-005
         912  -1.4736772754309069E-004
         913  -1.9247995240923021E-004
         914  -4.5241465794165769E-004
         915  -2.1561383700174908E-004
         916  -1.4177359309930360E-004
         917  -4.1990567519323285E-004
         918  -1.2988078524567293E-005
         919  -1.7489404669834840E-004
         920  -1.2163261302788886E-004
         921  -1.5063518887570293E-004
         922  -1.0376990035698697E-004
         923  -2.7258671029151138E-004
         924  -1.8055463414634598E-004
         925   2.5838719512227826E-005
         926  -2.8868970107076564E-004
         927   1.7753569303557981E-006
         928  -2.8546438132059926E-004
         929  -3.3477498364076208E-004
         930  -1.8369290303399399E-004
         931  -2.1687110648427321E-004
         932  -2.0939792236762678E-004
         933  -9.9569724866244158E-005
         934  -4.4470331647894490E-005
         935  -9.1386369720503069E-005
         936  -3.0782708209409204E-004
         937   7.8964369422895864E-005
         938  -1.6648945419395211E-004
         939  -2.3115267697793040E-004
         940  -1.0294773944086177E-004
         941  -3.6703257584769222E-004
         942  -2.3524916121364647E-004
         943  -4.6162839083874196E-005
         944  -2.3949540452039564E-005
         945   2.2078615853660111E-004
         946  -3.8249835365855578E-004
         947  -4.6013086258167579E-004
         948   3.6152754312901436E-005
         949  -1.3529286882807412E-004
         950  -3.4519393218324090E-004
         951  -5.1593361094615098E-005
         952  -2.2682270523499692E-004
         953  -2.1499076888753521E-004
         954   8.1559707019507321E-005
         955  -1.3987298929196701E-004
         956  -1.8697251338484211E-004
         957  -1.8230283610953801E-004
         958   1.2594889946426768E-005
         959  -5.7466971445574444E-004
         960   6.4224653480104976E-005
         961  -1.5804853807266372E-004
         962  -2.2673524538974199E-004
         963   1.8003596817361966E-004
         964  -2.8447035246881303E-004
         965  -1.2201314098758687E-004
         966  -2.7134889946545115E-005
         967  -2.0912775133830053E-005
         968  -3.5977046698398851E-004
         969  -2.0549466835217967E-004
         970  -1.9357380279594327E-004
         971  -2.8135988251032362E-004
         972   3.6426066329586781E-005
         973  -2.0443694229621556E-004
         974  -2.7848661511009620E-004
         975  -1.5275126710290188E-004
         976  -1.9439340273641470E-004
         977  -6.8927218917380628E-005
         978  -7.3125783759619978E-005
         979  -9.9777021118407916E-005
         980   8.5946638905376460E-005
         981  -3.8515116002380001E-004
         982  -3.5738392177275813E-004
         983   5.8734015466965772E-005
         984  -3.1889451516953216E-004
         985   1.4323691850082199E-004
         986  -6.8776634443712403E-005
         987   1.8697820493762674E-004
         988  -1.9601250743606080E-004
         989  -1.8343393515762862E-004
         990   1.2273067221890699E-004
         991   2.0755081499101991E-004
         992  -3.3848348007137208E-004
         993   1.2529277513384507E-004
         994  -1.2261631320631405E-004
         995  -1.2607409577625184E-004
         996  -8.5682016656707383E-005
         997   1.2505494646042337E-004
         998  -4.5421429654968204E-004
         999  -2.2486268887567107E-004
        1000  -1.9925825104105677E-004
        1001  -1.1264229625229660E-004
        1002   2.8003941106480301E-004
        1003   1.6231015764422985E-004
        1004  -5.4867605591812918E-005
        1005  -4.6991845627597506E-004
        1006   9.0465704937536806E-005
        1007  -2.6164240928028271E-004
        1008  -9.2723542534312031E-005
        1009  -1.9245725758476606E-004
        1010   9.5060041641947812E-005
        1011  -1.9841842653178787E-004
        1012  -2.7988202706707987E-004
        1013   2.1462287180251671E-004
        1014  -1.7463655859606408E-004
        1015  -8.2518753718008320E-005
        1016  -3.4514092801896101E-004
        1017  -1.3122765020823213E-004
        1018  -2.7793618084470673E-004
        1019   6.1485901250435404E-006
        1020   6.1669031826250276E-005
        1021  -1.0382492266514110E-004
        1022  -2.0272738845927840E-004
        1023  -4.0846660321236516E-004
        1024  -2.9970660321243514E-004
        1025   4.5735395597823469E-005
        1026  -2.3866013087447957E-004
        1027  -4.0213116745990707E-004
        1028  -5.5146895895297199E-004
        1029  -5.7527138607960104E-005
        1030  -5.1198163593102475E-004
        1031  -3.6904589530040166E-004
        1032  -1.2604805175497891E-004
        1033  -1.8902898572314975E-005
        1034  -5.7651493158838996E-005
        1035   2.4587792980368395E-004
        1036  -3.4419440809041468E-004
        1037  -2.2730536585369165E-004
        1038  -8.2959999999965284E-005
        1039  -2.9588004759073527E-004
        1040   1.6579103212288615E-005
        1041  -2.4465710291488030E-004
        1042   4.3268149910846709E-005
        1043  -4.6109634741220429E-004
        1044  -3.6179339678765743E-004
        1045  -3.2129170136829810E-004
        1046   1.3245284800711410E-004
        1047  -1.4784843099346912E-004
        1048  -1.6160208804283371E-004
        1049   4.6447037477803654E-005
        1050   1.2147843545529113E-005
        1051  -1.8581084176083618E-004
        1052   7.9452159428949898E-005
        1053  -1.5989558596074538E-004
        1054  -4.0709179060183232E-005
        1055  -1.2626476799526554E-004
        1056  -2.7261940809053531E-004
        1057   1.3184018441403378E-004
        1058  -3.4127856930399325E-004
        1059  -1.5102026323610129E-004
        1060  -3.5850137566917351E-004
        1061  -1.2490039857238067E-004
        1062  -4.8036132064244175E-004
        1063   1.3524000594844487E-005
        1064  -4.0170458506849638E-004
        1065  -1.2310947204052791E-004
        1066  -3.2607244794768953E-004
        1067  -2.0904899464602167E-004
        1068  -1.1571621653772013E-004
        1069  -1.1733319452711388E-004
        1070  -4.7574055621613098E-005
        1071  -1.4417077186190674E-004
        1072  -3.2234950475895641E-004
        1073  -1.8634215348001248E-004
        1074  -4.0221177870281011E-005
        1075  -2.9994059339666368E-004
        1076  -1.9328390838735388E-005
        1077   8.6159666864982221E-005
        1078  -3.3350322427128098E-004
        1079  -8.3247418203424850E-005
        1080  -3.5506419393205313E-004
        1081  -2.8848368976797101E-004
        1082  -6.5346757882167594E-005
        1083   1.1759238548481044E-004
        1084   1.5380035693124405E-005
        1085  -7.4157956573395190E-005
        1086  -1.7305024538960545E-004
        1087  -2.2765436793570348E-004
        1088  -1.6657016805465830E-004
        1089  -2.1149671624021149E-004
        1090   6.7183105294521539E-006
        1091   1.7667236763774241E-005
        1092  -2.2673724717425792E-004
        1093  -1.9285113027955880E-004
        1094   2.4086270672218912E-004
        1095  -2.8463494646047138E-004
        1096  -3.5523019928618282E-004
        1097  -8.8438044318794873E-005
        1098  -9.0705168054650009E-005
        1099  -1.7125132361683892E-004
        1100  -9.1834785841737876E-005
        1101  -2.8851611392033405E-004
        1102  -5.2825000000034095E-005
        1103  -4.3486585365848374E-004
        1104  -8.5861302795975369E-005
        1105  -9.8483323914266840E-005
        1106  -1.6440647233784134E-004
        1107  -6.8689875074245954E-005
        1108   1.0789815585954265E-004
        1109  -3.6905056514102696E-005
        1110  -1.2357822724573531E-005
        1111  -2.7155234979181486E-004
        1112  -4.0130252379533271E-004
        1113  -7.9453463712075845E-005
        1114  -3.1315093694239682E-004
        1115   7.8215645449075666E-005
        1116  -2.7606582391437318E-004
        1117  -4.7051778554429990E-004
        1118  -2.2895862433081060E-004
        1119  -3.2940843545503640E-004
        1120  -7.6809042236836156E-005
        1121  -6.5713117192278681E-005
        1122  -1.8062492563974963E-005
        1123  -4.0940162403335645E-004
        1124  -2.1401876412852072E-004
        1125   2.7671879833546242E-005
        1126  -4.8193863176682061E-004
        1127  -4.5456748958949689E-004
        1128  -3.0902679952404810E-004
        1129   1.8652143961916945E-004
        1130  -7.6690957763303480E-005
        1131  -1.5283313503977602E-005
        1132  -1.2679396192760706E-005
        1133   2.3690160618761169E-005
        1134  -1.4867478881619434E-004
        1135  -1.9565306365154633E-005
        1136  -5.0548491374169391E-004
        1137  -8.3571154074868481E-005
        1138  -1.8504098155869286E-004
        1139  -2.6116547442001092E-004
        1140  -7.0545356930407088E-004
        1141  -2.2258575252831481E-004
        1142  -2.5132266508032242E-004
        1143  -5.3793551457514965E-005
        1144  -1.5291254015470379E-004
        1145  -2.9224122248661111E-004
        1146  -2.1634897382505347E-004
        1147  -2.7063942593696932E-004
        1148  -7.8981900654362391E-005
        1149  -1.9825322724564831E-004
        1150  -4.9508163295630681E-005
        1151  -4.1837155413448901E-004
        1152   1.6840775877446923E-004
        1153  -1.9835922218902624E-004
        1154   1.0672597858407684E-004
        1155   5.8392807852358786E-005
        1156  -1.9331570642477924E-004
        1157  -7.4332510411334596E-006
        1158  -4.5677820939915570E-004
        1159  -1.7582130279591990E-004
        1160  -2.6906970255802243E-004
        1161  -4.6222036882803685E-004
        1162  -2.3182379535913178E-005
        1163  -2.2572965348011120E-004
        1164  -3.8538379684716073E-004
        1165   3.2482346817297447E-005
        1166   1.3796686496125865E-004
        1167  -5.2190749553870930E-005
        1168  -5.4559243902430055E-004
        1169  -2.4018390243907284E-004
        1170   1.0836293872695801E-004
        1171  -1.7434170136831906E-004
        1172  -8.0527019631126961E-005
        1173  -2.3008090421772209E-006
        1174  -1.8891350386684991E-005
        1175   3.2531790600920374E-005
        1176  -1.2177738845919883E-004
        1177  -4.3708168947054205E-004
        1178  -2.4712985127894882E-004
        1179  -3.7231468173704041E-004
        1180  -3.5465684711477596E-004
        1181  -2.2069971445570769E-004
        1182  -7.0018750743638947E-005
        1183   5.0751314693675553E-005
        1184  -1.1509206870907729E-004
        1185  -2.1967504461040122E-006
        1186  -2.2512665080309802E-004
        1187  -2.0601515764429035E-004
        1188  -4.3200761451478442E-005
        1189  -7.9287614515144433E-005
        1190  -1.9751876264129109E-004
        1191   1.5600202260546148E-005
        1192  -1.1492192444972904E-004
        1193  -2.7387807555023791E-004
        1194  -1.9193977840570309E-004
        1195  -1.2205566329559492E-004
        1196  -1.2630603212371305E-004
        1197   1.3305048185596746E-004
        1198  -8.2094399167176313E-005
        1199   2.4435101130260151E-005
        1200   9.6161864961308297E-005
        1201  -6.6261711778703436E-005
        1202   1.5118233194522102E-004
        1203   4.0952123735893409E-005
        1204   2.8989413444391321E-004
        1205   5.9000904223727169E-005
        1206  -1.0066699286137570E-004
        1207  -8.9677795954812289E-005
        1208   6.0529818560417503E-005
        1209  -1.7684309190946212E-004
        1210  -1.6267408834025332E-004
        1211  -3.1963400505652384E-004
        1212   1.3691206127308675E-004
        1213  -1.9646647828608366E-005
        1214  -2.0863059190912026E-005
        1215  -2.9913806216541605E-004
        1216  -2.1428995687089447E-004
        1217  -5.9605150951824726E-004
        1218  -2.5783165526471752E-004
        1219  -5.6683689768077805E-005
        1220  -1.6563080606779579E-004
        1221  -3.0998453301678275E-005
        1222  -9.2520047590749499E-005
        1223  -2.0347292385480831E-004
        1224   8.4017418203408134E-005
        1225  -1.2635595478882600E-004
        1226   2.6120840273646806E-005
        1227  -1.2932203599047565E-004
        1228  -1.4595709845333094E-004
        1229  -2.1288381023198966E-004
        1230  -1.0519273944076257E-004
        1231  -2.9915030933969078E-004
        1232  -2.7097272456877430E-004
        1233  -4.0089582093993936E-004
        1234  -1.3271424747174354E-004
        1235  -8.5550764425956771E-005
        1236  -2.0659257882305049E-005
        1237  -3.6422243456279979E-004
        1238  -2.3932827781081301E-004
        1239  -3.9581783462216968E-004
        1240  -5.0114348602026126E-005
        1241  -4.6095975609672379E-005
        1242  -6.0621152439022108E-004
        1243  -3.4260205681135858E-004
        1244   8.7970165080331064E-005
        1245  -2.3912482897081588E-004
        1246  -7.9526390541428960E-005
        1247  -2.2008085217128937E-004
        1248  -1.3330383700171922E-004
        1249  -4.6953301606178499E-004
        1250   1.4402938726953973E-004
        1251  -3.8844506246282773E-004
        1252   4.4249836406939913E-005
        1253  -2.8064868530641718E-004
        1254  -2.7915727543137425E-004
        1255  -9.2548704640149637E-005
        1256   3.3423520226061321E-005
        1257  -4.4130558447352808E-004
        1258  -2.9061944527064565E-004
        1259  -3.2233433521700050E-004
        1260  -1.8146117489592495E-004
        1261  -3.9824004164190629E-004
        1262  -1.8883245389655912E-004
        1263  -2.4853786436640490E-004
        1264  -1.9071228435452170E-004
        1265  -3.7193994646078643E-005
        1266   2.3192546103611988E-005
        1267  -1.4861409280186866E-004
        1268  -3.9469274836412271E-004
        1269   2.4616418798362183E-005
        1270   2.3622962522340529E-005
        1271   4.0020791195471972E-006
        1272   2.5598231707335550E-005
        1273   1.0444329268222141E-005
        1274   1.2968671177870927E-004
        1275  -2.7964136674596407E-004
        1276  -2.8348551160028990E-004
        1277  -2.1949498810236445E-004
        1278  -2.8623730666266223E-004
        1279  -1.5540161510996242E-004
        1280  -2.8103095478881901E-004
        1281  -1.0450678911366751E-004
        1282  -2.3226295359912719E-004
        1283  -2.1853129684712425E-004
        1284  -2.0290025282565516E-004
        1285  -2.2463347709722470E-005
        1286  -2.3364876561571268E-004
        1287  -2.3085312314097273E-004
        1288  -3.5124320642465623E-004
        1289   1.8281659875085676E-004
        1290  -5.0442419244489667E-004
        1291  -1.7704776026172819E-004
        1292   7.8761320642550814E-005
        1293  -2.3592108863779160E-004
        1294   3.9768738845924467E-005
        1295   5.0879535990477898E-005
        1296  -7.4600862581819527E-006
        1297   1.8560425342095677E-005
        1298   1.3392117787058844E-005
        1299  -2.6541151992864886E-004
        1300   1.4494115110053052E-004
        1301  -1.2418784949430606E-004
        1302  -9.8328582688766986E-005
        1303   4.2928640690109710E-005
        1304  -3.7317007138604197E-004
        1305  -2.7036726055917892E-004
        1306  -1.2620980963717887E-004
        1307  -4.1052552647236062E-004
        1308  -1.6848430547300453E-004
        1309   8.7013606484220851E-005
        1310  -5.0948250297444542E-004
        1311  -5.6091426234416986E-005
        1312  -2.0674516656749020E-004
        1313  -1.0393161213573254E-004
        1314  -2.6207162403335538E-004
        1315  -6.8891641879842425E-005
        1316   1.2530916121411551E-005
        1317  -4.0044309339681838E-004
        1318  -3.6136437834621837E-004
        1319  -4.1743605591904043E-004
        1320   2.2362804877884557E-006
        1321  -8.3064024390289148E-005
        1322  -2.7999104699583111E-004
        1323  -2.8714919690653318E-004
        1324  -1.0537798929211029E-004
        1325  -3.5605839381325222E-004
        1326   5.4820678167755155E-005
        1327  -3.5554253866743046E-004
        1328   1.1878156900657633E-004
        1329  -4.7433304580679625E-005
        1330  -9.9184601427770858E-005
        1331   2.8178264574663103E-004
        1332  -1.6888406157045122E-004
        1333  -2.4325926383106378E-004
        1334  -9.4434651992658658E-006
        1335   1.3854473527641353E-005
        1336  -1.1676528554438459E-004
        1337   2.9592406751921541E-004
        1338   1.3485260410472932E-004
        1339  -2.0239936198684916E-004
        1340  -1.5199021415779335E-005
        1341   1.9886103212385375E-004
        1342  -6.1601003866762483E-005
        1343  -7.2245240927970578E-005
        1344  -2.3868676383098641E-004
        1345   9.9868381915335647E-006
        1346  -2.0027885187401395E-005
        1347  -3.1013942593749455E-005
        1348   4.4300230517491102E-005
        1349  -1.3476522903033139E-004
        1350  -2.2804425936939765E-004
        1351  -7.9202855443161191E-005
        1352   4.2121653777593693E-005
        1353   2.8565706722183393E-004
        1354   2.0636780487803819E-004
        1355   5.5113902439063445E-005
        1356  -4.8888935157642699E-005
        1357  -2.2962760261746595E-004
        1358   9.4797144556957313E-005
        1359   1.0899521118390432E-004
        1360   7.8476210588984685E-005
        1361   1.7618123735863023E-004
        1362  -2.7010434860197385E-004
        1363  -5.6164714455686493E-005
        1364  -3.3604154521127416E-004
        1365  -2.3935976353361976E-004
        1366   1.8807797442010887E-005
        1367  -7.2950041641872687E-005
        1368  -1.0297558596072953E-004
        1369  -1.0070660321226388E-004
        1370  -1.3598691255201079E-004
        1371  -1.4683301606177590E-004
        1372  -4.0787141284948092E-004
        1373  -7.6962135634461859E-006
        1374  -8.2567668056032772E-006
        1375  -1.4002357227838047E-004
        1376  -3.8572463712072125E-004
        1377   6.2160541344447040E-005
        1378  -2.1863228435459181E-004
        1379   2.7249753123070874E-005
        1380  -1.6738737358745759E-005
        1381   2.4230105591827034E-005
        1382  -8.6643958953080968E-005
        1383   2.8475311124342984E-004
        1384  -1.4843985127899195E-004
        1385   3.0955522754316789E-004
        1386  -1.2157258328382436E-004
        1387   1.2051623289699442E-004
        1388   1.3953616151107795E-004
        1389  -8.6888969363485558E-005
        1390   1.6269864663887024E-004
        1391  -9.7458655562432384E-006
        1392   1.7523359904814129E-004
        1393   1.9680052944681670E-004
        1394   7.8152474717430032E-005
        1395   1.2686080011903300E-004
        1396  -2.0543900951741634E-005
        1397   1.1520495984540524E-004
        1398  -1.4148735871577500E-005
        1399   2.2988453301608924E-004
        1400  -9.6726234384281184E-005
        1401   3.6307221891629382E-005
        1402  -1.4590768887579042E-004
        1403   1.0319824509386066E-006
        1404  -2.6947179060077264E-004
        1405  -9.6736133254005097E-005
        1406   3.3129535395604037E-004
        1407   6.1753985722834415E-005
        1408   1.3226457465709274E-005
        1409  -8.7659057108946392E-005
        1410   2.1775275133850691E-004
        1411   3.8815729625218953E-004
        1412   6.2211160023806222E-005
        1413  -5.7044187983246175E-005
        1414   1.7632549672808029E-004
        1415   2.0357383700164711E-004
        1416  -1.3222778256993806E-004
        1417   2.1922138607854968E-005
        1418   1.1307166567520177E-004
        1419   1.1943953004167618E-004
        1420  -3.0258953004125289E-005
        1421  -7.9508346222390003E-005
        1422  -3.0350765913178535E-005
        1423   9.3374881023122747E-005
        1424  -5.6833655562193997E-005
        1425   3.0130205234979446E-004
        1426   3.3843129089827784E-005
        1427  -1.4492406305799399E-005
        1428   4.1310678167150172E-006
        1429  -1.8903399762049133E-004
        1430  -8.9812340868578033E-005
        1431  -1.2313072427128091E-004
        1432   2.0917779595452934E-005
        1433   2.2125835812014660E-004
        1434  -9.6211576442573055E-005
        1435  -7.3110679654986299E-005
        1436  -8.5846308744863542E-005
        1437   7.2385514574668797E-005
        1438  -8.4197605591973534E-005
        1439   2.1165498215347522E-004
        1440  -1.0619977691850302E-004
        1441   1.8164145597865389E-004
        1442  -1.3031276026165273E-004
        1443   1.6930011897620112E-005
        1444   4.2807801903577136E-005
        1445  -1.3070205829868176E-004
        1446  -1.7911171921469737E-004
        1447   2.2877862879244759E-005
        1448   1.6153401992857752E-004
        1449   3.6126792087975979E-005
        1450   1.4101359904816757E-004
        1451   6.8602010707907723E-005
        1452   9.2049769482516197E-005
        1453  -9.3983536585406924E-005
        1454  -1.6064756097500243E-005
        1455   2.9272784057066126E-005
        1456  -3.7958405710880605E-004
        1457   2.3466906603220039E-004
        1458  -1.1451983194521453E-004
        1459   5.3817260559196889E-005
        1460  -1.2411169839376957E-004
        1461  -1.4658724419991387E-004
        1462  -1.3254873735868422E-004
        1463  -5.1654454193972299E-005
        1464  -8.3282123736205804E-006
        1465   1.6562245687246069E-005
        1466   2.1703088340274679E-004
        1467  -1.3637720404513498E-004
        1468   4.1452207019565535E-005
        1469  -2.1007019779906155E-004
        1470  -1.2254362135633023E-004
        1471  -4.8325566626927774E-005
        1472  -2.4973769631175813E-004
        1473   3.0831383105300869E-004
        1474  -1.9428307555025004E-004
        1475   2.1578896341467591E-004
        1476   2.8299420731714431E-004
        1477   2.6165065437289137E-005
        1478   7.6365675193423854E-006
        1479  -1.7692239440814106E-004
        1480   4.2931305621662919E-004
        1481   3.1628573319442133E-004
        1482  -1.2319082688883043E-004
        1483   6.9779262343749870E-005
        1484   2.4207553688271322E-004
        1485   3.0527633848920210E-005
        1486  -3.7415480368840903E-005
        1487   5.9462791493158917E-005
        1488   2.0076102914923233E-004
        1489  -1.6867102916595655E-006
        1490   7.6716525877373876E-005
        1491   1.1206177870315415E-004
        1492   1.6530190363184261E-006
        1493  -1.1413509815583200E-004
        1494   1.4744616299799951E-005
        1495   1.8208342058301241E-004
        1496  -7.8804152290223861E-005
        1497  -2.0035869125523131E-004
        1498   1.9528064247475996E-004
        1499   1.7003716240326927E-004
        1500  -1.0400464009518995E-004
        1501   2.9117787031518461E-005
        1502   1.4484101725220633E-005
        1503   8.5501972040380458E-005
        1504   9.1287980368837118E-005
        1505   1.0016176085669848E-004
        1506   2.2473185008919927E-004
        1507   1.4630114217717427E-004
        1508   2.4389522903034422E-004
        1509   9.4076430695921864E-005
        1510   1.1116785246878536E-004
        1511  -2.4540730220179441E-005
        1512   2.4281428911365754E-004
        1513  -1.0574547293273895E-004
        1514  -6.6174647531114239E-005
        1515   6.1920663295689238E-005
        1516   2.4158655562711573E-006
        1517  -1.5800711183822091E-004
        1518   1.4602383105299932E-004
        1519   1.1013801308745741E-006
        1520   1.4794735276879578E-006
        1521  -1.2282064544921756E-004
        1522  -1.1455672070193046E-004
        1523   7.9833053242106544E-005
        1524   1.7788252528250226E-004
        1525   3.4791056811422916E-004
        1526   2.1585316775762919E-005
        1527  -1.5010333135001552E-005
        1528  -2.6738002974413533E-004
        1529   2.7399162700780799E-005
        1530   1.1615890243898974E-004
        1531  -3.7217073170725534E-005
        1532   2.0201576442668845E-005
        1533  -6.4809210291505437E-005
        1534  -1.2233871802502794E-004
        1535  -4.1277681439610969E-004
        1536   8.4036830755529479E-005
        1537  -1.5145717281384030E-004
        1538   2.0007886972028821E-004
        1539  -1.4844517549073011E-004
        1540   3.0103538072534519E-005
        1541  -1.1608089678760702E-004
        1542   1.0755323468170097E-004
        1543   1.0158393515757869E-004
        1544   6.2271088637766425E-006
        1545  -4.4558602022681804E-005
        1546  -1.2302603212366314E-004
        1547  -2.2937048185600606E-004
        1548  -3.0992709547894570E-004
        1549  -2.1642584176084778E-004
        1550   1.2523802498509706E-004
        1551  -2.0439656454596111E-005
        1552   2.0959213265914212E-004
        1553   4.8364402141620744E-005
        1554   1.2088994646042295E-004
        1555  -1.2080502676981020E-004
        1556   1.3193461183813593E-004
        1557  -1.9480960440210193E-004
        1558  -4.3608010113049822E-005
        1559  -2.4401048483113641E-005
        1560   9.7297925342076930E-005
        1561  -7.9883625818011339E-005
        1562   4.0717325996419973E-005
        1563  -2.6638631766662257E-005
        1564  -1.2949343248058742E-004
        1565  -2.2806286436694023E-005
        1566  -1.9986710737662783E-004
        1567   8.5933948542504801E-005
        1568  -1.0930605443193464E-004
        1569   6.0080994943478849E-005
        1570   1.2430856632938969E-005
        1571  -1.0529706722206544E-004
        1572  -1.7036467727549187E-004
        1573  -3.7079976204612564E-005
        1574   1.2085967876263037E-004
        1575   1.4029164187978616E-004
        1576  -4.0318262938709992E-005
        1577  -1.2492444973222216E-004
        1578  -1.8691433670425806E-004
        1579   1.3328335068407693E-004
        1580  -9.9933298631893486E-005
        1581  -1.1178799821542906E-004
        1582   2.0520021564551794E-004
        1583  -1.9457004759027008E-005
        1584  -1.2261303985727778E-004
        1585  -5.0575466983948658E-005
        1586  -2.5245094586556771E-004
        1587  -1.3068771564539450E-004
        1588  -4.6362760261708935E-005
        1589  -1.7931319452701988E-004
        1590  -1.2781122843530390E-005
        1591  -2.5050888310529373E-004
        1592   1.3585086109457745E-004
        1593  -7.1181424747823741E-006
        1594  -2.2454731409871087E-004
        1595  -3.2553488994668811E-005
        1596  -1.3694107971440328E-004
        1597   1.8492852766216483E-004
        1598  -6.5734077929868739E-005
        1599  -1.9933849791786695E-004
        1600  -6.5405468471224637E-005
        1601   1.2019756543724114E-004
        1602   2.9114440808220010E-006
        1603  -1.0667243456274900E-004
        1604   6.5102978881625972E-005
        1605  -1.3329150356944375E-004
        1606   1.3344968768591592E-005
        1607   7.5857785544308776E-005
        1608   5.1876301308761974E-005
        1609  -1.8091780933970902E-004
        1610   1.4794194824496731E-004
        1611   7.2815585960728235E-005
        1612   3.2314991076698441E-005
        1613  -1.0703010559176551E-004
        1614   9.0707629387676292E-006
        1615  -6.0460298929365663E-005
        1616   4.7235841760806530E-005
        1617   1.8645461035138311E-005
        1618  -5.5004547888204414E-005
        1619  -3.8598961927371889E-005
        1620  -3.0315430993455017E-004
        1621   3.3572318560382008E-005
        1622   5.6910004461618868E-005
        1623   1.3271909577672325E-005
        1624   2.3108792385473365E-004
        1625   7.0262195121961746E-005
        1626   1.5058658536581948E-004
        1627  -4.2967299226703837E-005
        1628  -4.1236644854336646E-005
        1629  -4.4065794170156103E-005
        1630   1.1234131469417541E-005
        1631   1.3256656751936546E-004
        1632  -1.7140544913740730E-004
        1633   4.7405246876852658E-005
        1634  -1.8367252230810927E-004
        1635   3.1806832242797789E-005
        1636  -1.3305426531828868E-004
        1637  -2.3623447947651588E-004
        1638  -1.1909900654361039E-004
        1639  -2.5173119720400816E-004
        1640   1.6107643961926765E-004
        1641  -2.7300294467624830E-005
        1642   6.3636171921399587E-005
        1643   1.3396225461037581E-005
        1644   1.4748497620464818E-004
        1645   1.2678898572282549E-004
        1646  -1.3212126710349104E-005
        1647  -1.4155398572279765E-004
        1648  -1.6529595478820269E-005
        1649  -2.9948542533686506E-006
        1650  -1.1366885484831446E-004
        1651  -2.7325926531818201E-004
        1652  -4.7142400356969816E-005
        1653   7.4641582381573812E-007
        1654   1.0760627305173021E-004
        1655  -1.0270425788216908E-004
        1656  -1.1581709845331911E-004
        1657   1.8675620166563878E-004
        1658  -7.4624776918441604E-005
        1659  -3.8023899464612043E-005
        1660  -1.1882733343249186E-004
        1661  -5.2913613920235747E-005
        1662   7.3222522308125093E-005
        1663  -9.3453248066643901E-005
        1664  -1.3175617192162647E-005
        1665  -9.9115638013014262E-005
        1666   9.5211589827504106E-005
        1667   6.5407064248068636E-006
        1668  -9.4424985127905536E-005
        1669  -1.9464985127903844E-004
        1670   1.2124729327767092E-005
        1671   2.0131768441400411E-004
        1672   8.2335721296789011E-005
        1673  -3.2786154074870844E-005
        1674   1.4073072575848666E-004
        1675   2.0007076145134306E-005
        1676  -1.6891608417612947E-004
        1677  -2.4633309785837554E-004
        1678  -1.2066537775123898E-004
        1679   3.1874026174905090E-004
        1680   1.2362671030219374E-006
        1681   9.2565942891864594E-006
        1682   1.8312768738837359E-004
        1683  -9.4965633551491457E-005
        1684  -7.8689886972016510E-006
        1685   2.0748441850093613E-004
        1686  -8.1903777512382092E-006
        1687  -1.4121107971443170E-004
        1688  -1.4643898572286318E-004
        1689  -7.6108518738959852E-005
        1690   1.3210176085665104E-004
        1691   1.1654754312917515E-004
        1692   7.6729791790519641E-005
        1693   6.1860817965442294E-005
        1694   3.9442340868944825E-006
        1695   4.2020553243649061E-006
        1696  -6.7289095776357222E-005
        1697   1.4188884592503115E-004
        1698   4.9012968471151552E-005
        1699   8.3607019631060098E-005
        1700  -1.6084681737082995E-005
        1701  -2.1545431290959094E-005
        1702  -1.8639897382510817E-004
        1703   1.0438642177279522E-004
        1704  -7.6668307555038950E-005
        1705  -2.1072932778087861E-005
        1706  -2.0941154074916035E-005
        1707   9.7448542534239735E-006
        1708  -1.3791212076141868E-004
        1709  -1.3445181737059553E-004
        1710  -2.5598580606789323E-004
        1711   8.1351183819022843E-005
        1712   1.4278388459232350E-004
        1713   6.5994366448496322E-005
        1714  -5.0746154074965411E-005
        1715  -8.7919159726279617E-005
        1716  -3.8674363474155982E-005
        1717  -9.5159991076676498E-005
        1718  -1.4608569750151901E-004
        1719  -5.7044448245169299E-005
        1720  -1.1108961927430716E-004
        1721   1.9844470553231908E-004
        1722  -2.2453476353367918E-004
        1723  -1.0824446014268130E-004
        1724   2.0283799821552151E-005
        1725  -1.0095464901838103E-004
        1726  -2.1785455681133659E-004
        1727  -1.2997446162987814E-004
        1728   2.4023022011654405E-006
        1729  -1.4125161511002737E-004
        1730  -8.2162645746564067E-005
        1731   1.9106988399797409E-005
        1732   1.0718261451514444E-004
        1733  -7.1670136823076547E-006
        1734   1.5111942296308634E-005
        1735  -2.5428416270079079E-004
        1736  -1.0201529595488257E-004
        1737  -1.7697878494948860E-004
        1738  -8.3797409280217394E-005
        1739  -7.9362944675809288E-005
        1740  -6.1336638905507002E-005
        1741   1.7993435455165852E-005
        1742   2.4596516954300540E-005
        1743   8.2487251635954273E-005
        1744  -8.6499232599734910E-005
        1745   1.0548826293865776E-004
        1746   1.0886646341468076E-004
        1747   2.1609146341527996E-005
        1748   3.4592138607902889E-005
        1749  -1.2204707168350648E-004
        1750   1.1641954194008264E-006
        1751  -5.3330978583288058E-006
        1752   2.8609116597300144E-005
        1753   1.0157316478298650E-004
        1754   3.5903349196897416E-005
        1755   1.6199167162112005E-006
        1756  -1.2083207614510538E-004
        1757  -8.2899565734595448E-005
        1758   1.4872266508092480E-005
        1759  -3.5522450921976478E-005
        1760   6.1023881618105236E-005
        1761  -1.8688289411061820E-004
        1762  -5.6268402736425749E-005
        1763  -1.4208875669274867E-005
        1764   3.2898941106362933E-005
        1765  -6.0240107079168048E-005
        1766   5.9285240927908767E-005
        1767   8.4268886079708061E-005
        1768  -1.5715128792381794E-004
        1769   2.3947603807261686E-004
        1770   1.5914187983412376E-005
        1771   1.7431859756111834E-004
        1772  -3.3262378048681818E-005
        1773  -2.1010697501477882E-004
        1774  -5.9499479476476935E-005
        1775   1.4675267697716876E-006
        1776  -1.9731410172518782E-004
        1777   1.8298503866698290E-005
        1778   1.0023518738799808E-005
        1779  -5.5325455086352449E-005
        1780  -8.2816475312386117E-005
        1781  -9.1099559785812190E-005
        1782  -7.8815895300343719E-005
        1783  -4.6649943486021250E-005
        1784   3.3627589232643196E-005
        1785   3.8140548780596362E-005
        1786  -4.5849085365756714E-005
        1787  -1.8456689470547349E-004
        1788  -6.0186561570585440E-005
        1789   1.1758052795951546E-004
        1790  -6.7833447352727561E-005
        1791  -7.8183893515770819E-005
        1792  -4.9296334027393307E-005
        1793  -1.8922480666261343E-005
        1794  -5.2857192147537368E-005
        1795  -1.3940635931009027E-004
        1796   3.3719809637067222E-005
        1797  -4.0015764425915812E-005
        1798   1.5423188578278513E-005
        1799   1.0364719809641265E-004
        1800   4.7243551457465394E-005
        1801  -1.1193793575248190E-004
        1802   4.2276085663206509E-005
        1803   9.6224568709057934E-005
        1804   2.4060046103446808E-005
        1805   1.0487747620469001E-004
        1806   3.7472232302215858E-005
        1807  -1.5174778256998867E-004
        1808   1.1014988994650921E-004
        1809  -2.6141335514484609E-005
        1810  -1.2048851873880384E-004
        1811   4.4611540748196177E-006
        1812  -4.9654461630188607E-006
        1813   1.7454550267703706E-004
        1814  -5.2035663293814594E-006
        1815   1.1723599196911128E-004
        1816   1.5043775133849469E-004
        1817   7.5985925044541602E-005
        1818  -3.4152992266500704E-005
        1819   9.7551374181881201E-005
        1820  -2.3251509518207314E-005
        1821   1.5204513682198773E-005
        1822   1.0108137269471129E-004
        1823  -1.0892459845335267E-004
        1824   1.2237147531224402E-004
        1825  -4.2335243902402730E-005
        1826  -5.0671585365757998E-005
        1827   4.7262679952475573E-005
        1828  -5.0192662105930097E-005
        1829   4.5998889054210679E-005
        1830  -8.8642177275444212E-005
        1831  -1.5803390838786679E-004
        1832  -5.7524806662545558E-006
        1833   7.5306603212421663E-005
        1834  -6.3818292682871203E-005
        1835  -8.2072195121907221E-005
        1836  -1.4340602022600013E-004
        1837  -3.5938075550356885E-005
        1838  -7.2385191850043995E-005
        1839  -6.9259176085689766E-005
        1840  -2.1691237358711923E-004
        1841  -8.8422064247417609E-005
        1842  -3.3053048780429251E-005
        1843  -8.2932926829260012E-005
        1844   6.4259800713895032E-005
        1845  -5.9536372694846129E-005
        1846  -2.2286096073798056E-005
        1847  -1.7565606781677623E-005
        1848  -9.6703486020199847E-005
        1849  -1.4529560975606870E-004
        1850  -7.1787317073135348E-005
        1851  -6.5495853658448233E-005
        1852  -1.5810548780492706E-004
        1853  -7.4095077334912496E-005
        1854  -5.5195600832891323E-005
        1855  -1.3793504461634409E-004
        1856   5.6507819750084565E-005
        1857   3.9939939024402626E-005
        1858  -1.3541158536589659E-004
        1859   5.4349345627313639E-006
        1860  -5.1283715050587375E-005
        1861  -1.6797125223078080E-004
        1862   1.6037827186288212E-005
        1863   1.3230030487809685E-004
        1864  -2.5106707317590349E-006
        1865  -1.3565518292690815E-004
        1866  -6.3837804877842075E-006
        1867  -7.2289190957697258E-005
        1868   1.1411177275433282E-004
        1869  -4.1046992861448750E-005
        1870   9.4539292088136051E-006
        1871  -4.7595113027987246E-005
        1872  -2.3961670136740665E-005
        1873  -3.1678115704925069E-005
        1874   1.1320292980232516E-005
        1875  -8.6365930993426154E-005
        1876   2.6516270077325821E-005
        1877  -5.3839983640613376E-005
        1878   5.8940997917811266E-005
        1879  -3.3994012492599701E-005
        1880  -1.1073261154070924E-004
        1881  -6.4307792980389245E-005
        1882   7.1495783759645271E-005
        1883  -1.1620232748366099E-004
        1884   4.5157093991554653E-005
        1885   4.9483001189787323E-005
        1886  -3.9643158833979619E-005
        1887  -1.9006632956619640E-005
        1888  -8.2273966389156961E-005
        1889  -4.6307440511705877E-005
        1890   1.8735379238576932E-005
        1891   6.6885933967864020E-005
        1892   5.3578857822755843E-005
        1893   8.1794866151008172E-005
        1894   7.2806262641167407E-005
        1895  -7.9448048780572655E-005
        1896  -1.9715853658563987E-005
        1897   7.6595687090841302E-005
        1898   5.7846168947106591E-005
        1899  -1.1073023200480758E-004
        1900  -5.6541582391433920E-005
        1901   4.4200074360456476E-005
        1902  -5.3857308149884986E-005
        1903  -1.2323816775727803E-004
        1904   2.9414301011221333E-005
        1905  -1.0155204342654489E-004
        1906  -1.0996616299818740E-004
        1907  -1.5343628792297004E-005
        1908  -1.7205905116002285E-004
        1909  -7.5173010112949967E-005
        1910  -2.0373462224831940E-005
        1911   1.0136679357519718E-004
        1912  -9.7292920880898137E-006
        1913  -5.9354027364788564E-005
        1914   2.3884116596706306E-006
        1915  -3.0396848601954574E-005
        1916  -3.9593393813097677E-005
        1917  -4.5510916121260792E-006
        1918  -2.4045920583026792E-005
        1919   6.3881803985754715E-005
        1920   4.6975572575824742E-005
        1921  -7.3742776621088524E-005
        1922   9.7237128197424916E-005
        1923   3.3562091016348106E-006
        1924   8.5654162700787850E-005
        1925  -1.7956290898291094E-005
        1926   4.5204937537124401E-005
        1927  -5.9718828078536568E-005
        1928  -4.3459101726206484E-006
        1929  -4.8002156454618472E-005
        1930   1.1157853212373503E-004
        1931   7.2664767995167523E-005
        1932   1.0751032123734738E-004
        1933   1.0049563652581028E-004
        1934   3.4162105888579930E-007
        1935   6.7782974420005360E-005
        1936  -1.0618536585460525E-005
        1937   1.1560000000021553E-005
        1938  -4.7137168352251457E-005
        1939   3.6007079119548813E-005
        1940   5.5883551456359370E-006
        1941   3.2264033313467166E-005
        1942   2.8116359309882100E-005
        1943  -1.9556499107675762E-005
        1944   1.2088726947245831E-006
        1945   3.5937733491864243E-005
        1946   3.2114390243975777E-005
        1947   9.7650609756083639E-005
        1948   6.0998468173645293E-005
        1949   1.1727572873265757E-005
        1950   1.1188218322422117E-004
        1951   1.2909358120161141E-004
        1952   1.1019735276618370E-004
        1953   9.5035135336041243E-005
        1954   9.2848668946987623E-005
        1955   1.0815414931575340E-004
        1956   3.8356781677628682E-005
        1957   6.3595951814487961E-005
        1958  -1.9734356037970358E-005
        1959   1.4066853063599005E-005
        1960   9.7347650207524339E-006
        1961   1.0647385187390057E-004
        1962  -2.5387694824519080E-005
        1963   3.4957149018355338E-005
        1964   5.1291339976167194E-005
        1965   3.4737940214135676E-005
        1966   8.3766867935652911E-005
        1967   9.9864247471437295E-006
        1968   9.3892325996325354E-006
        1969   4.1248572278385076E-005
        1970   5.5083262938682154E-005
        1971   3.3045260261710396E-005
        1972   1.2532679208809849E-004
        1973   5.1492452409429568E-005
        1974   4.9106618084437947E-005
        1975   9.9827245687023058E-005
        1976   7.9480785246888175E-005
        1977   6.5280133848988342E-005
        1978   2.6988709101671837E-005
        1979  -2.1076740036596320E-006
        1980  -2.4944527067138900E-005
        1981  -2.6205110053467706E-005
        1982   1.4540568114229657E-005
        1983  -3.0210420880472100E-005
        1984   1.1439254907874563E-005
        1985   5.4414240035716155E-005
        1986   1.6182360202288137E-005
        1987  -2.9083847412181285E-005
        1988   7.4313890542354599E-006
        1989  -3.7178242117685834E-005
        1990   1.6973713563350756E-005
        1991  -1.7523832540167206E-005
        1992  -2.8674588042898463E-005
        1993  -4.8398148423500764E-005
        1994  -3.5235507138575706E-005
        1995  -2.1527972932866568E-005
        1996  -2.1464037775142941E-005
        1997   1.7084830458147238E-006
        1998   2.0122784057163834E-005
        1999   4.0055919096060322E-006
