 # Pos, Temperature
           1   4.0017334808162710     
           2   4.0051345099059308     
           3   4.0034397219645417     
           4   4.0002512219186528     
           5   3.9954224376660612     
           6   3.9959066504840073     
           7   3.9942060059281603     
           8   3.9938225027083525     
           9   3.9944149823009099     
          10   3.9982890575048202     
          11   3.9891315031037959     
          12   3.9874895484845156     
          13   3.9913444846311075     
          14   3.9864472265430106     
          15   3.9812037486533707     
          16   3.9886930223196968     
          17   3.9854365774702041     
          18   3.9806796209402759     
          19   3.9851096981679524     
          20   3.9790443032222771     
          21   3.9792059731109291     
          22   3.9798557038429685     
          23   3.9790390055263369     
          24   3.9730796611102135     
          25   3.9775677184934208     
          26   3.9754394303081928     
          27   3.9768969326012611     
          28   3.9698076124793280     
          29   3.9680676458197803     
          30   3.9664552791906020     
          31   3.9663877167015387     
          32   3.9686492731896763     
          33   3.9709079644296117     
          34   3.9605844509980264     
          35   3.9662561031346835     
          36   3.9609616712475813     
          37   3.9557590094211803     
          38   3.9579891853065323     
          39   3.9622612381657372     
          40   3.9559977187006719     
          41   3.9606468596907196     
          42   3.9542451366190567     
          43   3.9527381092558556     
          44   3.9567936789720681     
          45   3.9576417716336598     
          46   3.9470934321630340     
          47   3.9506854669101710     
          48   3.9495653419619163     
          49   3.9506350633830025     
          50   3.9518650722595621     
          51   3.9510391945296450     
          52   3.9397948390906330     
          53   3.9431759030885010     
          54   3.9509663782262336     
          55   3.9391506923968427     
          56   3.9467187921290492     
          57   3.9446292163981149     
          58   3.9313716823356177     
          59   3.9406356141634573     
          60   3.9333553895648561     
          61   3.9371490179908446     
          62   3.9347617966703758     
          63   3.9338668475812528     
          64   3.9248449005835142     
          65   3.9261109676287207     
          66   3.9323718703854516     
          67   3.9281579248772895     
          68   3.9238139403181611     
          69   3.9268156626930057     
          70   3.9215484466365713     
          71   3.9202936262338586     
          72   3.9174337052154535     
          73   3.9217931124218621     
          74   3.9183557879279163     
          75   3.9180538606733410     
          76   3.9210424457203010     
          77   3.9172318598245397     
          78   3.9135025718607777     
          79   3.9190762708560123     
          80   3.9141950087547133     
          81   3.9140309674752776     
          82   3.9128186186593212     
          83   3.9093452016723904     
          84   3.9058124753955212     
          85   3.8980593297521748     
          86   3.9057829246051701     
          87   3.9146998289958126     
          88   3.9049708150751306     
          89   3.9028198431037202     
          90   3.9016320637319484     
          91   3.9065667814858025     
          92   3.8980652937482994     
          93   3.9048321603509772     
          94   3.9023988744384774     
          95   3.8971156792617747     
          96   3.8999541020866819     
          97   3.8976668880600371     
          98   3.8950799574936443     
          99   3.8999394590867151     
         100   3.8926751038270404     
         101   3.8943466611485666     
         102   3.8943678429651367     
         103   3.8897998074366260     
         104   3.8878105651049277     
         105   3.8905387679344856     
         106   3.8921250794920330     
         107   3.8881227142673778     
         108   3.8873630064672136     
         109   3.8863849201180320     
         110   3.8830825784815675     
         111   3.8833531132511969     
         112   3.8848427514034412     
         113   3.8808626281382921     
         114   3.8800502436751958     
         115   3.8778551357674180     
         116   3.8765126389453743     
         117   3.8748899935797216     
         118   3.8776306535963512     
         119   3.8676897320349957     
         120   3.8736737646130637     
         121   3.8689977591941234     
         122   3.8653666890926170     
         123   3.8721196100430313     
         124   3.8655589497567759     
         125   3.8679387695182545     
         126   3.8662604133946914     
         127   3.8679337824157307     
         128   3.8623775404168179     
         129   3.8602119053903428     
         130   3.8548218227334714     
         131   3.8617413182235443     
         132   3.8528358712045292     
         133   3.8552917204076884     
         134   3.8545790218186227     
         135   3.8602854234984063     
         136   3.8457471075672447     
         137   3.8516404691813775     
         138   3.8385742672280627     
         139   3.8505882540843270     
         140   3.8481660653425127     
         141   3.8446089479566132     
         142   3.8433629701662784     
         143   3.8448947930977000     
         144   3.8411373707319565     
         145   3.8403779036720325     
         146   3.8383628209938983     
         147   3.8392965842570357     
         148   3.8358934889159619     
         149   3.8389458426078256     
         150   3.8347723497812112     
         151   3.8304560118866706     
         152   3.8372043764987049     
         153   3.8357462046981898     
         154   3.8291979097101723     
         155   3.8303347126735385     
         156   3.8280845575806217     
         157   3.8261996181735500     
         158   3.8280139132746700     
         159   3.8353431180025961     
         160   3.8226847461840752     
         161   3.8165647159772074     
         162   3.8213108127396049     
         163   3.8255480657541514     
         164   3.8226954375116149     
         165   3.8240818466550386     
         166   3.8222854851562280     
         167   3.8145921920879102     
         168   3.8124568880752556     
         169   3.8175779943061685     
         170   3.8123453702849130     
         171   3.8152392494371776     
         172   3.8103293347623284     
         173   3.8105373940627381     
         174   3.8063427979384636     
         175   3.8064125777595459     
         176   3.8053139607742454     
         177   3.8045218337268474     
         178   3.7998531146265839     
         179   3.8057886268562444     
         180   3.8050072633742253     
         181   3.7979080737380659     
         182   3.7986249129277816     
         183   3.7972736214209961     
         184   3.7948884903654148     
         185   3.7987404355589094     
         186   3.7964803907956717     
         187   3.7909491984508707     
         188   3.7900824825420214     
         189   3.7894512509922063     
         190   3.7921277316649276     
         191   3.7867174158740982     
         192   3.7901354486449264     
         193   3.7863196158160610     
         194   3.7885004967980631     
         195   3.7838508888149365     
         196   3.7892317552747876     
         197   3.7843983571122237     
         198   3.7762896688533281     
         199   3.7747166421760561     
         200   3.7781846096631502     
         201   3.7767463175868845     
         202   3.7787077590001181     
         203   3.7757644306617908     
         204   3.7758740558377855     
         205   3.7726358711202632     
         206   3.7651491263526427     
         207   3.7710211056744778     
         208   3.7655140476969455     
         209   3.7694976272945286     
         210   3.7649145789647078     
         211   3.7666968426239400     
         212   3.7642319080182145     
         213   3.7621608745421966     
         214   3.7628886965306614     
         215   3.7603985704431593     
         216   3.7669791748283195     
         217   3.7565339973568550     
         218   3.7555867560161675     
         219   3.7552641958876385     
         220   3.7543116216757757     
         221   3.7498364065390666     
         222   3.7523673497911658     
         223   3.7544820588674819     
         224   3.7507763136950989     
         225   3.7475612385594923     
         226   3.7430924583255183     
         227   3.7520149321295002     
         228   3.7485257142833102     
         229   3.7450591954636900     
         230   3.7496819704070474     
         231   3.7405783633086043     
         232   3.7430969168886890     
         233   3.7400640041691422     
         234   3.7395257833918221     
         235   3.7364825135346145     
         236   3.7364488951769852     
         237   3.7348495007805003     
         238   3.7385162353781158     
         239   3.7345440063068467     
         240   3.7305399761363556     
         241   3.7280693948734900     
         242   3.7294058604734173     
         243   3.7294025556718191     
         244   3.7302517361723257     
         245   3.7342570382083249     
         246   3.7234674336202800     
         247   3.7223011842037841     
         248   3.7207392358866995     
         249   3.7195026493639327     
         250   3.7150473277450420     
         251   3.7267932959728989     
         252   3.7213183743228986     
         253   3.7181692616277178     
         254   3.7173499383736281     
         255   3.7178707772861395     
         256   3.7142075360765192     
         257   3.7132688661813464     
         258   3.7192961787319359     
         259   3.7125039978850713     
         260   3.7108195425112238     
         261   3.7047597806084753     
         262   3.7062817775445276     
         263   3.7072072717930804     
         264   3.7105802807997055     
         265   3.7044651270857738     
         266   3.7041938410413140     
         267   3.7110084929195866     
         268   3.7036044282592711     
         269   3.7020539664302050     
         270   3.6996070159165804     
         271   3.6987857382179365     
         272   3.6964143294908616     
         273   3.6943152922127949     
         274   3.6998823868776389     
         275   3.6997283250015047     
         276   3.6929604018728210     
         277   3.6872041251851817     
         278   3.6938956337185420     
         279   3.6877577650080871     
         280   3.6898800078106158     
         281   3.6917980830411619     
         282   3.6915475087054324     
         283   3.6839686019462441     
         284   3.6846961781512966     
         285   3.6796392011152337     
         286   3.6811373960930389     
         287   3.6817131757716210     
         288   3.6826746873644902     
         289   3.6837523483161587     
         290   3.6858744580862410     
         291   3.6772522421287737     
         292   3.6748201081688379     
         293   3.6738307016634879     
         294   3.6731227108768167     
         295   3.6780198393495351     
         296   3.6741620213766781     
         297   3.6664759220993903     
         298   3.6722581640982241     
         299   3.6698441497747902     
         300   3.6740052885528343     
         301   3.6689748839251322     
         302   3.6590598269440089     
         303   3.6665573934010820     
         304   3.6695281872065779     
         305   3.6686824396018385     
         306   3.6600790711895681     
         307   3.6641009787050187     
         308   3.6559808701057350     
         309   3.6578343179722097     
         310   3.6598276158035579     
         311   3.6624820943639884     
         312   3.6592847697522082     
         313   3.6549126603314024     
         314   3.6535778142672273     
         315   3.6502575525425369     
         316   3.6521850763935584     
         317   3.6496601897884435     
         318   3.6456407048786157     
         319   3.6483956347994693     
         320   3.6433145946243672     
         321   3.6484391450863702     
         322   3.6455462233595548     
         323   3.6471816813704434     
         324   3.6408447588243384     
         325   3.6425222255955840     
         326   3.6402211636866224     
         327   3.6370353574079353     
         328   3.6343953126475852     
         329   3.6355588392411757     
         330   3.6339340378025446     
         331   3.6338999327352597     
         332   3.6288148460990186     
         333   3.6360320927030951     
         334   3.6280375190814369     
         335   3.6299069838270719     
         336   3.6267378266741326     
         337   3.6281631162254002     
         338   3.6265806180234597     
         339   3.6272080644251616     
         340   3.6248778608834740     
         341   3.6209578254511054     
         342   3.6186009918522997     
         343   3.6191250470341609     
         344   3.6163346393557267     
         345   3.6182956689477468     
         346   3.6142649022098192     
         347   3.6164534298421356     
         348   3.6113682737589681     
         349   3.6057785243643785     
         350   3.6130317479967604     
         351   3.6116091762581757     
         352   3.6054698650279393     
         353   3.6115370157664972     
         354   3.6115471777561297     
         355   3.6069930691974781     
         356   3.6088285403206752     
         357   3.6034773534547520     
         358   3.6004713816254381     
         359   3.5924871596332610     
         360   3.5919123772171533     
         361   3.5989628693160975     
         362   3.5953842972187084     
         363   3.5952738218170182     
         364   3.5882742438253841     
         365   3.5849407610220014     
         366   3.5853273346706800     
         367   3.5923245081672266     
         368   3.5863613801092837     
         369   3.5850349497411966     
         370   3.5832239122666127     
         371   3.5788909906513768     
         372   3.5858931629342243     
         373   3.5804452574879302     
         374   3.5762288188447271     
         375   3.5811841206947781     
         376   3.5743295857434925     
         377   3.5734116623781844     
         378   3.5817633053991491     
         379   3.5701825278687398     
         380   3.5802656884921049     
         381   3.5710783991555188     
         382   3.5670082880043532     
         383   3.5644115942947439     
         384   3.5680158256393586     
         385   3.5653150124818360     
         386   3.5650446233421054     
         387   3.5645626805941526     
         388   3.5623031043459621     
         389   3.5648368346842294     
         390   3.5604713236774672     
         391   3.5622221970224968     
         392   3.5582525787682271     
         393   3.5588520860786881     
         394   3.5538831196346519     
         395   3.5563466237898833     
         396   3.5531065976499425     
         397   3.5501951024163727     
         398   3.5491619459998729     
         399   3.5501433271821639     
         400   3.5449115785081284     
         401   3.5505814777627926     
         402   3.5494866914355696     
         403   3.5497435680578340     
         404   3.5492874198201303     
         405   3.5458522931105954     
         406   3.5413374438058383     
         407   3.5425424917821071     
         408   3.5407304377437026     
         409   3.5378849097428335     
         410   3.5465191126989328     
         411   3.5371371743524089     
         412   3.5400743310214025     
         413   3.5365487568265772     
         414   3.5347526843021204     
         415   3.5334013537608731     
         416   3.5338454100153522     
         417   3.5372179232067924     
         418   3.5313256603819765     
         419   3.5292386779913167     
         420   3.5268432621627785     
         421   3.5247676237527603     
         422   3.5275498720250416     
         423   3.5219017434075011     
         424   3.5312719295523736     
         425   3.5173627789957447     
         426   3.5254488465493652     
         427   3.5213082122045254     
         428   3.5183523698699424     
         429   3.5155516505908291     
         430   3.5149973010212343     
         431   3.5104881217470409     
         432   3.5112073625278564     
         433   3.5102452031439917     
         434   3.5097471216808702     
         435   3.5042006356944011     
         436   3.5047601296235418     
         437   3.4990810555429617     
         438   3.5083735834099214     
         439   3.5002173087957735     
         440   3.5007969452393799     
         441   3.5021848383769765     
         442   3.4999831357069446     
         443   3.4991878183097804     
         444   3.5006022044013094     
         445   3.4954293843781024     
         446   3.4983805405991282     
         447   3.4938985558582494     
         448   3.4958734292230425     
         449   3.4932024870605107     
         450   3.4901422463676663     
         451   3.4921786130717924     
         452   3.4873399334306905     
         453   3.4923898011654804     
         454   3.4823893122306426     
         455   3.4822334155827184     
         456   3.4805388745206494     
         457   3.4836938506595154     
         458   3.4829252324204258     
         459   3.4790092305084213     
         460   3.4791224134818246     
         461   3.4735455850138304     
         462   3.4769862819436472     
         463   3.4755088529486358     
         464   3.4703834939500848     
         465   3.4754479654834149     
         466   3.4705627868658704     
         467   3.4686680287504719     
         468   3.4713719616422609     
         469   3.4684286085966480     
         470   3.4704694629610615     
         471   3.4679644478499299     
         472   3.4702678290884017     
         473   3.4651346788890200     
         474   3.4672363875763530     
         475   3.4611033842610657     
         476   3.4637767596253903     
         477   3.4637306912963419     
         478   3.4611195970856534     
         479   3.4541793534932426     
         480   3.4644752515953954     
         481   3.4547333237522473     
         482   3.4592381017987139     
         483   3.4508676059661094     
         484   3.4532092120550315     
         485   3.4479741825049266     
         486   3.4469296683724822     
         487   3.4467400646103115     
         488   3.4436561431332571     
         489   3.4395122366133535     
         490   3.4443591398819722     
         491   3.4474976867140654     
         492   3.4425557457244316     
         493   3.4426528770321378     
         494   3.4429785310507497     
         495   3.4366960986644179     
         496   3.4378428509247549     
         497   3.4340385838713345     
         498   3.4384591355651306     
         499   3.4376882252518164     
         500   3.4334110875166837     
         501   3.4309549698631505     
         502   3.4309948596492079     
         503   3.4308332941946045     
         504   3.4291792438144264     
         505   3.4262057737174745     
         506   3.4275730161339983     
         507   3.4244044049687488     
         508   3.4236157140627230     
         509   3.4257441710468401     
         510   3.4224414908114036     
         511   3.4176811429101295     
         512   3.4196640604894077     
         513   3.4195733220085964     
         514   3.4164610294050455     
         515   3.4184138261328019     
         516   3.4178252420855211     
         517   3.4150290039233355     
         518   3.4153089988178236     
         519   3.4096299863885089     
         520   3.4139605304153711     
         521   3.4149360561489712     
         522   3.4053558658488536     
         523   3.4091255956066950     
         524   3.4044120684577717     
         525   3.4058447175727058     
         526   3.4035045559045276     
         527   3.4048558511355314     
         528   3.4083501849889464     
         529   3.4019844092998843     
         530   3.4009448858460827     
         531   3.3988553332074249     
         532   3.4010948586190661     
         533   3.4013009657657025     
         534   3.3959729437462629     
         535   3.3906505575378900     
         536   3.3895880410757719     
         537   3.3867749128636864     
         538   3.3943362389014329     
         539   3.3915922413613822     
         540   3.3909938186456183     
         541   3.3867699919929373     
         542   3.3890805892353808     
         543   3.3816581265590888     
         544   3.3754006149827265     
         545   3.3806783554437980     
         546   3.3791293473986519     
         547   3.3835656970905053     
         548   3.3753995671477188     
         549   3.3763838002993927     
         550   3.3757344603258215     
         551   3.3695681253270648     
         552   3.3738079678601127     
         553   3.3721516255634980     
         554   3.3748299576781342     
         555   3.3715856217638054     
         556   3.3667666494506925     
         557   3.3735975182454689     
         558   3.3689892768239971     
         559   3.3696041906254774     
         560   3.3623896921711012     
         561   3.3638779079975940     
         562   3.3599788636536463     
         563   3.3648205738463517     
         564   3.3615291499941691     
         565   3.3541775748441056     
         566   3.3578405877839685     
         567   3.3511555774551045     
         568   3.3504315842314667     
         569   3.3518518359156846     
         570   3.3521566301005410     
         571   3.3535445754100848     
         572   3.3452797955586280     
         573   3.3462275729625373     
         574   3.3440887495482792     
         575   3.3481823235196004     
         576   3.3454210379553757     
         577   3.3441077673644792     
         578   3.3423419271196648     
         579   3.3380040422482358     
         580   3.3377732041557695     
         581   3.3409063645154280     
         582   3.3399714255414814     
         583   3.3371589836414479     
         584   3.3347527441881124     
         585   3.3320997901967826     
         586   3.3359309512061435     
         587   3.3343205892901873     
         588   3.3294189174888276     
         589   3.3310958304035565     
         590   3.3289122065609087     
         591   3.3232330001366139     
         592   3.3232836694352028     
         593   3.3245537671794465     
         594   3.3237928891545572     
         595   3.3151904770581808     
         596   3.3248071266281785     
         597   3.3122623777081768     
         598   3.3198118723480499     
         599   3.3184084802666236     
         600   3.3220890981214115     
         601   3.3158127471717895     
         602   3.3174113231009019     
         603   3.3160387437736962     
         604   3.3117469428935085     
         605   3.3075342071761202     
         606   3.3033231561579317     
         607   3.3058938600583327     
         608   3.3074682787319203     
         609   3.3071273752598356     
         610   3.3045316651716012     
         611   3.3045944995737955     
         612   3.3032700713507732     
         613   3.3059637419168260     
         614   3.2999474525520793     
         615   3.2994498641403873     
         616   3.2984368611117847     
         617   3.2963937820324309     
         618   3.3021816858841375     
         619   3.2981633932111096     
         620   3.2936957638886675     
         621   3.2956847872585251     
         622   3.2947673966885942     
         623   3.2897082455447682     
         624   3.2909549765509691     
         625   3.2875919473075714     
         626   3.2865270166645990     
         627   3.2893015845075628     
         628   3.2885102441970946     
         629   3.2867964374532290     
         630   3.2839165064104332     
         631   3.2812159105150966     
         632   3.2811296085305410     
         633   3.2775543316671825     
         634   3.2772559218391484     
         635   3.2728595458365133     
         636   3.2762188766973428     
         637   3.2703066437768005     
         638   3.2698294921138493     
         639   3.2701609176245849     
         640   3.2740306970231008     
         641   3.2709455398561489     
         642   3.2690549681214565     
         643   3.2655876016832792     
         644   3.2715792263818693     
         645   3.2642815323613887     
         646   3.2621643461576304     
         647   3.2596686281826481     
         648   3.2582065108854699     
         649   3.2609774286516382     
         650   3.2604033850961067     
         651   3.2558350951532802     
         652   3.2597075038706373     
         653   3.2580730858098828     
         654   3.2514404340999716     
         655   3.2525884339158253     
         656   3.2538477490000117     
         657   3.2497928440925929     
         658   3.2492859170376214     
         659   3.2457217650970032     
         660   3.2488732475196951     
         661   3.2451263827125132     
         662   3.2423794283920389     
         663   3.2415341212290647     
         664   3.2408095637058407     
         665   3.2381493889177011     
         666   3.2384120365792448     
         667   3.2341519602055233     
         668   3.2406889524407765     
         669   3.2288673913587753     
         670   3.2364957831945294     
         671   3.2297573670302810     
         672   3.2245978104562432     
         673   3.2307559363837499     
         674   3.2301378312019495     
         675   3.2270960691516577     
         676   3.2208343449671601     
         677   3.2230776279068420     
         678   3.2220082154362331     
         679   3.2187991594243197     
         680   3.2213081159431924     
         681   3.2155767471632868     
         682   3.2161349273062920     
         683   3.2151532599633517     
         684   3.2090596725241642     
         685   3.2131555088883887     
         686   3.2100109130096768     
         687   3.2086852125029028     
         688   3.2101244220238558     
         689   3.2075388159260436     
         690   3.2042291244603138     
         691   3.2006419018854393     
         692   3.2033394601304463     
         693   3.2053680697062239     
         694   3.2055803708786748     
         695   3.2001947740030219     
         696   3.1995560572209056     
         697   3.1957073128789384     
         698   3.1996276196968179     
         699   3.1926267894253981     
         700   3.1918838798139899     
         701   3.1892812991482957     
         702   3.1901606836993643     
         703   3.1931898959076688     
         704   3.1921898275932379     
         705   3.1900837648776914     
         706   3.1926128678727843     
         707   3.1880430068976695     
         708   3.1876861324598305     
         709   3.1803923638023974     
         710   3.1853743919054023     
         711   3.1818679144998345     
         712   3.1843021897987676     
         713   3.1825063891402796     
         714   3.1783363993048663     
         715   3.1827823127563719     
         716   3.1787650908752401     
         717   3.1790956945980660     
         718   3.1740189320280940     
         719   3.1724879383146503     
         720   3.1711527116871570     
         721   3.1729755139548033     
         722   3.1655273170990297     
         723   3.1683056152486855     
         724   3.1686697579643628     
         725   3.1670283695762800     
         726   3.1673469385358946     
         727   3.1634121257737973     
         728   3.1622680458627705     
         729   3.1624191076325698     
         730   3.1625230601449528     
         731   3.1577004145839740     
         732   3.1619103859283242     
         733   3.1628390429719024     
         734   3.1530733020872637     
         735   3.1562497560366416     
         736   3.1528298586308141     
         737   3.1548215717671146     
         738   3.1487536597654748     
         739   3.1498286335196974     
         740   3.1438891304267740     
         741   3.1488572243378372     
         742   3.1408107607444333     
         743   3.1465263546420967     
         744   3.1467902306147351     
         745   3.1438293594552680     
         746   3.1428854466679126     
         747   3.1399649285416604     
         748   3.1342832610885050     
         749   3.1332369852772159     
         750   3.1317844250930751     
         751   3.1338433946921596     
         752   3.1335892964558782     
         753   3.1374910004348187     
         754   3.1294045074394954     
         755   3.1293971467756521     
         756   3.1279953255551454     
         757   3.1257496546385726     
         758   3.1202802493158019     
         759   3.1252531109941160     
         760   3.1251715020120847     
         761   3.1193066786536741     
         762   3.1180061620798365     
         763   3.1210003472161247     
         764   3.1195576860375813     
         765   3.1181909484908372     
         766   3.1145193609176864     
         767   3.1128151126607748     
         768   3.1128784231081110     
         769   3.1088961875980230     
         770   3.1102475058997889     
         771   3.1066465251636366     
         772   3.1060289977922855     
         773   3.1063215220279030     
         774   3.1025428856615584     
         775   3.0992003295916462     
         776   3.1032669883541804     
         777   3.0962609185349854     
         778   3.0941012931583431     
         779   3.0986588654641345     
         780   3.0977863061219910     
         781   3.0974649295779479     
         782   3.0987159513055893     
         783   3.0954044158555845     
         784   3.0933702726292251     
         785   3.0912605777990056     
         786   3.0911405142726185     
         787   3.0858844191102910     
         788   3.0877075487982597     
         789   3.0861784635258340     
         790   3.0830838370528038     
         791   3.0800136623440140     
         792   3.0805414313539008     
         793   3.0816188605667780     
         794   3.0820341614240578     
         795   3.0707482285980565     
         796   3.0708097076556613     
         797   3.0730440255765079     
         798   3.0738505460800876     
         799   3.0749174749503014     
         800   3.0683133737064141     
         801   3.0673099248827596     
         802   3.0652032556826811     
         803   3.0684517674329821     
         804   3.0602571717230656     
         805   3.0636878550129225     
         806   3.0621384374770702     
         807   3.0670290388040775     
         808   3.0588218571321271     
         809   3.0578303836119938     
         810   3.0567796524154414     
         811   3.0581148897947563     
         812   3.0527785356113797     
         813   3.0544293416352115     
         814   3.0520230390779042     
         815   3.0492621978341012     
         816   3.0519469651477062     
         817   3.0457009629067850     
         818   3.0506367054188170     
         819   3.0404784213209299     
         820   3.0464478026255812     
         821   3.0423028560878715     
         822   3.0430505157875949     
         823   3.0398454528210248     
         824   3.0419903052215536     
         825   3.0381531587258412     
         826   3.0378055073960821     
         827   3.0331808474672615     
         828   3.0323140746198693     
         829   3.0336151153451127     
         830   3.0335328348008477     
         831   3.0321230406675141     
         832   3.0297287517900973     
         833   3.0274028828081190     
         834   3.0287329106556919     
         835   3.0255097742200392     
         836   3.0264170433065587     
         837   3.0201687669846842     
         838   3.0229483235207426     
         839   3.0170002218915011     
         840   3.0229137510690212     
         841   3.0196545612588879     
         842   3.0159394397627515     
         843   3.0109689528321866     
         844   3.0142836851135040     
         845   3.0120894694027522     
         846   3.0129113730671824     
         847   3.0112756970666497     
         848   3.0110912582419460     
         849   3.0105112460970176     
         850   3.0098124791569876     
         851   3.0088537866886056     
         852   3.0061021298966031     
         853   3.0052219758744489     
         854   3.0070389923488952     
         855   3.0013786049543292     
         856   3.0018593037620560     
         857   3.0013642554513340     
         858   2.9955084942749082     
         859   2.9967478376234626     
         860   2.9959694281475211     
         861   2.9913972524280954     
         862   2.9875304940240750     
         863   2.9926928447209615     
         864   2.9914363761110114     
         865   2.9906025684203867     
         866   2.9901725423733869     
         867   2.9832700438640898     
         868   2.9871771609552558     
         869   2.9872991537852545     
         870   2.9833565719603485     
         871   2.9779987495276545     
         872   2.9799792136850467     
         873   2.9738505034502154     
         874   2.9768562642863761     
         875   2.9749215264159696     
         876   2.9712234887100575     
         877   2.9758416963644949     
         878   2.9655653175482435     
         879   2.9681507968124521     
         880   2.9653900647917131     
         881   2.9621010670554373     
         882   2.9619813637895218     
         883   2.9675072194518930     
         884   2.9627643131215167     
         885   2.9649590667947510     
         886   2.9618511933211713     
         887   2.9570283819341023     
         888   2.9553867231094935     
         889   2.9549608010959534     
         890   2.9531302453355210     
         891   2.9523064984041198     
         892   2.9511471235413294     
         893   2.9509052229954396     
         894   2.9494239726374190     
         895   2.9482235023514614     
         896   2.9439425555424754     
         897   2.9413775439664414     
         898   2.9443186184154317     
         899   2.9418338424800465     
         900   2.9380882192721538     
         901   2.9424283290649904     
         902   2.9404475353360393     
         903   2.9411187027501078     
         904   2.9341496005560410     
         905   2.9359256830923499     
         906   2.9345593787272231     
         907   2.9343660486843604     
         908   2.9294351556653777     
         909   2.9289439588195223     
         910   2.9317574374777426     
         911   2.9265183158845307     
         912   2.9264688224726916     
         913   2.9247250137080378     
         914   2.9201883724208142     
         915   2.9202045066616060     
         916   2.9240903204592739     
         917   2.9217059640457541     
         918   2.9184492742294932     
         919   2.9186838604923078     
         920   2.9143303377613865     
         921   2.9188339510378110     
         922   2.9155019961266846     
         923   2.9102764698688817     
         924   2.9114886056347595     
         925   2.9081469015964143     
         926   2.9103124384951915     
         927   2.9072766245650974     
         928   2.9061629339114914     
         929   2.9052129018844774     
         930   2.8988384811630095     
         931   2.8991526058116524     
         932   2.8991126013440818     
         933   2.8973855843568295     
         934   2.9002507379554543     
         935   2.8982405415767354     
         936   2.8939369373628403     
         937   2.8952116937368952     
         938   2.8926657091334587     
         939   2.8867598675833093     
         940   2.8953206870694892     
         941   2.8940056970112056     
         942   2.8891131413687074     
         943   2.8865097387188423     
         944   2.8869994497469746     
         945   2.8846591878359527     
         946   2.8828666802976928     
         947   2.8807050036113591     
         948   2.8819013330386691     
         949   2.8798492600966146     
         950   2.8794339402234881     
         951   2.8759704009503091     
         952   2.8754795550383423     
         953   2.8764108951366980     
         954   2.8707072110129266     
         955   2.8698854653065511     
         956   2.8681246595980632     
         957   2.8677826235850454     
         958   2.8695976346779437     
         959   2.8671155963856028     
         960   2.8638971933760642     
         961   2.8623001920887861     
         962   2.8620788423381387     
         963   2.8565517078576459     
         964   2.8554310397783484     
         965   2.8521851771661408     
         966   2.8585458493588183     
         967   2.8553305418365409     
         968   2.8542517763385540     
         969   2.8502414827415006     
         970   2.8542900967191986     
         971   2.8524674422402052     
         972   2.8504569300206115     
         973   2.8458960939760871     
         974   2.8456389487650005     
         975   2.8492113290741297     
         976   2.8439108738786225     
         977   2.8473629388692561     
         978   2.8423275030733159     
         979   2.8397140466550992     
         980   2.8435219208762388     
         981   2.8387136487024192     
         982   2.8374811920251437     
         983   2.8362450240741248     
         984   2.8309147371580652     
         985   2.8360657992736669     
         986   2.8299450283845209     
         987   2.8300087581113575     
         988   2.8284682246838710     
         989   2.8256497599650752     
         990   2.8256548590333583     
         991   2.8265440848893100     
         992   2.8273474497168518     
         993   2.8239702843544872     
         994   2.8160764575019366     
         995   2.8174069081711215     
         996   2.8157462314974198     
         997   2.8179809525574959     
         998   2.8166067094987031     
         999   2.8131163258008036     
        1000   2.8112958046559862     
        1001   2.8128844810450153     
        1002   2.8105148757427507     
        1003   2.8095537350681976     
        1004   2.8087618079206429     
        1005   2.8038501481914153     
        1006   2.8073213989061583     
        1007   2.8059282702622270     
        1008   2.8014630580582085     
        1009   2.8042814840138384     
        1010   2.8011306007958132     
        1011   2.8013271624330018     
        1012   2.7988135244404075     
        1013   2.7979252992256063     
        1014   2.7918888202343135     
        1015   2.7901812348277057     
        1016   2.7958965386699388     
        1017   2.7907436722379493     
        1018   2.7893541550121488     
        1019   2.7862038755572072     
        1020   2.7864877121183564     
        1021   2.7852366836888618     
        1022   2.7879892212905966     
        1023   2.7805544862983966     
        1024   2.7871284728864181     
        1025   2.7809499943868357     
        1026   2.7811089102994968     
        1027   2.7791509893590116     
        1028   2.7787970624469915     
        1029   2.7704620889072062     
        1030   2.7760741852445077     
        1031   2.7763989137032095     
        1032   2.7734195620795958     
        1033   2.7695450529877932     
        1034   2.7641102877444723     
        1035   2.7704885685367620     
        1036   2.7646688411646974     
        1037   2.7661465834435552     
        1038   2.7654685236831980     
        1039   2.7600132495449534     
        1040   2.7556621168451070     
        1041   2.7593689308061151     
        1042   2.7620119825018929     
        1043   2.7510630540050709     
        1044   2.7523278720875775     
        1045   2.7515538405578894     
        1046   2.7507752697281020     
        1047   2.7483744165799830     
        1048   2.7509984390320623     
        1049   2.7451447070078476     
        1050   2.7424962092882423     
        1051   2.7470813393494220     
        1052   2.7411953787316943     
        1053   2.7403027927124848     
        1054   2.7392956070186805     
        1055   2.7406145832345383     
        1056   2.7367246969938641     
        1057   2.7318958964961437     
        1058   2.7355294221154915     
        1059   2.7358990604376001     
        1060   2.7292498369723699     
        1061   2.7319111876356645     
        1062   2.7298798722167579     
        1063   2.7258455566365707     
        1064   2.7210319588221865     
        1065   2.7226637138714573     
        1066   2.7213259299122945     
        1067   2.7223882095377143     
        1068   2.7195919668438604     
        1069   2.7192992903002775     
        1070   2.7169104009794163     
        1071   2.7191188799872874     
        1072   2.7139213814189440     
        1073   2.7130776235108951     
        1074   2.7152604068259638     
        1075   2.7039517400098583     
        1076   2.7065365268320938     
        1077   2.7055272079006234     
        1078   2.7057269552132905     
        1079   2.7059039940578375     
        1080   2.6998225772156292     
        1081   2.7028306048865809     
        1082   2.7000045614035595     
        1083   2.6969407855204643     
        1084   2.6973562805566966     
        1085   2.6961845345746340     
        1086   2.6944270790627352     
        1087   2.6924300587056242     
        1088   2.6931334010716053     
        1089   2.6910495617413615     
        1090   2.6872760262464399     
        1091   2.6849682693501222     
        1092   2.6836895075999592     
        1093   2.6814401540892510     
        1094   2.6796365624654710     
        1095   2.6825591642734987     
        1096   2.6810905633114643     
        1097   2.6780351623683285     
        1098   2.6768927181431303     
        1099   2.6744374907897273     
        1100   2.6737712669967131     
        1101   2.6685856683463576     
        1102   2.6730508286688259     
        1103   2.6681264432254279     
        1104   2.6690618293339465     
        1105   2.6631369808693406     
        1106   2.6662433913961046     
        1107   2.6630136379577176     
        1108   2.6604467390332864     
        1109   2.6609616335221964     
        1110   2.6578002285036173     
        1111   2.6533427706221904     
        1112   2.6527366375781827     
        1113   2.6525910227436151     
        1114   2.6523807886001705     
        1115   2.6488082202972509     
        1116   2.6534109539575339     
        1117   2.6490481506816548     
        1118   2.6434447619442585     
        1119   2.6442487026660131     
        1120   2.6433747730051653     
        1121   2.6388319055555312     
        1122   2.6401561770861730     
        1123   2.6361217099266230     
        1124   2.6389085249134685     
        1125   2.6383676591560299     
        1126   2.6337264319340856     
        1127   2.6292990089649502     
        1128   2.6292355103108576     
        1129   2.6305422669850160     
        1130   2.6265395701435734     
        1131   2.6240842499221859     
        1132   2.6259342517805084     
        1133   2.6201760246646413     
        1134   2.6189414133711599     
        1135   2.6215613026779536     
        1136   2.6186582661536120     
        1137   2.6183611186885631     
        1138   2.6182128245925647     
        1139   2.6133495914959828     
        1140   2.6114181518511810     
        1141   2.6135105627951152     
        1142   2.6104820940019464     
        1143   2.6069725096187573     
        1144   2.6062091389875528     
        1145   2.6071561847544418     
        1146   2.6076953078298755     
        1147   2.6046913610988796     
        1148   2.6021901893864121     
        1149   2.6000904934971958     
        1150   2.6024795762124562     
        1151   2.5956347799869968     
        1152   2.5945841069329325     
        1153   2.5967191032169725     
        1154   2.5920838693424395     
        1155   2.5890656250546402     
        1156   2.5869355045155698     
        1157   2.5903656832046194     
        1158   2.5861337533385584     
        1159   2.5842861742556580     
        1160   2.5867413531743813     
        1161   2.5822254399589801     
        1162   2.5822940448600544     
        1163   2.5821030908441074     
        1164   2.5793409868987660     
        1165   2.5770133578496024     
        1166   2.5711130658593282     
        1167   2.5705427547047299     
        1168   2.5746537477078326     
        1169   2.5729747835228185     
        1170   2.5712848164093614     
        1171   2.5673460210965171     
        1172   2.5663771365351455     
        1173   2.5641030975464654     
        1174   2.5626743218053725     
        1175   2.5610977791104483     
        1176   2.5596652437017768     
        1177   2.5596649970761698     
        1178   2.5568700545797669     
        1179   2.5571771096685092     
        1180   2.5536708549173848     
        1181   2.5549920913488906     
        1182   2.5478560041500082     
        1183   2.5578674102224452     
        1184   2.5500426589573091     
        1185   2.5525021709425695     
        1186   2.5464652112435537     
        1187   2.5446077232568602     
        1188   2.5449879268707907     
        1189   2.5444656595066091     
        1190   2.5439355262364076     
        1191   2.5389361291651573     
        1192   2.5399849450341367     
        1193   2.5351495203549237     
        1194   2.5319950958274924     
        1195   2.5322414030039875     
        1196   2.5337080261501397     
        1197   2.5309000946503586     
        1198   2.5288955366213628     
        1199   2.5272591200847603     
        1200   2.5251052944085841     
        1201   2.5257334285249113     
        1202   2.5232669450662066     
        1203   2.5217351736363938     
        1204   2.5170179268614508     
        1205   2.5194418994743346     
        1206   2.5219557862566471     
        1207   2.5147858934731979     
        1208   2.5140068971707450     
        1209   2.5112441444265459     
        1210   2.5110654987612264     
        1211   2.5096064822200925     
        1212   2.5061896307036342     
        1213   2.5044435911842502     
        1214   2.5033287642515614     
        1215   2.5013239027478207     
        1216   2.5024810327050111     
        1217   2.5008273075625334     
        1218   2.4980026935391204     
        1219   2.4948516193974024     
        1220   2.4929830378507800     
        1221   2.4879487746609259     
        1222   2.4923935436531770     
        1223   2.4896150301575228     
        1224   2.4880336963689613     
        1225   2.4837265084111073     
        1226   2.4887910664541590     
        1227   2.4828313485656088     
        1228   2.4811010335597032     
        1229   2.4831629844065275     
        1230   2.4777979245976307     
        1231   2.4778709923684628     
        1232   2.4759767241734463     
        1233   2.4736815111281296     
        1234   2.4726510360242595     
        1235   2.4724747897034329     
        1236   2.4710042255454696     
        1237   2.4686524201743509     
        1238   2.4693198786250119     
        1239   2.4657962104539899     
        1240   2.4604127320390892     
        1241   2.4641413701659132     
        1242   2.4599352323470201     
        1243   2.4581984939304968     
        1244   2.4556183732518160     
        1245   2.4580129988157764     
        1246   2.4538259976692136     
        1247   2.4581738084539264     
        1248   2.4505513238396759     
        1249   2.4516795399944113     
        1250   2.4468300127139542     
        1251   2.4470554428989026     
        1252   2.4475240433280709     
        1253   2.4482548653780101     
        1254   2.4418913395841257     
        1255   2.4427588971474199     
        1256   2.4397335780810923     
        1257   2.4402632658228591     
        1258   2.4386869850632684     
        1259   2.4356216418362693     
        1260   2.4309185979143657     
        1261   2.4354948103824188     
        1262   2.4321637037980302     
        1263   2.4319437176439407     
        1264   2.4299120491220720     
        1265   2.4304766013097434     
        1266   2.4236064240046216     
        1267   2.4208044409205036     
        1268   2.4201407492476581     
        1269   2.4231741305386212     
        1270   2.4193374554076463     
        1271   2.4195642812303491     
        1272   2.4160304123492948     
        1273   2.4169099891711192     
        1274   2.4151766506989012     
        1275   2.4145394688132336     
        1276   2.4109573138770224     
        1277   2.4084278324306796     
        1278   2.4058913418764920     
        1279   2.4042287530429931     
        1280   2.4061540415771483     
        1281   2.4029160669933063     
        1282   2.4013725046406993     
        1283   2.4000288572206250     
        1284   2.4004050461509898     
        1285   2.3977341646371846     
        1286   2.3979280315612721     
        1287   2.3986830323584596     
        1288   2.3949625412394915     
        1289   2.3944913815419797     
        1290   2.3912155907231774     
        1291   2.3938697625051049     
        1292   2.3901145640767925     
        1293   2.3900610618983329     
        1294   2.3886382138021789     
        1295   2.3872829661474366     
        1296   2.3843259735307081     
        1297   2.3814114019903987     
        1298   2.3808502776593743     
        1299   2.3840222853715658     
        1300   2.3769955184609675     
        1301   2.3772901694768223     
        1302   2.3735005142132208     
        1303   2.3713005674806045     
        1304   2.3724573452839990     
        1305   2.3729987743748695     
        1306   2.3715022744916108     
        1307   2.3678359071981756     
        1308   2.3671336817114659     
        1309   2.3674163615671699     
        1310   2.3594356373380792     
        1311   2.3598487315255552     
        1312   2.3575504311024260     
        1313   2.3601257347668234     
        1314   2.3589886017350472     
        1315   2.3563168902990950     
        1316   2.3575128993871299     
        1317   2.3544537400937076     
        1318   2.3529429268803561     
        1319   2.3498854054136524     
        1320   2.3480402813936707     
        1321   2.3467135463707578     
        1322   2.3459033533172344     
        1323   2.3443394281482379     
        1324   2.3394723847355943     
        1325   2.3393297846987342     
        1326   2.3406990487959431     
        1327   2.3415972719438636     
        1328   2.3356445865510302     
        1329   2.3347397038470361     
        1330   2.3363032394139105     
        1331   2.3342614208238284     
        1332   2.3312434605583472     
        1333   2.3302008105722507     
        1334   2.3305641259601364     
        1335   2.3246498535907434     
        1336   2.3247289052351015     
        1337   2.3253907135046785     
        1338   2.3195463582265838     
        1339   2.3217331535398928     
        1340   2.3143389006592563     
        1341   2.3137203147371892     
        1342   2.3128537380415359     
        1343   2.3115470483443370     
        1344   2.3116591175165775     
        1345   2.3122917768346927     
        1346   2.3113471712523417     
        1347   2.3079497015896049     
        1348   2.3044337010431883     
        1349   2.3014803755984028     
        1350   2.2999835554507846     
        1351   2.3045771679716562     
        1352   2.2984293196668442     
        1353   2.2985930329024584     
        1354   2.2961273590668854     
        1355   2.2944300629809824     
        1356   2.2915769864466689     
        1357   2.2919486975681962     
        1358   2.2890862549060786     
        1359   2.2888884615901288     
        1360   2.2885605697337921     
        1361   2.2843234571330839     
        1362   2.2858805416502803     
        1363   2.2832247793251295     
        1364   2.2810295064382591     
        1365   2.2780561901314758     
        1366   2.2806485225879203     
        1367   2.2770517227359384     
        1368   2.2788235372468684     
        1369   2.2718591614905681     
        1370   2.2692071593117289     
        1371   2.2716021184767063     
        1372   2.2687683049283027     
        1373   2.2678906962057019     
        1374   2.2655519187909023     
        1375   2.2629361677109499     
        1376   2.2615710084464107     
        1377   2.2633417565321969     
        1378   2.2593448890016838     
        1379   2.2594723010576159     
        1380   2.2585113763495643     
        1381   2.2553667681767369     
        1382   2.2528736163595466     
        1383   2.2528078687794779     
        1384   2.2516396667854339     
        1385   2.2499633182382666     
        1386   2.2445390048438547     
        1387   2.2464605647505067     
        1388   2.2427519549783757     
        1389   2.2424994153807369     
        1390   2.2396726846149551     
        1391   2.2366851358047648     
        1392   2.2383039225941745     
        1393   2.2378499905567670     
        1394   2.2364317046048976     
        1395   2.2345091341089525     
        1396   2.2292281366938589     
        1397   2.2301641424388956     
        1398   2.2272023391693128     
        1399   2.2267142825300299     
        1400   2.2245507819740902     
        1401   2.2248756890728347     
        1402   2.2219077440277264     
        1403   2.2199297575752044     
        1404   2.2189107149301615     
        1405   2.2184659998836715     
        1406   2.2160236856986200     
        1407   2.2137539518477802     
        1408   2.2113150163219211     
        1409   2.2100565841817623     
        1410   2.2079964918491677     
        1411   2.2082904648574839     
        1412   2.2077736846270222     
        1413   2.2045401941346974     
        1414   2.2014894316655247     
        1415   2.2008201539183863     
        1416   2.2030634272733693     
        1417   2.1978892800563266     
        1418   2.1970895762563867     
        1419   2.1940563085893312     
        1420   2.1943108855530373     
        1421   2.1912422477993068     
        1422   2.1896892655124551     
        1423   2.1867933918181981     
        1424   2.1842051793647905     
        1425   2.1829535819868879     
        1426   2.1847664590717470     
        1427   2.1809966552514584     
        1428   2.1823256762566023     
        1429   2.1767744862799923     
        1430   2.1778293721725177     
        1431   2.1742298900688266     
        1432   2.1746065680897275     
        1433   2.1719820665333178     
        1434   2.1700538260796218     
        1435   2.1679315266113250     
        1436   2.1660602641696589     
        1437   2.1680280865710024     
        1438   2.1648344349526503     
        1439   2.1603720941381330     
        1440   2.1636477690886742     
        1441   2.1593559788706305     
        1442   2.1608970053150753     
        1443   2.1573648002075672     
        1444   2.1543051800775777     
        1445   2.1527483962646410     
        1446   2.1507948271598161     
        1447   2.1504531287558235     
        1448   2.1496426307007073     
        1449   2.1483591244436586     
        1450   2.1472547495073449     
        1451   2.1439710416671818     
        1452   2.1423018737472317     
        1453   2.1402570664554195     
        1454   2.1414891424772158     
        1455   2.1369692929414112     
        1456   2.1338662895208480     
        1457   2.1365142294379553     
        1458   2.1313721599988331     
        1459   2.1334872554004392     
        1460   2.1310875728429948     
        1461   2.1298077824284061     
        1462   2.1272817804416682     
        1463   2.1264968583218260     
        1464   2.1243370667320414     
        1465   2.1243590297479340     
        1466   2.1215727471811836     
        1467   2.1211772355798537     
        1468   2.1212412292060332     
        1469   2.1199736333971155     
        1470   2.1144965139771106     
        1471   2.1120621674674389     
        1472   2.1100782175942983     
        1473   2.1127183304329020     
        1474   2.1083502648583088     
        1475   2.1074582772742065     
        1476   2.1028187655816941     
        1477   2.1044149383630750     
        1478   2.0999913306161662     
        1479   2.1006294300007382     
        1480   2.0998436488615142     
        1481   2.0974856196529195     
        1482   2.0936353262346334     
        1483   2.0920975978990262     
        1484   2.0935915659033038     
        1485   2.0876918995495495     
        1486   2.0856229342713091     
        1487   2.0857589019575116     
        1488   2.0855235441816595     
        1489   2.0852927765585187     
        1490   2.0798192854617659     
        1491   2.0818935283499540     
        1492   2.0757930480092646     
        1493   2.0757164547175719     
        1494   2.0734100919509095     
        1495   2.0726958499932384     
        1496   2.0697760374486465     
        1497   2.0683656118275224     
        1498   2.0676213630901312     
        1499   2.0624312449023874     
        1500   2.0658481754277647     
        1501   2.0608536034000586     
        1502   2.0605310586957519     
        1503   2.0582270616301446     
        1504   2.0557773319665360     
        1505   2.0541795810100467     
        1506   2.0528643372546944     
        1507   2.0516711538228978     
        1508   2.0514801918457364     
        1509   2.0507437718339805     
        1510   2.0457291761327339     
        1511   2.0449051024942246     
        1512   2.0409817333612827     
        1513   2.0412366394335724     
        1514   2.0395227696359375     
        1515   2.0373211469422809     
        1516   2.0375704278333115     
        1517   2.0347141819212018     
        1518   2.0345003257972936     
        1519   2.0330511970145850     
        1520   2.0320632315727249     
        1521   2.0312242648020358     
        1522   2.0276768467015667     
        1523   2.0253561073763535     
        1524   2.0283631875826713     
        1525   2.0220414025137270     
        1526   2.0232680196883366     
        1527   2.0193680518922212     
        1528   2.0190791114005480     
        1529   2.0178448614357811     
        1530   2.0158372744327822     
        1531   2.0109169337703210     
        1532   2.0088223462290724     
        1533   2.0101563563944058     
        1534   2.0070725088481902     
        1535   2.0014113223617040     
        1536   2.0047826723429805     
        1537   1.9989803575382965     
        1538   1.9986322111449935     
        1539   1.9977806818710255     
        1540   1.9950217783805382     
        1541   1.9912609633005005     
        1542   1.9951350451153480     
        1543   1.9897999429709941     
        1544   1.9896739508328649     
        1545   1.9886938638948839     
        1546   1.9863457095400947     
        1547   1.9844034021609922     
        1548   1.9803492708565773     
        1549   1.9760526783826442     
        1550   1.9798066309211662     
        1551   1.9783723786601846     
        1552   1.9786656059421066     
        1553   1.9727174305425939     
        1554   1.9743125527723577     
        1555   1.9695685545511814     
        1556   1.9684281333916795     
        1557   1.9687417569010475     
        1558   1.9666385249737717     
        1559   1.9664851362262021     
        1560   1.9651290152322418     
        1561   1.9600736921172868     
        1562   1.9580930809028196     
        1563   1.9568764960126575     
        1564   1.9538745200873338     
        1565   1.9549247082217038     
        1566   1.9510861730246056     
        1567   1.9509454936749930     
        1568   1.9492764030760348     
        1569   1.9464012100795474     
        1570   1.9466200416636616     
        1571   1.9437244984900166     
        1572   1.9418474730303457     
        1573   1.9387291464485115     
        1574   1.9370687068422447     
        1575   1.9357139343775325     
        1576   1.9351102122292094     
        1577   1.9311024705566990     
        1578   1.9322830571805780     
        1579   1.9288238377083151     
        1580   1.9277611488879580     
        1581   1.9262861812854628     
        1582   1.9254978962309481     
        1583   1.9236738450883017     
        1584   1.9217370434984704     
        1585   1.9200571046325574     
        1586   1.9158709467470239     
        1587   1.9159566984348726     
        1588   1.9161666831035808     
        1589   1.9136944146764678     
        1590   1.9123878667099969     
        1591   1.9108403680358899     
        1592   1.9054201131246939     
        1593   1.9068828108167126     
        1594   1.9058095680642688     
        1595   1.9031801251596920     
        1596   1.9021253910135025     
        1597   1.8988127105815518     
        1598   1.8979719875215633     
        1599   1.8976435413694068     
        1600   1.8950452696650919     
        1601   1.8899786799501936     
        1602   1.8892288821679928     
        1603   1.8899708515002835     
        1604   1.8860534364070645     
        1605   1.8849110693432072     
        1606   1.8861766422554751     
        1607   1.8793563148122090     
        1608   1.8763568791121643     
        1609   1.8798179085447169     
        1610   1.8754835751679446     
        1611   1.8738808059500587     
        1612   1.8718540021112005     
        1613   1.8705861412295945     
        1614   1.8663276341321335     
        1615   1.8657696487376545     
        1616   1.8661654001449479     
        1617   1.8657048660435476     
        1618   1.8622122922127751     
        1619   1.8584943813819952     
        1620   1.8572849634323889     
        1621   1.8549665028501676     
        1622   1.8518486120731421     
        1623   1.8528177833926052     
        1624   1.8525001385620177     
        1625   1.8478530934687012     
        1626   1.8469788806295016     
        1627   1.8483394257703267     
        1628   1.8426138693821357     
        1629   1.8391624603016721     
        1630   1.8388932852253921     
        1631   1.8369050421818944     
        1632   1.8388137617575286     
        1633   1.8360230673612243     
        1634   1.8324174361453276     
        1635   1.8304379939476170     
        1636   1.8281493831933049     
        1637   1.8286323668175235     
        1638   1.8256154507743372     
        1639   1.8227655906172937     
        1640   1.8207083090834006     
        1641   1.8194866852116720     
        1642   1.8162709298454749     
        1643   1.8136042729105941     
        1644   1.8112979492303491     
        1645   1.8112578256242478     
        1646   1.8089649153397582     
        1647   1.8099483120960671     
        1648   1.8088401255111910     
        1649   1.8020800619729829     
        1650   1.8052612245041701     
        1651   1.8010184430797749     
        1652   1.7969739373705902     
        1653   1.7970743821142852     
        1654   1.7967610383068455     
        1655   1.7932191637509785     
        1656   1.7932728531991269     
        1657   1.7903383171291696     
        1658   1.7867255436746126     
        1659   1.7840366377349566     
        1660   1.7805918994226133     
        1661   1.7817894612285883     
        1662   1.7810344475336235     
        1663   1.7768662257793741     
        1664   1.7743451723437123     
        1665   1.7739577132564284     
        1666   1.7710227774647367     
        1667   1.7706993615251281     
        1668   1.7684055979777793     
        1669   1.7669549570460716     
        1670   1.7669568983311219     
        1671   1.7617890140752532     
        1672   1.7626932087818803     
        1673   1.7593211699055515     
        1674   1.7566875366078367     
        1675   1.7541840625842648     
        1676   1.7532558413705084     
        1677   1.7519331333852617     
        1678   1.7505490628166369     
        1679   1.7490771530150000     
        1680   1.7478818468276458     
        1681   1.7441587766734705     
        1682   1.7431621695804047     
        1683   1.7430742899703775     
        1684   1.7407025717656646     
        1685   1.7368551929657399     
        1686   1.7391398503910287     
        1687   1.7350098451569795     
        1688   1.7315961916002565     
        1689   1.7321157419959463     
        1690   1.7303057377001438     
        1691   1.7299218530139473     
        1692   1.7243016091601129     
        1693   1.7252541537007402     
        1694   1.7214210661013658     
        1695   1.7207003228670059     
        1696   1.7186289420992422     
        1697   1.7160315382484477     
        1698   1.7149335555993028     
        1699   1.7144546881143654     
        1700   1.7113427912420085     
        1701   1.7081648246585102     
        1702   1.7089879686716807     
        1703   1.7032816751199289     
        1704   1.7021906940780223     
        1705   1.6986839666428013     
        1706   1.7008003786432218     
        1707   1.6962558628793196     
        1708   1.6946217386018074     
        1709   1.6916780653210237     
        1710   1.6913902218453640     
        1711   1.6883836250527069     
        1712   1.6851100266661341     
        1713   1.6843832165733263     
        1714   1.6822883995463227     
        1715   1.6811298342072933     
        1716   1.6790286441969082     
        1717   1.6772587180440282     
        1718   1.6720188781378467     
        1719   1.6725785513807683     
        1720   1.6717746847709281     
        1721   1.6684323254842035     
        1722   1.6681960033944025     
        1723   1.6639416227381829     
        1724   1.6633134028243541     
        1725   1.6610884026634443     
        1726   1.6581830388381615     
        1727   1.6556381743101114     
        1728   1.6520415756383546     
        1729   1.6533450185440128     
        1730   1.6479828471327236     
        1731   1.6493482372730901     
        1732   1.6481798929196261     
        1733   1.6474904562473547     
        1734   1.6454469199074999     
        1735   1.6406218639645898     
        1736   1.6378597629565466     
        1737   1.6394358301390299     
        1738   1.6368512826280714     
        1739   1.6336754370820157     
        1740   1.6313218834705856     
        1741   1.6314185118759510     
        1742   1.6248631377814617     
        1743   1.6255998794139037     
        1744   1.6238178482596752     
        1745   1.6214693805900744     
        1746   1.6184068179209339     
        1747   1.6184479479523095     
        1748   1.6146639286969722     
        1749   1.6144550550888019     
        1750   1.6135039324281475     
        1751   1.6114583595443679     
        1752   1.6083122161781112     
        1753   1.6045386312959176     
        1754   1.6016170986777380     
        1755   1.5981904821648383     
        1756   1.5993700091156615     
        1757   1.5962593919016226     
        1758   1.5953043620957694     
        1759   1.5942446450092413     
        1760   1.5914011628728912     
        1761   1.5881325115300058     
        1762   1.5858305332872573     
        1763   1.5860115922246447     
        1764   1.5831515511336853     
        1765   1.5809713948903783     
        1766   1.5804704277607149     
        1767   1.5746735646114554     
        1768   1.5755966760743638     
        1769   1.5728387292314987     
        1770   1.5679121833249523     
        1771   1.5682190892124481     
        1772   1.5661443517591862     
        1773   1.5638670651471818     
        1774   1.5594690107085161     
        1775   1.5559680394349606     
        1776   1.5566655713948365     
        1777   1.5534200315420816     
        1778   1.5550090379030899     
        1779   1.5490429569008353     
        1780   1.5487764451875392     
        1781   1.5473144967840058     
        1782   1.5430363023308769     
        1783   1.5438094207983115     
        1784   1.5406307323805126     
        1785   1.5378006625095633     
        1786   1.5363429314228256     
        1787   1.5334108900441561     
        1788   1.5315979695854276     
        1789   1.5298106345326035     
        1790   1.5272745210067675     
        1791   1.5284622760103144     
        1792   1.5216398191943754     
        1793   1.5223897263374635     
        1794   1.5201532572335821     
        1795   1.5180980689203118     
        1796   1.5158173478396684     
        1797   1.5133492367921297     
        1798   1.5129755402849339     
        1799   1.5100048952816636     
        1800   1.5090718002388830     
        1801   1.5054917004435169     
        1802   1.5041872200931241     
        1803   1.5020939098984243     
        1804   1.4973168849694909     
        1805   1.4967385297024878     
        1806   1.4930038393475185     
        1807   1.4923188490601087     
        1808   1.4917679280715621     
        1809   1.4879659615628003     
        1810   1.4863227225105327     
        1811   1.4834174684448229     
        1812   1.4820133058772484     
        1813   1.4789895731894689     
        1814   1.4766168672507436     
        1815   1.4766275839024250     
        1816   1.4742111981501940     
        1817   1.4725798827067980     
        1818   1.4680924824760917     
        1819   1.4657229579746949     
        1820   1.4642859602994931     
        1821   1.4612782572610294     
        1822   1.4601582416957450     
        1823   1.4571939527130766     
        1824   1.4547355714962056     
        1825   1.4522055351228733     
        1826   1.4507170849443827     
        1827   1.4487709935744024     
        1828   1.4475258174746777     
        1829   1.4446739334099306     
        1830   1.4429996628436090     
        1831   1.4413195274048944     
        1832   1.4363073808327109     
        1833   1.4376362804230265     
        1834   1.4328416344886197     
        1835   1.4300098651507380     
        1836   1.4285558968995100     
        1837   1.4267684414291348     
        1838   1.4237608134039008     
        1839   1.4208644583442682     
        1840   1.4190771596044121     
        1841   1.4155938875008318     
        1842   1.4136503924479440     
        1843   1.4110947025064828     
        1844   1.4090877980090686     
        1845   1.4067417436214400     
        1846   1.4062984121410889     
        1847   1.4028086132076321     
        1848   1.4015179886766165     
        1849   1.3974849967192335     
        1850   1.3949553168812092     
        1851   1.3926174619284188     
        1852   1.3905210948702948     
        1853   1.3897299476010196     
        1854   1.3855341040347429     
        1855   1.3840989108822046     
        1856   1.3827030583390387     
        1857   1.3771943130376105     
        1858   1.3752455723889636     
        1859   1.3760187184486341     
        1860   1.3728983590840280     
        1861   1.3698010302444792     
        1862   1.3670824663991332     
        1863   1.3648841491086168     
        1864   1.3621782355043377     
        1865   1.3625190681453621     
        1866   1.3565271810680342     
        1867   1.3547896955296372     
        1868   1.3520451585580457     
        1869   1.3515167320443897     
        1870   1.3479912092439643     
        1871   1.3446796633561953     
        1872   1.3423991221525180     
        1873   1.3404974289746718     
        1874   1.3383437031915544     
        1875   1.3356322963758425     
        1876   1.3326185712067169     
        1877   1.3304652312064478     
        1878   1.3291114419262657     
        1879   1.3250911762972126     
        1880   1.3237735725926463     
        1881   1.3202795818064001     
        1882   1.3192329231539506     
        1883   1.3155467848203255     
        1884   1.3138116840355649     
        1885   1.3123930738458127     
        1886   1.3081651946815678     
        1887   1.3065327883715261     
        1888   1.3051672535169894     
        1889   1.3013540624474067     
        1890   1.3018130076246028     
        1891   1.2980967902593137     
        1892   1.2950751851641031     
        1893   1.2914988359152211     
        1894   1.2911940743836565     
        1895   1.2876113823107811     
        1896   1.2861052580927232     
        1897   1.2852048803413711     
        1898   1.2805769774537239     
        1899   1.2788356791196769     
        1900   1.2750597975600126     
        1901   1.2749929676652092     
        1902   1.2696660452325048     
        1903   1.2669788900429717     
        1904   1.2656000785121553     
        1905   1.2625872542296517     
        1906   1.2607051581618089     
        1907   1.2578430025599161     
        1908   1.2545803572546790     
        1909   1.2517930932123136     
        1910   1.2489750889089943     
        1911   1.2477410979813188     
        1912   1.2453460148099464     
        1913   1.2425304818826013     
        1914   1.2419930649398176     
        1915   1.2384491446562469     
        1916   1.2364715764457406     
        1917   1.2315819399906982     
        1918   1.2296375727268307     
        1919   1.2268449644767749     
        1920   1.2239025399799528     
        1921   1.2218568208155318     
        1922   1.2200756885924258     
        1923   1.2170414877367481     
        1924   1.2152918425098267     
        1925   1.2123433689106746     
        1926   1.2091361832760781     
        1927   1.2065036046249487     
        1928   1.2038830714637325     
        1929   1.2018371009295350     
        1930   1.1994524786780336     
        1931   1.1948521540312393     
        1932   1.1937099396507154     
        1933   1.1920845256426382     
        1934   1.1886968912530969     
        1935   1.1845474119497912     
        1936   1.1818350993312847     
        1937   1.1813587443642162     
        1938   1.1781043027316296     
        1939   1.1765488189661764     
        1940   1.1740057876554084     
        1941   1.1699965201747857     
        1942   1.1673837920695713     
        1943   1.1666097422667516     
        1944   1.1614893776915458     
        1945   1.1589606793163516     
        1946   1.1559521258898884     
        1947   1.1544721689847166     
        1948   1.1510797748601456     
        1949   1.1491711385633514     
        1950   1.1443559802315439     
        1951   1.1422478247576600     
        1952   1.1414950471112164     
        1953   1.1372821765354295     
        1954   1.1350070728234158     
        1955   1.1318909429264243     
        1956   1.1298117807476027     
        1957   1.1275395076048609     
        1958   1.1238526721183337     
        1959   1.1206586410397548     
        1960   1.1185791531849705     
        1961   1.1146893921356951     
        1962   1.1151696465449221     
        1963   1.1103041138979934     
        1964   1.1066879785877246     
        1965   1.1041812162735507     
        1966   1.1022523921984573     
        1967   1.0985377657428050     
        1968   1.0950333215338051     
        1969   1.0921932566105335     
        1970   1.0906498367691593     
        1971   1.0886379275243143     
        1972   1.0843899246295692     
        1973   1.0818710461546484     
        1974   1.0796623838195725     
        1975   1.0758899836120626     
        1976   1.0732181177010058     
        1977   1.0698556048753742     
        1978   1.0670609682304539     
        1979   1.0651627264712684     
        1980   1.0608019485349480     
        1981   1.0585228421869690     
        1982   1.0560758567402524     
        1983   1.0534723606015233     
        1984   1.0493433490169819     
        1985   1.0477266862570618     
        1986   1.0456020361285734     
        1987   1.0412823115523702     
        1988   1.0373096991272301     
        1989   1.0363063861153536     
        1990   1.0325887941024030     
        1991   1.0296379748524991     
        1992   1.0276155574940207     
        1993   1.0234403962753935     
        1994   1.0198468519934190     
        1995   1.0163124660168137     
        1996   1.0134132306055605     
        1997   1.0113506651638111     
        1998   1.0090960599493530     
        1999   1.0057691971636888     
        2000   1.0032633367454871     
