 # Pos, Density, Err_Density
           1  0.50210564102564104        2.5318259665747838E-004
           2  0.50217256410256406        2.5318245167711754E-004
           3  0.50330358974358980        2.5317931534115686E-004
           4  0.50400641025641024        2.5317671373702866E-004
           5  0.50489076923076925        2.5317272930891667E-004
           6  0.50517076923076920        2.5317130267639356E-004
           7  0.50564256410256414        2.5316871919139699E-004
           8  0.50609743589743594        2.5316601489195988E-004
           9  0.50697256410256408        2.5316022257619711E-004
          10  0.50781923076923075        2.5315388024808329E-004
          11  0.50772435897435897        2.5315462705547922E-004
          12  0.50897512820512825        2.5314404892487068E-004
          13  0.50936692307692311        2.5314040937690174E-004
          14  0.50997717948717947        2.5313443063254294E-004
          15  0.51065564102564098        2.5312734066753559E-004
          16  0.51143794871794868        2.5311858644188874E-004
          17  0.51197589743589744        2.5311220673874087E-004
          18  0.51227307692307689        2.5310855661454335E-004
          19  0.51305974358974360        2.5309846219095889E-004
          20  0.51368435897435893        2.5309000036951532E-004
          21  0.51426307692307693        2.5308180730525444E-004
          22  0.51499333333333330        2.5307098424261735E-004
          23  0.51602410256410258        2.5305478688089899E-004
          24  0.51637589743589740        2.5304901216915846E-004
          25  0.51730435897435900        2.5303316857701628E-004
          26  0.51772230769230765        2.5302575110159833E-004
          27  0.51844051282051284        2.5301259089320318E-004
          28  0.51931538461538462        2.5299585276683973E-004
          29  0.51968923076923079        2.5298846339954025E-004
          30  0.52024000000000004        2.5297731853331771E-004
          31  0.52110743589743591        2.5295914140016087E-004
          32  0.52154153846153850        2.5294975791834888E-004
          33  0.52261820512820512        2.5292565888468269E-004
          34  0.52335051282051281        2.5290859479419462E-004
          35  0.52398384615384619        2.5289339758983510E-004
          36  0.52468897435897432        2.5287599806264724E-004
          37  0.52527974358974361        2.5286103133987617E-004
          38  0.52617076923076922        2.5283778667098910E-004
          39  0.52690179487179489        2.5281811310914957E-004
          40  0.52728205128205130        2.5280766464253244E-004
          41  0.52792282051282047        2.5278972517185861E-004
          42  0.52922589743589743        2.5275195447724692E-004
          43  0.52985871794871797        2.5273298819842931E-004
          44  0.53073666666666663        2.5270599990960519E-004
          45  0.53087102564102562        2.5270180043389297E-004
          46  0.53215076923076921        2.5266087946041469E-004
          47  0.53303589743589741        2.5263160037463126E-004
          48  0.53340948717948722        2.5261900276006181E-004
          49  0.53452512820512821        2.5258053578419422E-004
          50  0.53489256410256414        2.5256758880639051E-004
          51  0.53603230769230770        2.5252655245125135E-004
          52  0.53717128205128206        2.5248421925333302E-004
          53  0.53739589743589744        2.5247571442233341E-004
          54  0.53854743589743592        2.5243130326513919E-004
          55  0.53978743589743594        2.5238196527501490E-004
          56  0.53960487179487182        2.5238932793181809E-004
          57  0.54067897435897438        2.5234552067836751E-004
          58  0.54149820512820512        2.5231131511723582E-004
          59  0.54283641025641027        2.5225396337835476E-004
          60  0.54341923076923082        2.5222841215312002E-004
          61  0.54424538461538463        2.5219159685274526E-004
          62  0.54512692307692312        2.5215154214998928E-004
          63  0.54571153846153841        2.5212453945979796E-004
          64  0.54658538461538464        2.5208352397885732E-004
          65  0.54755692307692305        2.5203700332081664E-004
          66  0.54837102564102569        2.5199727505569622E-004
          67  0.54949000000000003        2.5194155808898956E-004
          68  0.55028025641025646        2.5190143362104582E-004
          69  0.55122589743589745        2.5185257563568810E-004
          70  0.55182051282051281        2.5182138279660572E-004
          71  0.55324384615384614        2.5174523795396577E-004
          72  0.55404076923076928        2.5170169322950874E-004
          73  0.55506051282051283        2.5164501856015151E-004
          74  0.55573205128205128        2.5160711052480154E-004
          75  0.55666358974358976        2.5155375507360922E-004
          76  0.55767743589743590        2.5149466701196828E-004
          77  0.55825846153846159        2.5146032549335390E-004
          78  0.55911717948717954        2.5140893191886554E-004
          79  0.56029589743589747        2.5133714447515116E-004
          80  0.56103102564102569        2.5129164479932451E-004
          81  0.56199974358974358        2.5123083256128707E-004
          82  0.56300589743589746        2.5116664040713990E-004
          83  0.56364128205128206        2.5112556222901377E-004
          84  0.56528564102564105        2.5101730713437390E-004
          85  0.56657384615384621        2.5093053641334328E-004
          86  0.56740589743589742        2.5087357373317889E-004
          87  0.56862102564102568        2.5078909048777533E-004
          88  0.56932487179487179        2.5073945111671997E-004
          89  0.57056307692307695        2.5065087179598880E-004
          90  0.57173538461538465        2.5056553193397247E-004
          91  0.57256692307692303        2.5050412846546675E-004
          92  0.57349923076923082        2.5043442412895820E-004
          93  0.57402897435897438        2.5039441244449764E-004
          94  0.57596000000000003        2.5024607294749107E-004
          95  0.57642923076923080        2.5020943672586119E-004
          96  0.57773358974358979        2.5010638199424276E-004
          97  0.57885153846153847        2.5001663271965324E-004
          98  0.58002282051282050        2.4992119178220802E-004
          99  0.58112512820512818        2.4983005176016672E-004
         100  0.58216076923076920        2.4974325688358967E-004
         101  0.58353230769230768        2.4962656908413683E-004
         102  0.58440051282051286        2.4955167669737341E-004
         103  0.58535410256410259        2.4946850023419107E-004
         104  0.58696410256410259        2.4932588337211851E-004
         105  0.58811384615384621        2.4922235469760647E-004
         106  0.58930666666666665        2.4911346363932596E-004
         107  0.58993128205128209        2.4905583994852402E-004
         108  0.59124282051282051        2.4893349318018361E-004
         109  0.59276179487179492        2.4878950499968949E-004
         110  0.59399230769230771        2.4867105555417861E-004
         111  0.59517717948717952        2.4855547000199806E-004
         112  0.59638230769230771        2.4843636690509175E-004
         113  0.59753307692307689        2.4832118309938079E-004
         114  0.59903358974358978        2.4816885695981913E-004
         115  0.59990846153846156        2.4807892629162309E-004
         116  0.60131128205128204        2.4793300590628212E-004
         117  0.60231410256410256        2.4782739258817188E-004
         118  0.60428000000000004        2.4761719918724005E-004
         119  0.60581512820512817        2.4745015485792973E-004
         120  0.60697666666666672        2.4732206387462137E-004
         121  0.60804897435897431        2.4720251178085247E-004
         122  0.60974871794871799        2.4701044248070993E-004
         123  0.61086410256410262        2.4688269339529851E-004
         124  0.61254589743589749        2.4668750135694022E-004
         125  0.61361205128205132        2.4656215828534878E-004
         126  0.61540410256410261        2.4634866531067777E-004
         127  0.61691384615384615        2.4616606474112552E-004
         128  0.61828051282051277        2.4599860343929022E-004
         129  0.61939564102564104        2.4586043617867492E-004
         130  0.62137641025641022        2.4561162120320895E-004
         131  0.62280051282051285        2.4543004332584870E-004
         132  0.62367948717948718        2.4531684611424625E-004
         133  0.62565205128205126        2.4505967981060261E-004
         134  0.62694794871794868        2.4488836719778294E-004
         135  0.62842076923076928        2.4469138387174803E-004
         136  0.63085897435897431        2.4435993252373524E-004
         137  0.63182230769230774        2.4422713219705671E-004
         138  0.63377435897435896        2.4395481973523523E-004
         139  0.63505384615384619        2.4377399087145921E-004
         140  0.63723871794871800        2.4346090840625319E-004
         141  0.63876384615384618        2.4323914316857492E-004
         142  0.64009871794871798        2.4304286275402787E-004
         143  0.64206538461538465        2.4274996447969468E-004
         144  0.64387871794871798        2.4247596472028762E-004
         145  0.64489076923076927        2.4232139338115316E-004
         146  0.64691307692307687        2.4200897834001527E-004
         147  0.64886564102564104        2.4170283774684607E-004
         148  0.65065641025641030        2.4141816368298527E-004
         149  0.65256897435897432        2.4110999089310779E-004
         150  0.65467589743589749        2.4076553481971951E-004
         151  0.65664435897435902        2.4043899210291297E-004
         152  0.65825820512820510        2.4016785823807981E-004
         153  0.65985615384615381        2.3989635052295931E-004
         154  0.66242641025641025        2.3945325610499898E-004
         155  0.66401051282051282        2.3917623139152949E-004
         156  0.66626076923076927        2.3877752579400322E-004
         157  0.66800923076923080        2.3846351028516052E-004
         158  0.67023230769230768        2.3805890319239699E-004
         159  0.67264102564102568        2.3761371165305725E-004
         160  0.67412871794871798        2.3733520035937479E-004
         161  0.67665692307692304        2.3685564765896379E-004
         162  0.67886923076923078        2.3642952995962485E-004
         163  0.68120743589743593        2.3597254576048952E-004
         164  0.68333102564102566        2.3555158128420544E-004
         165  0.68535641025641025        2.3514480054816268E-004
         166  0.68776666666666664        2.3465396175300721E-004
         167  0.69060871794871792        2.3406569132811679E-004
         168  0.69248410256410253        2.3367184433714097E-004
         169  0.69523461538461540        2.3308601084183345E-004
         170  0.69788820512820515        2.3251151516625370E-004
         171  0.70013076923076922        2.3201882947853587E-004
         172  0.70250974358974361        2.3148893962126688E-004
         173  0.70512564102564101        2.3089761933333129E-004
         174  0.70789743589743592        2.3026108712261855E-004
         175  0.71052641025641028        2.2964779643248217E-004
         176  0.71318974358974363        2.2901692537840809E-004
         177  0.71633589743589743        2.2825917538813863E-004
         178  0.71888589743589748        2.2763497765551343E-004
         179  0.72169743589743585        2.2693625385099595E-004
         180  0.72446487179487185        2.2623763393326266E-004
         181  0.72725923076923082        2.2552118669598084E-004
         182  0.73048487179487176        2.2468024223252708E-004
         183  0.73348179487179488        2.2388541681499002E-004
         184  0.73686692307692303        2.2297180501997191E-004
         185  0.74006051282051277        2.2209431479138425E-004
         186  0.74349153846153848        2.2113452843475120E-004
         187  0.74641846153846159        2.2030162412719855E-004
         188  0.74987615384615380        2.1930069962534888E-004
         189  0.75369923076923073        2.1817230329466107E-004
         190  0.75683589743589741        2.1722924307809326E-004
         191  0.76072179487179492        2.1603901931449004E-004
         192  0.76436615384615381        2.1490041623409579E-004
         193  0.76797179487179490        2.1375226323779394E-004
         194  0.77209282051282047        2.1241317805549499E-004
         195  0.77609205128205128        2.1108582482188537E-004
         196  0.78011333333333333        2.0972296775098145E-004
         197  0.78394615384615385        2.0839716871198948E-004
         198  0.78842102564102567        2.0681548320762840E-004
         199  0.79261076923076923        2.0530086597927538E-004
         200  0.79647307692307689        2.0387509666696657E-004
