 # Pos, Density, Err_Density
           1  0.30217500000000003        1.0268039476331399E-003
           2  0.30204999999999999        1.0266834894455058E-003
           3  0.30362499999999998        1.0281946784899249E-003
           4  0.30408499999999999        1.0286333476389924E-003
           5  0.30636000000000002        1.0307850173532792E-003
           6  0.30584499999999998        1.0303005289113464E-003
           7  0.30458000000000002        1.0291040365288634E-003
           8  0.30486000000000002        1.0293696624633932E-003
           9  0.30696000000000001        1.0313475612033027E-003
          10  0.30763000000000001        1.0319733114281589E-003
          11  0.30876500000000001        1.0330275281303012E-003
          12  0.30830500000000000        1.0326011499485171E-003
          13  0.30862000000000001        1.0328932558594814E-003
          14  0.30862000000000001        1.0328932558594814E-003
          15  0.31117499999999998        1.0352418059926870E-003
          16  0.30856499999999998        1.0328422938062714E-003
          17  0.31215500000000002        1.0361328485647967E-003
          18  0.31201499999999999        1.0360058874712055E-003
          19  0.31080999999999998        1.0349085561053208E-003
          20  0.31175000000000003        1.0357652666024286E-003
          21  0.31376500000000002        1.0375849959762334E-003
          22  0.31264999999999998        1.0365808639464652E-003
          23  0.31354500000000002        1.0373874227476445E-003
          24  0.31469999999999998        1.0384216629096294E-003
          25  0.31643500000000002        1.0399612751804752E-003
          26  0.31647999999999998        1.0400009846149186E-003
          27  0.31780000000000003        1.0411607944981408E-003
          28  0.31544499999999998        1.0390848184219611E-003
          29  0.31884000000000001        1.0420677866626528E-003
          30  0.31863000000000002        1.0418851258656109E-003
          31  0.31874999999999998        1.0419895332967602E-003
          32  0.32068999999999998        1.0436664311455073E-003
          33  0.31991000000000003        1.0429947073211830E-003
          34  0.32140000000000002        1.0442749637906675E-003
          35  0.32036999999999999        1.0433912571514100E-003
          36  0.32179000000000002        1.0446080506582361E-003
          37  0.32113999999999998        1.0440524421694536E-003
          38  0.32352500000000001        1.0460797636294280E-003
          39  0.32088499999999998        1.0438338392076585E-003
          40  0.32446999999999998        1.0468744411341793E-003
          41  0.32649000000000000        1.0485568174877316E-003
          42  0.32661499999999999        1.0486601970490727E-003
          43  0.32756500000000000        1.0494431160739490E-003
          44  0.32762999999999998        1.0494965057111910E-003
          45  0.32868000000000003        1.0503557911488849E-003
          46  0.32851999999999998        1.0502252367944698E-003
          47  0.33000000000000002        1.0514276009312292E-003
          48  0.33084999999999998        1.0521128207088819E-003
          49  0.33139500000000000        1.0525501270129609E-003
          50  0.33082499999999998        1.0520927225653640E-003
          51  0.33105000000000001        1.0522734851263714E-003
          52  0.33527000000000001        1.0556136298381146E-003
          53  0.33291500000000002        1.0537613647667104E-003
          54  0.33215000000000000        1.0531533067412360E-003
          55  0.33592499999999997        1.0561235590000821E-003
          56  0.33566499999999999        1.0559214169979696E-003
          57  0.33282499999999998        1.0536899908772978E-003
          58  0.33799000000000001        1.0577163133373712E-003
          59  0.33508500000000002        1.0554691913433570E-003
          60  0.33902500000000002        1.0585061392712847E-003
          61  0.33759000000000000        1.0574095514510923E-003
          62  0.33877000000000002        1.0583120690514684E-003
          63  0.34143499999999999        1.0603233958915554E-003
          64  0.34277500000000000        1.0613206381084842E-003
          65  0.34065499999999999        1.0597385785536921E-003
          66  0.34240999999999999        1.0610499326139181E-003
          67  0.34401999999999999        1.0622387669446073E-003
          68  0.34447499999999998        1.0625722901878253E-003
          69  0.34560999999999997        1.0633995671900567E-003
          70  0.34448499999999999        1.0625796082529536E-003
          71  0.34620000000000001        1.0638269596132633E-003
          72  0.34672999999999998        1.0642093475909710E-003
          73  0.34832000000000002        1.0653477779579775E-003
          74  0.34592000000000001        1.0636243547418420E-003
          75  0.34892000000000001        1.0657739760380717E-003
          76  0.34992000000000001        1.0664801770309657E-003
          77  0.35017500000000001        1.0666594334064645E-003
          78  0.35124000000000000        1.0674044744144555E-003
          79  0.35324000000000000        1.0687878704401543E-003
          80  0.35261500000000001        1.0683577625847064E-003
          81  0.35299500000000000        1.0686195065948403E-003
          82  0.35430499999999998        1.0695161685897975E-003
          83  0.35596499999999998        1.0706398058520895E-003
          84  0.35520000000000002        1.0701237311638314E-003
          85  0.35814000000000001        1.0720908086538192E-003
          86  0.35906500000000002        1.0727006240675914E-003
          87  0.35821500000000001        1.0721404147195459E-003
          88  0.35931500000000000        1.0728646950454656E-003
          89  0.35791000000000001        1.0719385054656820E-003
          90  0.36070500000000000        1.0737711650416954E-003
          91  0.36110999999999999        1.0740334443116750E-003
          92  0.36232999999999999        1.0748185221236188E-003
          93  0.36364000000000002        1.0756531745874224E-003
          94  0.36292000000000002        1.0751955022227353E-003
          95  0.36452499999999999        1.0762121639690753E-003
          96  0.36380000000000001        1.0757545259026337E-003
          97  0.36547499999999999        1.0768078388807354E-003
          98  0.36627999999999999        1.0773090587199200E-003
          99  0.36751499999999998        1.0780717155528198E-003
         100  0.36954999999999999        1.0793118119894732E-003
         101  0.36856499999999998        1.0787141437262238E-003
         102  0.37056499999999998        1.0799226379120867E-003
         103  0.37064000000000002        1.0799675698834664E-003
         104  0.37281500000000001        1.0812584699668253E-003
         105  0.37328000000000000        1.0815314179440187E-003
         106  0.37292999999999998        1.0813260726996274E-003
         107  0.37359999999999999        1.0817186325472997E-003
         108  0.37563999999999997        1.0829002502539189E-003
         109  0.37658999999999998        1.0834435192939224E-003
         110  0.37726999999999999        1.0838296616627540E-003
         111  0.37940000000000002        1.0850245158520613E-003
         112  0.37757499999999999        1.0840021203277234E-003
         113  0.38007999999999997        1.0854012935315675E-003
         114  0.37983000000000000        1.0852630351670511E-003
         115  0.38400000000000001        1.0875293099498514E-003
         116  0.38406000000000001        1.0875613003412728E-003
         117  0.38546999999999998        1.0883080425596423E-003
         118  0.38554500000000003        1.0883474927039618E-003
         119  0.38499000000000000        1.0880549156637269E-003
         120  0.38664500000000002        1.0889229632416611E-003
         121  0.38960000000000000        1.0904399112284912E-003
         122  0.39013999999999999        1.0907125661694743E-003
         123  0.38895500000000000        1.0901123978173076E-003
         124  0.39205000000000001        1.0916656940199230E-003
         125  0.39228499999999999        1.0917817519426674E-003
         126  0.39360499999999998        1.0924287253065987E-003
         127  0.39384999999999998        1.0925478879664726E-003
         128  0.39455000000000001        1.0928867679224597E-003
         129  0.39429999999999998        1.0927660088051788E-003
         130  0.39599499999999999        1.0935788951305708E-003
         131  0.39789999999999998        1.0944761075510055E-003
         132  0.39975500000000003        1.0953331456114164E-003
         133  0.40144000000000002        1.0960974555211777E-003
         134  0.40120499999999998        1.0959916696193454E-003
         135  0.40283000000000002        1.0967178103322660E-003
         136  0.40323500000000001        1.0968968383011229E-003
         137  0.40338499999999999        1.0969629478131883E-003
         138  0.40507500000000002        1.0977004244669855E-003
         139  0.40805000000000002        1.0989658718540808E-003
         140  0.40694999999999998        1.0985028390951021E-003
         141  0.40888999999999998        1.0993156232402049E-003
         142  0.40858499999999998        1.0991890141713570E-003
         143  0.41169000000000000        1.1004575046315965E-003
         144  0.41249500000000000        1.1007789854802826E-003
         145  0.41456999999999999        1.1015936526233255E-003
         146  0.41425000000000001        1.1014693311663288E-003
         147  0.41627999999999998        1.1022498845543146E-003
         148  0.41716999999999999        1.1025860308837582E-003
         149  0.41820000000000002        1.1029704438469780E-003
         150  0.42037500000000000        1.1037659610963731E-003
         151  0.42258499999999999        1.1045517592557625E-003
         152  0.42115000000000002        1.1040441057765763E-003
         153  0.42613000000000001        1.1057649458632698E-003
         154  0.42477500000000001        1.1053081004294685E-003
         155  0.42388500000000001        1.1050034089879542E-003
         156  0.42726500000000001        1.1061410845253873E-003
         157  0.42635000000000001        1.1058383188784877E-003
         158  0.42977500000000002        1.1069517816395618E-003
         159  0.43017000000000000        1.1070767161764355E-003
         160  0.43231000000000003        1.1077410886574533E-003
         161  0.43535499999999999        1.1086501341158084E-003
         162  0.43628000000000000        1.1089178544869769E-003
         163  0.43575500000000000        1.1087663865192703E-003
         164  0.43802999999999997        1.1094136268768289E-003
         165  0.43921500000000002        1.1097413747693649E-003
         166  0.44004500000000002        1.1099671120690920E-003
         167  0.44220999999999999        1.1105411201301823E-003
         168  0.44220500000000001        1.1105398191307684E-003
         169  0.44302999999999998        1.1107529408018689E-003
         170  0.44376500000000002        1.1109401981542481E-003
         171  0.44761000000000001        1.1118796875111984E-003
         172  0.44747999999999999        1.1118490221248567E-003
         173  0.45030500000000001        1.1124981055601847E-003
         174  0.45222499999999999        1.1129185715383673E-003
         175  0.45331500000000002        1.1131498344225722E-003
         176  0.45422000000000001        1.1133377555800396E-003
         177  0.45474999999999999        1.1134460864810653E-003
         178  0.45967000000000002        1.1143910693737634E-003
         179  0.46163500000000002        1.1147379216098284E-003
         180  0.46099499999999999        1.1146268657604660E-003
         181  0.46220499999999998        1.1148352747715692E-003
         182  0.46325499999999997        1.1150107734344992E-003
         183  0.46671499999999999        1.1155539179595938E-003
         184  0.46633500000000000        1.1154969022256404E-003
         185  0.47110000000000002        1.1161648399766050E-003
         186  0.47166500000000000        1.1162372681804706E-003
         187  0.47360500000000000        1.1164750422087365E-003
         188  0.47552000000000000        1.1166931754067453E-003
         189  0.47795500000000002        1.1169467712809774E-003
         190  0.47874499999999998        1.1170233322876475E-003
         191  0.47842499999999999        1.1169926574848199E-003
         192  0.48159999999999997        1.1172766890971994E-003
         193  0.48426000000000002        1.1174798709596518E-003
         194  0.48565500000000000        1.1175737581363479E-003
         195  0.48890000000000000        1.1177584488609334E-003
         196  0.49062499999999998        1.1178374420616800E-003
         197  0.49182999999999999        1.1178847237081290E-003
         198  0.49247999999999997        1.1179075310597025E-003
         199  0.49436000000000002        1.1179628580592470E-003
         200  0.49953500000000001        1.1180335052559918E-003
