 # Pos, Energy, Err_Energy
           1   1.2157460297494975        6.4380686337132389E-003
           2   1.2110796022919712        6.4222816954207177E-003
           3   1.2105305964962112        6.4228122699731887E-003
           4   1.2128415723392239        6.4209629573772414E-003
           5   1.2092744207503370        6.3452369005959162E-003
           6   1.1944609409803375        6.2930867455387729E-003
           7   1.1931895276112252        6.2753708375073531E-003
           8   1.1843542680371495        6.2434421069823675E-003
           9   1.2045936604292502        6.3108561603847689E-003
          10   1.1850480337025628        6.2258468418177450E-003
          11   1.1942920275580480        6.2482093517424592E-003
          12   1.1822672720966390        6.1849959415561945E-003
          13   1.1802839808477921        6.1740418928683243E-003
          14   1.1742651201936130        6.1663730939818728E-003
          15   1.1848428132285991        6.1729438666499690E-003
          16   1.1674551226781429        6.1074638150233340E-003
          17   1.1812639990940761        6.1368568230694724E-003
          18   1.1701182405653947        6.0704272163593920E-003
          19   1.1607582527573186        6.0692338546960833E-003
          20   1.1665433338745719        6.0432128406772301E-003
          21   1.1561116888100185        5.9962966901106717E-003
          22   1.1517660958128693        5.9741923709045117E-003
          23   1.1497685559482500        5.9700014890471708E-003
          24   1.1484774739351167        5.9430542214987331E-003
          25   1.1665011187962915        6.0269994217557743E-003
          26   1.1528618395382457        5.9620001585082632E-003
          27   1.1482893028161103        5.8888941027475869E-003
          28   1.1432907667278474        5.9084081645988272E-003
          29   1.1520180050945319        5.9260763862872910E-003
          30   1.1405471005013059        5.8715836733652191E-003
          31   1.1399177969662542        5.8386763946056382E-003
          32   1.1441446029980598        5.8422104109095161E-003
          33   1.1302933401749651        5.7859354078047404E-003
          34   1.1342803878634391        5.8012946545908462E-003
          35   1.1108605806294496        5.6946290254632354E-003
          36   1.1237372993351857        5.7514505921202764E-003
          37   1.1195884845465958        5.7188401963610596E-003
          38   1.1170355017181370        5.6738635764037489E-003
          39   1.1089523659159193        5.6862288560804598E-003
          40   1.1117281917368880        5.6633198179299417E-003
          41   1.1123379134447235        5.6171710361104200E-003
          42   1.1170877152535885        5.6446648454623240E-003
          43   1.1135989662841042        5.6373622572671138E-003
          44   1.1059270520167326        5.5994398295012267E-003
          45   1.1042170873975576        5.5507741733244508E-003
          46   1.1030432367309346        5.5857826248927366E-003
          47   1.0894109884183936        5.4739504215392939E-003
          48   1.0920393343547112        5.4896242739931930E-003
          49   1.0981809666021569        5.5295005792323363E-003
          50   1.0906071880010872        5.4535616622406581E-003
          51   1.0812343265939983        5.4486165416592364E-003
          52   1.0832226052491842        5.4085489844582337E-003
          53   1.0814140498298432        5.4408414057189785E-003
          54   1.0677394145952535        5.3555127541318730E-003
          55   1.0769164728193679        5.3950342556239759E-003
          56   1.0795809729582129        5.3867967016073184E-003
          57   1.0579576325518298        5.2898639941470335E-003
          58   1.0656983006433998        5.2721069541288475E-003
          59   1.0569886316960833        5.2964934283975416E-003
          60   1.0698804281671637        5.3021285652370331E-003
          61   1.0548233691154123        5.2278362624847956E-003
          62   1.0489841904188038        5.2175404779902920E-003
          63   1.0490429392875773        5.1721507627603067E-003
          64   1.0588258417120169        5.2207890339731238E-003
          65   1.0433054442963705        5.1321501672325701E-003
          66   1.0478182939917218        5.1953105232179879E-003
          67   1.0539548014052862        5.1840839393075015E-003
          68   1.0411092798910000        5.1015471170692663E-003
          69   1.0394321708846710        5.0893554123658674E-003
          70   1.0254775172988233        5.0331394193074003E-003
          71   1.0365899502318552        5.0779610768873365E-003
          72   1.0293263798811059        5.0167812288642146E-003
          73   1.0278390577591163        5.0191036885206741E-003
          74   1.0145103058105915        4.9654115926180313E-003
          75   1.0233339675582105        4.9938569332358181E-003
          76   1.0143699444728684        4.9430774343396941E-003
          77   1.0096110809707477        4.9128096804083067E-003
          78   1.0020225002221597        4.8473873138399149E-003
          79   1.0099011123995461        4.8999000211749685E-003
          80   1.0010296196919872        4.8446302082325501E-003
          81  0.99679420323729429        4.8416723233512485E-003
          82  0.99463387923924296        4.8038749127947457E-003
          83  0.99081255306536087        4.7835244767852536E-003
          84  0.98625629788312552        4.7740113021398694E-003
          85  0.99619185315027936        4.8088144838395403E-003
          86  0.99352806005964656        4.7692742043046101E-003
          87  0.98372440486608614        4.7155714295927459E-003
          88  0.97903946366171901        4.7409826387114712E-003
          89  0.96892087280183548        4.6644918073829979E-003
          90  0.96791526312011511        4.6311294195305270E-003
          91  0.97150147084319849        4.6384770744231710E-003
          92  0.96123816577265764        4.5717802116101306E-003
          93  0.96192718256124887        4.5771489598601268E-003
          94  0.95721551919042136        4.5692362541222354E-003
          95  0.95136361906172329        4.5154687048064900E-003
          96  0.95088340853149134        4.5374891244958325E-003
          97  0.94343323408262580        4.4804633418163587E-003
          98  0.94310012718681491        4.4692345044019637E-003
          99  0.94235245967621184        4.4827263048018550E-003
         100  0.93761757174570504        4.4361609690879650E-003
         101  0.94306821552530962        4.4607154799751652E-003
         102  0.93993026142149672        4.4207050996777266E-003
         103  0.92417107935828646        4.3585849026226134E-003
         104  0.91952179738466522        4.3136579562881826E-003
         105  0.92536485247587164        4.3439665367789523E-003
         106  0.91908203317890858        4.3169123444647085E-003
         107  0.91352912140625520        4.2819823620168316E-003
         108  0.90862296985797597        4.2513223054882355E-003
         109  0.90528865041989903        4.2358869088882046E-003
         110  0.90167498283147884        4.2158319577783269E-003
         111  0.90387705644292249        4.2116870747807662E-003
         112  0.89445646969004111        4.1524573511239147E-003
         113  0.89332196753175008        4.1538859436874012E-003
         114  0.89259706305697017        4.1340840170771718E-003
         115  0.89315201839641334        4.1073248902109890E-003
         116  0.88806268854745940        4.1048622634058474E-003
         117  0.88582450622755105        4.0509321069597971E-003
         118  0.88474054010566561        4.0743330124373995E-003
         119  0.87455123031337167        4.0190505090697297E-003
         120  0.87322097003312660        4.0097395846429140E-003
         121  0.87183986311973860        3.9867894213226809E-003
         122  0.86280947678348030        3.9457969611682141E-003
         123  0.86110398430600110        3.9501063355339367E-003
         124  0.86446456512511027        3.9375575424607815E-003
         125  0.85176423327695316        3.8634319467647010E-003
         126  0.84562752625187376        3.8434781456827636E-003
         127  0.84606532653851052        3.8377769150563833E-003
         128  0.83729443362248013        3.7902099557941501E-003
         129  0.83201283725792685        3.7816342559740704E-003
         130  0.82739003344164741        3.7447612650311646E-003
         131  0.82845037795052645        3.7418376192708000E-003
         132  0.83085822769363604        3.7362132230678159E-003
         133  0.82872550015830071        3.7324258928830810E-003
         134  0.81701729513791188        3.6620358858826594E-003
         135  0.81811116291503005        3.6574953298931434E-003
         136  0.80619673805528602        3.6220371865780796E-003
         137  0.80113842302117833        3.5956774172311435E-003
         138  0.80220850577722691        3.5946829777933923E-003
         139  0.80134335377475308        3.5624335611776940E-003
         140  0.79441193600604776        3.5411859803564059E-003
         141  0.78813309185754377        3.4991190540803766E-003
         142  0.78290957779552495        3.4805528731329822E-003
         143  0.78683578267424470        3.4686777962798709E-003
         144  0.78322087750693292        3.4671047999888138E-003
         145  0.77971550642918463        3.4363222429429933E-003
         146  0.77225117919541819        3.4169221267381978E-003
         147  0.76539470748905925        3.3658341988145272E-003
         148  0.76284781948793956        3.3603032751570888E-003
         149  0.76063906555384497        3.3230227222278562E-003
         150  0.76035100819039259        3.3082674995733295E-003
         151  0.75006751201788024        3.2803079616551393E-003
         152  0.74129015479017846        3.2308043723629815E-003
         153  0.74998494329060750        3.2517704225779459E-003
         154  0.74162233828100743        3.2156533085140725E-003
         155  0.73134746884687618        3.1807049565396274E-003
         156  0.72624154015774345        3.1482540052826806E-003
         157  0.72298622218794395        3.1307947920426018E-003
         158  0.72502964846737905        3.1222892682371624E-003
         159  0.71488406329572707        3.0818897458282637E-003
         160  0.71829285970646439        3.0780249502486848E-003
         161  0.71229796686123825        3.0440797996358522E-003
         162  0.70696634373056821        3.0176004507856844E-003
         163  0.70078239445185386        2.9953714480602110E-003
         164  0.69133855284011503        2.9324132629246686E-003
         165  0.69321794090628619        2.9396757576836898E-003
         166  0.68627292974710696        2.9083540518605898E-003
         167  0.67797531171199898        2.8726886377394342E-003
         168  0.67650364728570045        2.8738071977870406E-003
         169  0.66953642926684576        2.8303591909938147E-003
         170  0.66095745756411184        2.7931940110844087E-003
         171  0.66322746043472525        2.7853451293789713E-003
         172  0.65941166426645925        2.7575309451870222E-003
         173  0.64990941971470395        2.7246998806852709E-003
         174  0.64724535425887331        2.6947950526383588E-003
         175  0.64477192301496744        2.6820734025863107E-003
         176  0.63982249248583578        2.6577534416968476E-003
         177  0.63200066702113789        2.6281667338284224E-003
         178  0.63085151643360249        2.5971189758599786E-003
         179  0.62799828758622012        2.5716710635879619E-003
         180  0.61805913931632384        2.5380766722895628E-003
         181  0.61137042115674300        2.5145088660652667E-003
         182  0.60472680647897858        2.4808877679567171E-003
         183  0.60134005269123414        2.4620554062118505E-003
         184  0.59596665498703838        2.4191229941568208E-003
         185  0.59194649487700612        2.3984220542046493E-003
         186  0.58803043309210901        2.3781795813583020E-003
         187  0.58169562565460231        2.3451385111945560E-003
         188  0.57578665414372965        2.3154892077623347E-003
         189  0.57197557093734697        2.2910566948541170E-003
         190  0.56861759540365409        2.2825521093145784E-003
         191  0.55468163129341275        2.2186063221375672E-003
         192  0.55194609047558008        2.2063495118814871E-003
         193  0.54785268552219668        2.1813067119607794E-003
         194  0.54317617862475376        2.1503155574263836E-003
         195  0.53830012319601583        2.1156515497881079E-003
         196  0.53537485108164273        2.1078854351897301E-003
         197  0.52593463197125701        2.0678097501495938E-003
         198  0.51598498209721766        2.0256383308114587E-003
         199  0.51061647589041337        1.9952332651206025E-003
         200  0.50539109186760733        1.9547113671325770E-003
