# x, rho, T
# CSV format for plotting
# x,rho,T
  0.00000000E+00,  0.30000000E+00,  0.40000000E+01
  0.25000000E-02,  0.30026089E+00,  0.39926473E+01
  0.50000000E-02,  0.30052277E+00,  0.39852964E+01
  0.75000000E-02,  0.30078465E+00,  0.39779455E+01
  0.10000000E-01,  0.30104751E+00,  0.39705963E+01
  0.12500000E-01,  0.30131038E+00,  0.39632472E+01
  0.15000000E-01,  0.30157424E+00,  0.39558997E+01
  0.17500000E-01,  0.30183812E+00,  0.39485522E+01
  0.20000000E-01,  0.30210298E+00,  0.39412064E+01
  0.22500000E-01,  0.30236786E+00,  0.39338606E+01
  0.25000000E-01,  0.30263374E+00,  0.39265164E+01
  0.27500000E-01,  0.30289964E+00,  0.39191723E+01
  0.30000000E-01,  0.30316654E+00,  0.39118297E+01
  0.32500000E-01,  0.30343346E+00,  0.39044872E+01
  0.35000000E-01,  0.30370139E+00,  0.38971462E+01
  0.37500000E-01,  0.30396935E+00,  0.38898054E+01
  0.40000000E-01,  0.30423832E+00,  0.38824660E+01
  0.42500000E-01,  0.30450731E+00,  0.38751267E+01
  0.45000000E-01,  0.30477732E+00,  0.38677888E+01
  0.47500000E-01,  0.30504737E+00,  0.38604510E+01
  0.50000000E-01,  0.30531844E+00,  0.38531147E+01
  0.52500000E-01,  0.30558954E+00,  0.38457785E+01
  0.55000000E-01,  0.30586167E+00,  0.38384436E+01
  0.57500000E-01,  0.30613384E+00,  0.38311089E+01
  0.60000000E-01,  0.30640704E+00,  0.38237755E+01
  0.62500000E-01,  0.30668028E+00,  0.38164423E+01
  0.65000000E-01,  0.30695456E+00,  0.38091103E+01
  0.67500000E-01,  0.30722889E+00,  0.38017785E+01
  0.70000000E-01,  0.30750426E+00,  0.37944480E+01
  0.72500000E-01,  0.30777968E+00,  0.37871176E+01
  0.75000000E-01,  0.30805614E+00,  0.37797884E+01
  0.77500000E-01,  0.30833266E+00,  0.37724594E+01
  0.80000000E-01,  0.30861023E+00,  0.37651316E+01
  0.82500000E-01,  0.30888787E+00,  0.37578040E+01
  0.85000000E-01,  0.30916655E+00,  0.37504775E+01
  0.87500000E-01,  0.30944531E+00,  0.37431512E+01
  0.90000000E-01,  0.30972512E+00,  0.37358260E+01
  0.92500000E-01,  0.31000500E+00,  0.37285010E+01
  0.95000000E-01,  0.31028594E+00,  0.37211771E+01
  0.97500000E-01,  0.31056696E+00,  0.37138534E+01
  0.10000000E+00,  0.31084905E+00,  0.37065307E+01
  0.10250000E+00,  0.31113122E+00,  0.36992083E+01
  0.10500000E+00,  0.31141446E+00,  0.36918868E+01
  0.10750000E+00,  0.31169779E+00,  0.36845656E+01
  0.11000000E+00,  0.31198220E+00,  0.36772453E+01
  0.11250000E+00,  0.31226669E+00,  0.36699253E+01
  0.11500000E+00,  0.31255227E+00,  0.36626062E+01
  0.11750000E+00,  0.31283794E+00,  0.36552873E+01
  0.12000000E+00,  0.31312470E+00,  0.36479693E+01
  0.12250000E+00,  0.31341156E+00,  0.36406515E+01
  0.12500000E+00,  0.31369951E+00,  0.36333346E+01
  0.12750000E+00,  0.31398757E+00,  0.36260180E+01
  0.13000000E+00,  0.31427673E+00,  0.36187022E+01
  0.13250000E+00,  0.31456599E+00,  0.36113866E+01
  0.13500000E+00,  0.31485636E+00,  0.36040718E+01
  0.13750000E+00,  0.31514685E+00,  0.35967573E+01
  0.14000000E+00,  0.31543844E+00,  0.35894435E+01
  0.14250000E+00,  0.31573015E+00,  0.35821299E+01
  0.14500000E+00,  0.31602298E+00,  0.35748171E+01
  0.14750000E+00,  0.31631594E+00,  0.35675046E+01
  0.15000000E+00,  0.31661001E+00,  0.35601927E+01
  0.15250000E+00,  0.31690421E+00,  0.35528811E+01
  0.15500000E+00,  0.31719955E+00,  0.35455702E+01
  0.15750000E+00,  0.31749501E+00,  0.35382595E+01
  0.16000000E+00,  0.31779161E+00,  0.35309494E+01
  0.16250000E+00,  0.31808835E+00,  0.35236396E+01
  0.16500000E+00,  0.31838623E+00,  0.35163304E+01
  0.16750000E+00,  0.31868425E+00,  0.35090214E+01
  0.17000000E+00,  0.31898342E+00,  0.35017130E+01
  0.17250000E+00,  0.31928274E+00,  0.34944049E+01
  0.17500000E+00,  0.31958321E+00,  0.34870973E+01
  0.17750000E+00,  0.31988383E+00,  0.34797899E+01
  0.18000000E+00,  0.32018562E+00,  0.34724831E+01
  0.18250000E+00,  0.32048756E+00,  0.34651765E+01
  0.18500000E+00,  0.32079067E+00,  0.34578703E+01
  0.18750000E+00,  0.32109395E+00,  0.34505645E+01
  0.19000000E+00,  0.32139840E+00,  0.34432590E+01
  0.19250000E+00,  0.32170302E+00,  0.34359538E+01
  0.19500000E+00,  0.32200882E+00,  0.34286490E+01
  0.19750000E+00,  0.32231479E+00,  0.34213445E+01
  0.20000000E+00,  0.32262195E+00,  0.34140403E+01
  0.20250000E+00,  0.32292930E+00,  0.34067363E+01
  0.20500000E+00,  0.32323783E+00,  0.33994327E+01
  0.20750000E+00,  0.32354655E+00,  0.33921294E+01
  0.21000000E+00,  0.32385648E+00,  0.33848263E+01
  0.21250000E+00,  0.32416660E+00,  0.33775235E+01
  0.21500000E+00,  0.32447792E+00,  0.33702210E+01
  0.21750000E+00,  0.32478944E+00,  0.33629187E+01
  0.22000000E+00,  0.32510218E+00,  0.33556166E+01
  0.22250000E+00,  0.32541512E+00,  0.33483148E+01
  0.22500000E+00,  0.32572929E+00,  0.33410132E+01
  0.22750000E+00,  0.32604367E+00,  0.33337118E+01
  0.23000000E+00,  0.32635927E+00,  0.33264106E+01
  0.23250000E+00,  0.32667509E+00,  0.33191096E+01
  0.23500000E+00,  0.32699215E+00,  0.33118087E+01
  0.23750000E+00,  0.32730944E+00,  0.33045082E+01
  0.24000000E+00,  0.32762796E+00,  0.32972076E+01
  0.24250000E+00,  0.32794672E+00,  0.32899073E+01
  0.24500000E+00,  0.32826673E+00,  0.32826071E+01
  0.24750000E+00,  0.32858698E+00,  0.32753071E+01
  0.25000000E+00,  0.32890848E+00,  0.32680071E+01
  0.25250000E+00,  0.32923024E+00,  0.32607074E+01
  0.25500000E+00,  0.32955325E+00,  0.32534076E+01
  0.25750000E+00,  0.32987652E+00,  0.32461081E+01
  0.26000000E+00,  0.33020106E+00,  0.32388085E+01
  0.26250000E+00,  0.33052586E+00,  0.32315092E+01
  0.26500000E+00,  0.33085194E+00,  0.32242097E+01
  0.26750000E+00,  0.33117830E+00,  0.32169105E+01
  0.27000000E+00,  0.33150593E+00,  0.32096111E+01
  0.27250000E+00,  0.33183385E+00,  0.32023121E+01
  0.27500000E+00,  0.33216305E+00,  0.31950127E+01
  0.27750000E+00,  0.33249255E+00,  0.31877137E+01
  0.28000000E+00,  0.33282334E+00,  0.31804144E+01
  0.28250000E+00,  0.33315443E+00,  0.31731154E+01
  0.28500000E+00,  0.33348682E+00,  0.31658160E+01
  0.28750000E+00,  0.33381952E+00,  0.31585170E+01
  0.29000000E+00,  0.33415353E+00,  0.31512176E+01
  0.29250000E+00,  0.33448786E+00,  0.31439185E+01
  0.29500000E+00,  0.33482351E+00,  0.31366190E+01
  0.29750000E+00,  0.33515947E+00,  0.31293198E+01
  0.30000000E+00,  0.33549678E+00,  0.31220201E+01
  0.30250000E+00,  0.33583440E+00,  0.31147208E+01
  0.30500000E+00,  0.33617337E+00,  0.31074209E+01
  0.30750000E+00,  0.33651268E+00,  0.31001214E+01
  0.31000000E+00,  0.33685333E+00,  0.30928213E+01
  0.31250000E+00,  0.33719433E+00,  0.30855215E+01
  0.31500000E+00,  0.33753669E+00,  0.30782211E+01
  0.31750000E+00,  0.33787940E+00,  0.30709210E+01
  0.32000000E+00,  0.33822348E+00,  0.30636204E+01
  0.32250000E+00,  0.33856791E+00,  0.30563200E+01
  0.32500000E+00,  0.33891373E+00,  0.30490189E+01
  0.32750000E+00,  0.33925992E+00,  0.30417181E+01
  0.33000000E+00,  0.33960749E+00,  0.30344166E+01
  0.33250000E+00,  0.33995544E+00,  0.30271155E+01
  0.33500000E+00,  0.34030479E+00,  0.30198135E+01
  0.33750000E+00,  0.34065453E+00,  0.30125119E+01
  0.34000000E+00,  0.34100567E+00,  0.30052094E+01
  0.34250000E+00,  0.34135721E+00,  0.29979073E+01
  0.34500000E+00,  0.34171017E+00,  0.29906043E+01
  0.34750000E+00,  0.34206353E+00,  0.29833015E+01
  0.35000000E+00,  0.34241833E+00,  0.29759980E+01
  0.35250000E+00,  0.34277353E+00,  0.29686946E+01
  0.35500000E+00,  0.34313017E+00,  0.29613904E+01
  0.35750000E+00,  0.34348724E+00,  0.29540864E+01
  0.36000000E+00,  0.34384576E+00,  0.29467815E+01
  0.36250000E+00,  0.34420471E+00,  0.29394768E+01
  0.36500000E+00,  0.34456512E+00,  0.29321711E+01
  0.36750000E+00,  0.34492597E+00,  0.29248656E+01
  0.37000000E+00,  0.34528830E+00,  0.29175592E+01
  0.37250000E+00,  0.34565107E+00,  0.29102529E+01
  0.37500000E+00,  0.34601533E+00,  0.29029456E+01
  0.37750000E+00,  0.34638006E+00,  0.28956385E+01
  0.38000000E+00,  0.34674627E+00,  0.28883302E+01
  0.38250000E+00,  0.34711296E+00,  0.28810222E+01
  0.38500000E+00,  0.34748116E+00,  0.28737131E+01
  0.38750000E+00,  0.34784984E+00,  0.28664041E+01
  0.39000000E+00,  0.34822003E+00,  0.28590939E+01
  0.39250000E+00,  0.34859072E+00,  0.28517839E+01
  0.39500000E+00,  0.34896294E+00,  0.28444727E+01
  0.39750000E+00,  0.34933567E+00,  0.28371616E+01
  0.40000000E+00,  0.34970993E+00,  0.28298493E+01
  0.40250000E+00,  0.35008472E+00,  0.28225371E+01
  0.40500000E+00,  0.35046105E+00,  0.28152236E+01
  0.40750000E+00,  0.35083792E+00,  0.28079103E+01
  0.41000000E+00,  0.35121634E+00,  0.28005955E+01
  0.41250000E+00,  0.35159532E+00,  0.27932810E+01
  0.41500000E+00,  0.35197586E+00,  0.27859649E+01
  0.41750000E+00,  0.35235696E+00,  0.27786491E+01
  0.42000000E+00,  0.35273965E+00,  0.27713317E+01
  0.42250000E+00,  0.35312291E+00,  0.27640145E+01
  0.42500000E+00,  0.35350776E+00,  0.27566958E+01
  0.42750000E+00,  0.35389320E+00,  0.27493772E+01
  0.43000000E+00,  0.35428025E+00,  0.27420570E+01
  0.43250000E+00,  0.35466789E+00,  0.27347369E+01
  0.43500000E+00,  0.35505716E+00,  0.27274152E+01
  0.43750000E+00,  0.35544703E+00,  0.27200936E+01
  0.44000000E+00,  0.35583855E+00,  0.27127704E+01
  0.44250000E+00,  0.35623068E+00,  0.27054472E+01
  0.44500000E+00,  0.35662447E+00,  0.26981223E+01
  0.44750000E+00,  0.35701889E+00,  0.26907975E+01
  0.45000000E+00,  0.35741497E+00,  0.26834709E+01
  0.45250000E+00,  0.35781171E+00,  0.26761443E+01
  0.45500000E+00,  0.35821012E+00,  0.26688160E+01
  0.45750000E+00,  0.35860920E+00,  0.26614877E+01
  0.46000000E+00,  0.35900997E+00,  0.26541575E+01
  0.46250000E+00,  0.35941142E+00,  0.26468274E+01
  0.46500000E+00,  0.35981457E+00,  0.26394953E+01
  0.46750000E+00,  0.36021842E+00,  0.26321633E+01
  0.47000000E+00,  0.36062399E+00,  0.26248293E+01
  0.47250000E+00,  0.36103027E+00,  0.26174953E+01
  0.47500000E+00,  0.36143829E+00,  0.26101593E+01
  0.47750000E+00,  0.36184703E+00,  0.26028232E+01
  0.48000000E+00,  0.36225752E+00,  0.25954851E+01
  0.48250000E+00,  0.36266875E+00,  0.25881470E+01
  0.48500000E+00,  0.36308175E+00,  0.25808068E+01
  0.48750000E+00,  0.36349551E+00,  0.25734665E+01
  0.49000000E+00,  0.36391105E+00,  0.25661240E+01
  0.49250000E+00,  0.36432736E+00,  0.25587814E+01
  0.49500000E+00,  0.36474547E+00,  0.25514367E+01
  0.49750000E+00,  0.36516437E+00,  0.25440918E+01
  0.50000000E+00,  0.36558508E+00,  0.25367447E+01
  0.50250000E+00,  0.36600660E+00,  0.25293974E+01
  0.50500000E+00,  0.36642996E+00,  0.25220479E+01
  0.50750000E+00,  0.36685414E+00,  0.25146982E+01
  0.51000000E+00,  0.36728017E+00,  0.25073461E+01
  0.51250000E+00,  0.36770704E+00,  0.24999939E+01
  0.51500000E+00,  0.36813578E+00,  0.24926392E+01
  0.51750000E+00,  0.36856537E+00,  0.24852844E+01
  0.52000000E+00,  0.36899685E+00,  0.24779270E+01
  0.52250000E+00,  0.36942921E+00,  0.24705695E+01
  0.52500000E+00,  0.36986348E+00,  0.24632095E+01
  0.52750000E+00,  0.37029863E+00,  0.24558492E+01
  0.53000000E+00,  0.37073572E+00,  0.24484863E+01
  0.53250000E+00,  0.37117372E+00,  0.24411231E+01
  0.53500000E+00,  0.37161366E+00,  0.24337574E+01
  0.53750000E+00,  0.37205453E+00,  0.24263913E+01
  0.54000000E+00,  0.37249737E+00,  0.24190226E+01
  0.54250000E+00,  0.37294116E+00,  0.24116535E+01
  0.54500000E+00,  0.37338693E+00,  0.24042817E+01
  0.54750000E+00,  0.37383367E+00,  0.23969095E+01
  0.55000000E+00,  0.37428242E+00,  0.23895345E+01
  0.55250000E+00,  0.37473217E+00,  0.23821592E+01
  0.55500000E+00,  0.37518393E+00,  0.23747810E+01
  0.55750000E+00,  0.37563672E+00,  0.23674024E+01
  0.56000000E+00,  0.37609154E+00,  0.23600209E+01
  0.56250000E+00,  0.37654741E+00,  0.23526390E+01
  0.56500000E+00,  0.37700534E+00,  0.23452540E+01
  0.56750000E+00,  0.37746433E+00,  0.23378687E+01
  0.57000000E+00,  0.37792541E+00,  0.23304802E+01
  0.57250000E+00,  0.37838757E+00,  0.23230913E+01
  0.57500000E+00,  0.37885184E+00,  0.23156993E+01
  0.57750000E+00,  0.37931722E+00,  0.23083068E+01
  0.58000000E+00,  0.37978473E+00,  0.23009111E+01
  0.58250000E+00,  0.38025337E+00,  0.22935148E+01
  0.58500000E+00,  0.38072417E+00,  0.22861153E+01
  0.58750000E+00,  0.38119612E+00,  0.22787153E+01
  0.59000000E+00,  0.38167026E+00,  0.22713119E+01
  0.59250000E+00,  0.38214557E+00,  0.22639080E+01
  0.59500000E+00,  0.38262309E+00,  0.22565006E+01
  0.59750000E+00,  0.38310181E+00,  0.22490927E+01
  0.60000000E+00,  0.38358277E+00,  0.22416813E+01
  0.60250000E+00,  0.38406495E+00,  0.22342692E+01
  0.60500000E+00,  0.38454939E+00,  0.22268536E+01
  0.60750000E+00,  0.38503508E+00,  0.22194373E+01
  0.61000000E+00,  0.38552307E+00,  0.22120174E+01
  0.61250000E+00,  0.38601233E+00,  0.22045968E+01
  0.61500000E+00,  0.38650390E+00,  0.21971726E+01
  0.61750000E+00,  0.38699679E+00,  0.21897476E+01
  0.62000000E+00,  0.38749201E+00,  0.21823188E+01
  0.62250000E+00,  0.38798857E+00,  0.21748892E+01
  0.62500000E+00,  0.38848750E+00,  0.21674559E+01
  0.62750000E+00,  0.38898780E+00,  0.21600217E+01
  0.63000000E+00,  0.38949049E+00,  0.21525836E+01
  0.63250000E+00,  0.38999458E+00,  0.21451447E+01
  0.63500000E+00,  0.39050110E+00,  0.21377018E+01
  0.63750000E+00,  0.39100904E+00,  0.21302579E+01
  0.64000000E+00,  0.39151944E+00,  0.21228101E+01
  0.64250000E+00,  0.39203130E+00,  0.21153613E+01
  0.64500000E+00,  0.39254565E+00,  0.21079084E+01
  0.64750000E+00,  0.39306149E+00,  0.21004544E+01
  0.65000000E+00,  0.39357985E+00,  0.20929964E+01
  0.65250000E+00,  0.39409973E+00,  0.20855372E+01
  0.65500000E+00,  0.39462216E+00,  0.20780738E+01
  0.65750000E+00,  0.39514615E+00,  0.20706093E+01
  0.66000000E+00,  0.39567273E+00,  0.20631405E+01
  0.66250000E+00,  0.39620090E+00,  0.20556704E+01
  0.66500000E+00,  0.39673169E+00,  0.20481961E+01
  0.66750000E+00,  0.39726411E+00,  0.20407204E+01
  0.67000000E+00,  0.39779918E+00,  0.20332403E+01
  0.67250000E+00,  0.39833591E+00,  0.20257589E+01
  0.67500000E+00,  0.39887534E+00,  0.20182731E+01
  0.67750000E+00,  0.39941647E+00,  0.20107858E+01
  0.68000000E+00,  0.39996033E+00,  0.20032939E+01
  0.68250000E+00,  0.40050592E+00,  0.19958006E+01
  0.68500000E+00,  0.40105429E+00,  0.19883027E+01
  0.68750000E+00,  0.40160443E+00,  0.19808032E+01
  0.69000000E+00,  0.40215738E+00,  0.19732990E+01
  0.69250000E+00,  0.40271214E+00,  0.19657932E+01
  0.69500000E+00,  0.40326975E+00,  0.19582826E+01
  0.69750000E+00,  0.40382922E+00,  0.19507704E+01
  0.70000000E+00,  0.40439158E+00,  0.19432532E+01
  0.70250000E+00,  0.40495584E+00,  0.19357344E+01
  0.70500000E+00,  0.40552303E+00,  0.19282106E+01
  0.70750000E+00,  0.40609217E+00,  0.19206850E+01
  0.71000000E+00,  0.40666428E+00,  0.19131543E+01
  0.71250000E+00,  0.40723838E+00,  0.19056218E+01
  0.71500000E+00,  0.40781550E+00,  0.18980841E+01
  0.71750000E+00,  0.40839465E+00,  0.18905445E+01
  0.72000000E+00,  0.40897687E+00,  0.18829996E+01
  0.72250000E+00,  0.40956118E+00,  0.18754528E+01
  0.72500000E+00,  0.41014859E+00,  0.18679006E+01
  0.72750000E+00,  0.41073814E+00,  0.18603463E+01
  0.73000000E+00,  0.41133085E+00,  0.18527866E+01
  0.73250000E+00,  0.41192574E+00,  0.18452248E+01
  0.73500000E+00,  0.41252384E+00,  0.18376574E+01
  0.73750000E+00,  0.41312417E+00,  0.18300878E+01
  0.74000000E+00,  0.41372777E+00,  0.18225126E+01
  0.74250000E+00,  0.41433365E+00,  0.18149350E+01
  0.74500000E+00,  0.41494285E+00,  0.18073517E+01
  0.74750000E+00,  0.41555439E+00,  0.17997660E+01
  0.75000000E+00,  0.41616930E+00,  0.17921745E+01
  0.75250000E+00,  0.41678661E+00,  0.17845805E+01
  0.75500000E+00,  0.41740734E+00,  0.17769806E+01
  0.75750000E+00,  0.41803054E+00,  0.17693781E+01
  0.76000000E+00,  0.41865721E+00,  0.17617695E+01
  0.76250000E+00,  0.41928640E+00,  0.17541583E+01
  0.76500000E+00,  0.41991914E+00,  0.17465409E+01
  0.76750000E+00,  0.42055445E+00,  0.17389207E+01
  0.77000000E+00,  0.42119336E+00,  0.17312943E+01
  0.77250000E+00,  0.42183493E+00,  0.17236650E+01
  0.77500000E+00,  0.42248015E+00,  0.17160293E+01
  0.77750000E+00,  0.42312809E+00,  0.17083907E+01
  0.78000000E+00,  0.42377976E+00,  0.17007456E+01
  0.78250000E+00,  0.42443420E+00,  0.16930974E+01
  0.78500000E+00,  0.42509244E+00,  0.16854426E+01
  0.78750000E+00,  0.42575354E+00,  0.16777847E+01
  0.79000000E+00,  0.42641850E+00,  0.16701199E+01
  0.79250000E+00,  0.42708638E+00,  0.16624519E+01
  0.79500000E+00,  0.42775820E+00,  0.16547770E+01
  0.79750000E+00,  0.42843302E+00,  0.16470988E+01
  0.80000000E+00,  0.42911185E+00,  0.16394135E+01
  0.80250000E+00,  0.42979375E+00,  0.16317248E+01
  0.80500000E+00,  0.43047975E+00,  0.16240288E+01
  0.80750000E+00,  0.43116890E+00,  0.16163293E+01
  0.81000000E+00,  0.43186221E+00,  0.16086225E+01
  0.81250000E+00,  0.43255877E+00,  0.16009120E+01
  0.81500000E+00,  0.43325958E+00,  0.15931940E+01
  0.81750000E+00,  0.43396371E+00,  0.15854722E+01
  0.82000000E+00,  0.43467217E+00,  0.15777428E+01
  0.82250000E+00,  0.43538405E+00,  0.15700094E+01
  0.82500000E+00,  0.43610035E+00,  0.15622683E+01
  0.82750000E+00,  0.43682015E+00,  0.15545230E+01
  0.83000000E+00,  0.43754447E+00,  0.15467699E+01
  0.83250000E+00,  0.43827239E+00,  0.15390126E+01
  0.83500000E+00,  0.43900491E+00,  0.15312472E+01
  0.83750000E+00,  0.43974114E+00,  0.15234774E+01
  0.84000000E+00,  0.44048207E+00,  0.15156993E+01
  0.84250000E+00,  0.44122680E+00,  0.15079168E+01
  0.84500000E+00,  0.44197634E+00,  0.15001259E+01
  0.84750000E+00,  0.44272978E+00,  0.14923303E+01
  0.85000000E+00,  0.44348814E+00,  0.14845261E+01
  0.85250000E+00,  0.44425051E+00,  0.14767171E+01
  0.85500000E+00,  0.44501791E+00,  0.14688994E+01
  0.85750000E+00,  0.44578943E+00,  0.14610767E+01
  0.86000000E+00,  0.44656609E+00,  0.14532451E+01
  0.86250000E+00,  0.44734700E+00,  0.14454082E+01
  0.86500000E+00,  0.44813317E+00,  0.14375624E+01
  0.86750000E+00,  0.44892370E+00,  0.14297111E+01
  0.87000000E+00,  0.44971961E+00,  0.14218506E+01
  0.87250000E+00,  0.45052003E+00,  0.14139845E+01
  0.87500000E+00,  0.45132594E+00,  0.14061090E+01
  0.87750000E+00,  0.45213650E+00,  0.13982277E+01
  0.88000000E+00,  0.45295268E+00,  0.13903368E+01
  0.88250000E+00,  0.45377364E+00,  0.13824399E+01
  0.88500000E+00,  0.45460038E+00,  0.13745332E+01
  0.88750000E+00,  0.45543203E+00,  0.13666203E+01
  0.89000000E+00,  0.45626960E+00,  0.13586973E+01
  0.89250000E+00,  0.45711224E+00,  0.13507680E+01
  0.89500000E+00,  0.45796095E+00,  0.13428284E+01
  0.89750000E+00,  0.45881488E+00,  0.13348822E+01
  0.90000000E+00,  0.45967504E+00,  0.13269254E+01
  0.90250000E+00,  0.46054059E+00,  0.13189619E+01
  0.90500000E+00,  0.46141253E+00,  0.13109876E+01
  0.90750000E+00,  0.46229003E+00,  0.13030062E+01
  0.91000000E+00,  0.46317408E+00,  0.12950139E+01
  0.91250000E+00,  0.46406389E+00,  0.12870142E+01
  0.91500000E+00,  0.46496042E+00,  0.12790033E+01
  0.91750000E+00,  0.46586289E+00,  0.12709848E+01
  0.92000000E+00,  0.46677228E+00,  0.12629548E+01
  0.92250000E+00,  0.46768779E+00,  0.12549170E+01
  0.92500000E+00,  0.46861042E+00,  0.12468674E+01
  0.92750000E+00,  0.46953939E+00,  0.12388097E+01
  0.93000000E+00,  0.47047567E+00,  0.12307399E+01
  0.93250000E+00,  0.47141851E+00,  0.12226617E+01
  0.93500000E+00,  0.47236887E+00,  0.12145711E+01
  0.93750000E+00,  0.47332602E+00,  0.12064719E+01
  0.94000000E+00,  0.47429092E+00,  0.11983599E+01
  0.94250000E+00,  0.47526283E+00,  0.11902390E+01
  0.94500000E+00,  0.47624274E+00,  0.11821051E+01
  0.94750000E+00,  0.47722991E+00,  0.11739618E+01
  0.95000000E+00,  0.47822532E+00,  0.11658052E+01
  0.95250000E+00,  0.47922825E+00,  0.11576390E+01
  0.95500000E+00,  0.48023969E+00,  0.11494590E+01
  0.95750000E+00,  0.48125892E+00,  0.11412690E+01
  0.96000000E+00,  0.48228693E+00,  0.11330650E+01
  0.96250000E+00,  0.48332303E+00,  0.11248506E+01
  0.96500000E+00,  0.48436820E+00,  0.11166218E+01
  0.96750000E+00,  0.48542176E+00,  0.11083822E+01
  0.97000000E+00,  0.48648470E+00,  0.11001277E+01
  0.97250000E+00,  0.48755634E+00,  0.10918621E+01
  0.97500000E+00,  0.48863769E+00,  0.10835812E+01
  0.97750000E+00,  0.48972808E+00,  0.10752888E+01
  0.98000000E+00,  0.49082852E+00,  0.10669806E+01
  0.98250000E+00,  0.49193837E+00,  0.10586604E+01
  0.98500000E+00,  0.49305862E+00,  0.10503241E+01
  0.98750000E+00,  0.49418866E+00,  0.10419753E+01
  0.99000000E+00,  0.49532949E+00,  0.10336098E+01
  0.99250000E+00,  0.49648051E+00,  0.10252314E+01
  0.99500000E+00,  0.49764272E+00,  0.10168358E+01
  0.99750000E+00,  0.49881555E+00,  0.10084267E+01
  0.10000000E+01,  0.50000000E+00,  0.10000000E+01
