# x, rho, T
# CSV format for plotting
# x,rho,T
  0.00000000E+00,  0.40000000E+00,  0.20000000E+01
  0.50000000E-02,  0.40200000E+00,  0.19899993E+01
  0.10000000E-01,  0.40400000E+00,  0.19801978E+01
  0.15000000E-01,  0.40600000E+00,  0.19703921E+01
  0.20000000E-01,  0.40800000E+00,  0.19607840E+01
  0.25000000E-01,  0.41000000E+00,  0.19511675E+01
  0.30000000E-01,  0.41200000E+00,  0.19417470E+01
  0.35000000E-01,  0.41400000E+00,  0.19323143E+01
  0.40000000E-01,  0.41600000E+00,  0.19230762E+01
  0.45000000E-01,  0.41800000E+00,  0.19138219E+01
  0.50000000E-01,  0.42000000E+00,  0.19047610E+01
  0.55000000E-01,  0.42200000E+00,  0.18956801E+01
  0.60000000E-01,  0.42400000E+00,  0.18867913E+01
  0.65000000E-01,  0.42600000E+00,  0.18778789E+01
  0.70000000E-01,  0.42800000E+00,  0.18691576E+01
  0.75000000E-01,  0.43000000E+00,  0.18604089E+01
  0.80000000E-01,  0.43200000E+00,  0.18518504E+01
  0.85000000E-01,  0.43400000E+00,  0.18432610E+01
  0.90000000E-01,  0.43600000E+00,  0.18348607E+01
  0.95000000E-01,  0.43800000E+00,  0.18264262E+01
  0.10000000E+00,  0.44000000E+00,  0.18181799E+01
  0.10500000E+00,  0.44200000E+00,  0.18098960E+01
  0.11000000E+00,  0.44400000E+00,  0.18017997E+01
  0.11500000E+00,  0.44600000E+00,  0.17936624E+01
  0.12000000E+00,  0.44800000E+00,  0.17857120E+01
  0.12500000E+00,  0.45000000E+00,  0.17777174E+01
  0.13000000E+00,  0.45200000E+00,  0.17699091E+01
  0.13500000E+00,  0.45400000E+00,  0.17620533E+01
  0.14000000E+00,  0.45600000E+00,  0.17543833E+01
  0.14500000E+00,  0.45800000E+00,  0.17466628E+01
  0.15000000E+00,  0.46000000E+00,  0.17391276E+01
  0.15500000E+00,  0.46200000E+00,  0.17315387E+01
  0.16000000E+00,  0.46400000E+00,  0.17241349E+01
  0.16500000E+00,  0.46600000E+00,  0.17166744E+01
  0.17000000E+00,  0.46800000E+00,  0.17093985E+01
  0.17500000E+00,  0.47000000E+00,  0.17020630E+01
  0.18000000E+00,  0.47200000E+00,  0.16949119E+01
  0.18500000E+00,  0.47400000E+00,  0.16876982E+01
  0.19000000E+00,  0.47600000E+00,  0.16806687E+01
  0.19500000E+00,  0.47800000E+00,  0.16735737E+01
  0.20000000E+00,  0.48000000E+00,  0.16666630E+01
  0.20500000E+00,  0.48200000E+00,  0.16596838E+01
  0.21000000E+00,  0.48400000E+00,  0.16528887E+01
  0.21500000E+00,  0.48600000E+00,  0.16460224E+01
  0.22000000E+00,  0.48800000E+00,  0.16393402E+01
  0.22500000E+00,  0.49000000E+00,  0.16325841E+01
  0.23000000E+00,  0.49200000E+00,  0.16260121E+01
  0.23500000E+00,  0.49400000E+00,  0.16193633E+01
  0.24000000E+00,  0.49600000E+00,  0.16128989E+01
  0.24500000E+00,  0.49800000E+00,  0.16063550E+01
  0.25000000E+00,  0.50000000E+00,  0.15999955E+01
  0.25500000E+00,  0.50200000E+00,  0.15935539E+01
  0.26000000E+00,  0.50400000E+00,  0.15872970E+01
  0.26500000E+00,  0.50600000E+00,  0.15809552E+01
  0.27000000E+00,  0.50800000E+00,  0.15747984E+01
  0.27500000E+00,  0.51000000E+00,  0.15685542E+01
  0.28000000E+00,  0.51200000E+00,  0.15624951E+01
  0.28500000E+00,  0.51400000E+00,  0.15563461E+01
  0.29000000E+00,  0.51600000E+00,  0.15503826E+01
  0.29500000E+00,  0.51800000E+00,  0.15443266E+01
  0.30000000E+00,  0.52000000E+00,  0.15384564E+01
  0.30500000E+00,  0.52200000E+00,  0.15324912E+01
  0.31000000E+00,  0.52400000E+00,  0.15267123E+01
  0.31500000E+00,  0.52600000E+00,  0.15208359E+01
  0.32000000E+00,  0.52800000E+00,  0.15151461E+01
  0.32500000E+00,  0.53000000E+00,  0.15093564E+01
  0.33000000E+00,  0.53200000E+00,  0.15037539E+01
  0.33500000E+00,  0.53400000E+00,  0.14980489E+01
  0.34000000E+00,  0.53600000E+00,  0.14925317E+01
  0.34500000E+00,  0.53800000E+00,  0.14869096E+01
  0.35000000E+00,  0.54000000E+00,  0.14814758E+01
  0.35500000E+00,  0.54200000E+00,  0.14759347E+01
  0.36000000E+00,  0.54400000E+00,  0.14705824E+01
  0.36500000E+00,  0.54600000E+00,  0.14651205E+01
  0.37000000E+00,  0.54800000E+00,  0.14598481E+01
  0.37500000E+00,  0.55000000E+00,  0.14544637E+01
  0.38000000E+00,  0.55200000E+00,  0.14492694E+01
  0.38500000E+00,  0.55400000E+00,  0.14439607E+01
  0.39000000E+00,  0.55600000E+00,  0.14388429E+01
  0.39500000E+00,  0.55800000E+00,  0.14336083E+01
  0.40000000E+00,  0.56000000E+00,  0.14285653E+01
  0.40500000E+00,  0.56200000E+00,  0.14234032E+01
  0.41000000E+00,  0.56400000E+00,  0.14184335E+01
  0.41500000E+00,  0.56600000E+00,  0.14133424E+01
  0.42000000E+00,  0.56800000E+00,  0.14084445E+01
  0.42500000E+00,  0.57000000E+00,  0.14034228E+01
  0.43000000E+00,  0.57200000E+00,  0.13985951E+01
  0.43500000E+00,  0.57400000E+00,  0.13936414E+01
  0.44000000E+00,  0.57600000E+00,  0.13888825E+01
  0.44500000E+00,  0.57800000E+00,  0.13839954E+01
  0.45000000E+00,  0.58000000E+00,  0.13793040E+01
  0.45500000E+00,  0.58200000E+00,  0.13744820E+01
  0.46000000E+00,  0.58400000E+00,  0.13698566E+01
  0.46500000E+00,  0.58600000E+00,  0.13650984E+01
  0.47000000E+00,  0.58800000E+00,  0.13605378E+01
  0.47500000E+00,  0.59000000E+00,  0.13558420E+01
  0.48000000E+00,  0.59200000E+00,  0.13513449E+01
  0.48500000E+00,  0.59400000E+00,  0.13467104E+01
  0.49000000E+00,  0.59600000E+00,  0.13422754E+01
  0.49500000E+00,  0.59800000E+00,  0.13377008E+01
  0.50000000E+00,  0.60000000E+00,  0.13333268E+01
  0.50500000E+00,  0.60200000E+00,  0.13288110E+01
  0.51000000E+00,  0.60400000E+00,  0.13244968E+01
  0.51500000E+00,  0.60600000E+00,  0.13200385E+01
  0.52000000E+00,  0.60800000E+00,  0.13157829E+01
  0.52500000E+00,  0.61000000E+00,  0.13113811E+01
  0.53000000E+00,  0.61200000E+00,  0.13071830E+01
  0.53500000E+00,  0.61400000E+00,  0.13028365E+01
  0.54000000E+00,  0.61600000E+00,  0.12986948E+01
  0.54500000E+00,  0.61800000E+00,  0.12944024E+01
  0.55000000E+00,  0.62000000E+00,  0.12903161E+01
  0.55500000E+00,  0.62200000E+00,  0.12860768E+01
  0.56000000E+00,  0.62400000E+00,  0.12820448E+01
  0.56500000E+00,  0.62600000E+00,  0.12778577E+01
  0.57000000E+00,  0.62800000E+00,  0.12738789E+01
  0.57500000E+00,  0.63000000E+00,  0.12697428E+01
  0.58000000E+00,  0.63200000E+00,  0.12658163E+01
  0.58500000E+00,  0.63400000E+00,  0.12617304E+01
  0.59000000E+00,  0.63600000E+00,  0.12578552E+01
  0.59500000E+00,  0.63800000E+00,  0.12538184E+01
  0.60000000E+00,  0.64000000E+00,  0.12499936E+01
  0.60500000E+00,  0.64200000E+00,  0.12460050E+01
  0.61000000E+00,  0.64400000E+00,  0.12422297E+01
  0.61500000E+00,  0.64600000E+00,  0.12382884E+01
  0.62000000E+00,  0.64800000E+00,  0.12345616E+01
  0.62500000E+00,  0.65000000E+00,  0.12306667E+01
  0.63000000E+00,  0.65200000E+00,  0.12269877E+01
  0.63500000E+00,  0.65400000E+00,  0.12231382E+01
  0.64000000E+00,  0.65600000E+00,  0.12195060E+01
  0.64500000E+00,  0.65800000E+00,  0.12157013E+01
  0.65000000E+00,  0.66000000E+00,  0.12121151E+01
  0.65500000E+00,  0.66200000E+00,  0.12083542E+01
  0.66000000E+00,  0.66400000E+00,  0.12048133E+01
  0.66500000E+00,  0.66600000E+00,  0.12010954E+01
  0.67000000E+00,  0.66800000E+00,  0.11975989E+01
  0.67500000E+00,  0.67000000E+00,  0.11939232E+01
  0.68000000E+00,  0.67200000E+00,  0.11904704E+01
  0.68500000E+00,  0.67400000E+00,  0.11868362E+01
  0.69000000E+00,  0.67600000E+00,  0.11834262E+01
  0.69500000E+00,  0.67800000E+00,  0.11798327E+01
  0.70000000E+00,  0.68000000E+00,  0.11764649E+01
  0.70500000E+00,  0.68200000E+00,  0.11729114E+01
  0.71000000E+00,  0.68400000E+00,  0.11695851E+01
  0.71500000E+00,  0.68600000E+00,  0.11660709E+01
  0.72000000E+00,  0.68800000E+00,  0.11627853E+01
  0.72500000E+00,  0.69000000E+00,  0.11593096E+01
  0.73000000E+00,  0.69200000E+00,  0.11560641E+01
  0.73500000E+00,  0.69400000E+00,  0.11526262E+01
  0.74000000E+00,  0.69600000E+00,  0.11494201E+01
  0.74500000E+00,  0.69800000E+00,  0.11460195E+01
  0.75000000E+00,  0.70000000E+00,  0.11428521E+01
  0.75500000E+00,  0.70200000E+00,  0.11394880E+01
  0.76000000E+00,  0.70400000E+00,  0.11363587E+01
  0.76500000E+00,  0.70600000E+00,  0.11330305E+01
  0.77000000E+00,  0.70800000E+00,  0.11299387E+01
  0.77500000E+00,  0.71000000E+00,  0.11266458E+01
  0.78000000E+00,  0.71200000E+00,  0.11235909E+01
  0.78500000E+00,  0.71400000E+00,  0.11203326E+01
  0.79000000E+00,  0.71600000E+00,  0.11173139E+01
  0.79500000E+00,  0.71800000E+00,  0.11140897E+01
  0.80000000E+00,  0.72000000E+00,  0.11111068E+01
  0.80500000E+00,  0.72200000E+00,  0.11079160E+01
  0.81000000E+00,  0.72400000E+00,  0.11049682E+01
  0.81500000E+00,  0.72600000E+00,  0.11018103E+01
  0.82000000E+00,  0.72800000E+00,  0.10988971E+01
  0.82500000E+00,  0.73000000E+00,  0.10957715E+01
  0.83000000E+00,  0.73200000E+00,  0.10928923E+01
  0.83500000E+00,  0.73400000E+00,  0.10897986E+01
  0.84000000E+00,  0.73600000E+00,  0.10869529E+01
  0.84500000E+00,  0.73800000E+00,  0.10838903E+01
  0.85000000E+00,  0.74000000E+00,  0.10810776E+01
  0.85500000E+00,  0.74200000E+00,  0.10780458E+01
  0.86000000E+00,  0.74400000E+00,  0.10752655E+01
  0.86500000E+00,  0.74600000E+00,  0.10722639E+01
  0.87000000E+00,  0.74800000E+00,  0.10695156E+01
  0.87500000E+00,  0.75000000E+00,  0.10665437E+01
  0.88000000E+00,  0.75200000E+00,  0.10638269E+01
  0.88500000E+00,  0.75400000E+00,  0.10608841E+01
  0.89000000E+00,  0.75600000E+00,  0.10581984E+01
  0.89500000E+00,  0.75800000E+00,  0.10552843E+01
  0.90000000E+00,  0.76000000E+00,  0.10526291E+01
  0.90500000E+00,  0.76200000E+00,  0.10497433E+01
  0.91000000E+00,  0.76400000E+00,  0.10471182E+01
  0.91500000E+00,  0.76600000E+00,  0.10442601E+01
  0.92000000E+00,  0.76800000E+00,  0.10416647E+01
  0.92500000E+00,  0.77000000E+00,  0.10388339E+01
  0.93000000E+00,  0.77200000E+00,  0.10362676E+01
  0.93500000E+00,  0.77400000E+00,  0.10334638E+01
  0.94000000E+00,  0.77600000E+00,  0.10309263E+01
  0.94500000E+00,  0.77800000E+00,  0.10281489E+01
  0.95000000E+00,  0.78000000E+00,  0.10256397E+01
  0.95500000E+00,  0.78200000E+00,  0.10228883E+01
  0.96000000E+00,  0.78400000E+00,  0.10204071E+01
  0.96500000E+00,  0.78600000E+00,  0.10176813E+01
  0.97000000E+00,  0.78800000E+00,  0.10152276E+01
  0.97500000E+00,  0.79000000E+00,  0.10125270E+01
  0.98000000E+00,  0.79200000E+00,  0.10101005E+01
  0.98500000E+00,  0.79400000E+00,  0.10074246E+01
  0.99000000E+00,  0.79600000E+00,  0.10050249E+01
  0.99500000E+00,  0.79800000E+00,  0.10023733E+01
  0.10000000E+01,  0.80000000E+00,  0.10000000E+01
