 # Pos, Energy, Err_Energy
           1  0.99953275646404116        1.6040809685428752E-003
           2  0.99961213704088525        1.5921784291270298E-003
           3  0.99491519794172811        1.5736222015230955E-003
           4  0.99335554582326957        1.5606982566316529E-003
           5  0.99706353635751344        1.5511086237632273E-003
           6  0.99183438552935976        1.5356262558146123E-003
           7  0.99434901386318764        1.5271066373530109E-003
           8  0.99057841619212061        1.5101949986999932E-003
           9  0.99006085376813591        1.4969633110999477E-003
          10  0.98722956975342946        1.4864765476650403E-003
          11  0.98602990628758380        1.4737991324667780E-003
          12  0.98344070380497572        1.4593971552232517E-003
          13  0.98219153107244117        1.4462893118897754E-003
          14  0.98120166317087598        1.4376245845255779E-003
          15  0.97727995481715280        1.4222942771457314E-003
          16  0.97814301259476732        1.4117182398273077E-003
          17  0.97523491877009227        1.4018111121578032E-003
          18  0.97745428026255732        1.3912746923760188E-003
          19  0.97438198910881824        1.3803010549242566E-003
          20  0.97081997137206266        1.3646379636618015E-003
          21  0.97095696600596537        1.3581025591938301E-003
          22  0.96788747916634643        1.3446289244900018E-003
          23  0.96723173857646161        1.3373348499142114E-003
          24  0.96639391732096447        1.3269211537900838E-003
          25  0.96341074964342488        1.3141315277821614E-003
          26  0.96302588606753292        1.3040891181406208E-003
          27  0.96014497797073528        1.2936348733344782E-003
          28  0.95910515008918862        1.2831555893084152E-003
          29  0.95938632128813295        1.2768995363687348E-003
          30  0.95746306158960515        1.2657302905380034E-003
          31  0.95289457609563510        1.2525523537001517E-003
          32  0.95254279188587565        1.2449940770811782E-003
          33  0.95437919927121762        1.2390523788522862E-003
          34  0.94905895473623680        1.2264243469432736E-003
          35  0.95058212572888801        1.2202065550570072E-003
          36  0.94909901653731055        1.2122715310256462E-003
          37  0.94713970567538508        1.2015305475291198E-003
          38  0.94701923740058058        1.1943630842146363E-003
          39  0.94436183998024836        1.1846873734213895E-003
          40  0.94199274774122654        1.1766361696108651E-003
          41  0.94183923963279248        1.1684827428577800E-003
          42  0.93922789974499510        1.1604501660931099E-003
          43  0.93738065374422208        1.1494813567060277E-003
          44  0.93659570795063063        1.1430021442526727E-003
          45  0.93638604657393243        1.1351928837385840E-003
          46  0.93395930548224648        1.1280207698293710E-003
          47  0.93157499748001149        1.1199180822804521E-003
          48  0.93348942596357465        1.1144814399262535E-003
          49  0.92903976675815736        1.1043109483587377E-003
          50  0.92921067321940320        1.0985263185095322E-003
          51  0.92719795028630658        1.0902828078290501E-003
          52  0.92591119973030978        1.0830449576642587E-003
          53  0.92495276440898000        1.0773341821441998E-003
          54  0.92157768234915549        1.0673983781745804E-003
          55  0.92167103536044070        1.0632799908540194E-003
          56  0.92091254497437969        1.0563277527728991E-003
          57  0.92124041701876014        1.0503722819373801E-003
          58  0.92101402369745966        1.0445628665560511E-003
          59  0.91580620452295702        1.0346469292344077E-003
          60  0.91392880628339779        1.0278573103072646E-003
          61  0.91289788888681378        1.0215639087338361E-003
          62  0.91486206279972271        1.0184272810670053E-003
          63  0.91303712352360145        1.0105244561652623E-003
          64  0.91027057311267223        1.0044941883785288E-003
          65  0.91068294428990759        9.9915699676083854E-004
          66  0.91027407159075757        9.9324051150580933E-004
          67  0.90600822870866626        9.8406427813800827E-004
          68  0.90676033211917317        9.8133710190300046E-004
          69  0.90619023975258339        9.7510580939686993E-004
          70  0.90542931080514533        9.6856786489977456E-004
          71  0.90111128745312652        9.6139857690733649E-004
          72  0.90155261960612876        9.5708321671429827E-004
          73  0.90069812277063366        9.5185410118282169E-004
          74  0.89797424110446711        9.4522705221858989E-004
          75  0.90005130202267536        9.4245064172958110E-004
          76  0.89653173282456844        9.3458669848380286E-004
          77  0.89478299105485659        9.2809445052178944E-004
          78  0.89532931732587828        9.2454849805394647E-004
          79  0.89452730249699608        9.1998836022623215E-004
          80  0.89244173027543083        9.1359166865769166E-004
          81  0.89064806906654448        9.0891209317378011E-004
          82  0.88926787860149148        9.0277427046193493E-004
          83  0.88736266615634052        8.9745995351761694E-004
          84  0.88786367885194328        8.9315050944775991E-004
          85  0.88735830550431427        8.8944489173904456E-004
          86  0.88507824670918600        8.8298945788713938E-004
          87  0.88469891629676123        8.7843122008412870E-004
          88  0.88286751173553435        8.7225978617505551E-004
          89  0.88271896972643937        8.6920844773195872E-004
          90  0.88127856416740424        8.6370748346229116E-004
          91  0.88125926980428793        8.6088186647883299E-004
          92  0.87892965594388073        8.5464609692949723E-004
          93  0.87888337413561979        8.5174020067694547E-004
          94  0.87722435173059488        8.4568033230130889E-004
          95  0.87558674555399330        8.4097843826474409E-004
          96  0.87512674376005828        8.3761338850735028E-004
          97  0.87388314494324493        8.3278964880792146E-004
          98  0.87300323410523029        8.2798362651662213E-004
          99  0.87230268475716510        8.2386650612320089E-004
         100  0.87131701110675119        8.1963774505492716E-004
         101  0.86895521474666126        8.1442598025736543E-004
         102  0.86836031391801338        8.1017801673729617E-004
         103  0.86712725784175126        8.0686945575741042E-004
         104  0.86768321185228159        8.0413071283940178E-004
         105  0.86453780203322328        7.9761662122518361E-004
         106  0.86464045271884704        7.9444883425282547E-004
         107  0.86465116924516505        7.9147385027673574E-004
         108  0.86292622842790312        7.8579891282547752E-004
         109  0.86386144937677845        7.8451331763568829E-004
         110  0.86211046724114337        7.7949855967125909E-004
         111  0.86037736879368065        7.7457912662775446E-004
         112  0.85904374911080639        7.7069303801006745E-004
         113  0.85857887451066739        7.6783673779222384E-004
         114  0.85654344557068296        7.6268214912114055E-004
         115  0.85715959927449248        7.6038655027381257E-004
         116  0.85528694930972315        7.5536801448465682E-004
         117  0.85547338029684672        7.5300820983281486E-004
         118  0.85317382431933819        7.4729618511668483E-004
         119  0.85323919642657087        7.4492576508205827E-004
         120  0.85191034686228406        7.4124491460998232E-004
         121  0.85073880338292307        7.3731564624868792E-004
         122  0.85160872623182426        7.3534611235738805E-004
         123  0.84947381589263327        7.3005902231340213E-004
         124  0.84767792581232948        7.2678141249319544E-004
         125  0.84726740357738628        7.2376892552197271E-004
         126  0.84689766024327806        7.1986514528638924E-004
         127  0.84612099594173695        7.1765330518912035E-004
         128  0.84479942417223131        7.1336476266896148E-004
         129  0.84361631781327440        7.1068419556990386E-004
         130  0.84522149308966177        7.0864584015729805E-004
         131  0.84342613176685588        7.0475530396781386E-004
         132  0.84217218496437884        7.0032846779949961E-004
         133  0.84136463448585208        6.9755714192101478E-004
         134  0.84101874597612580        6.9380627568292965E-004
         135  0.84017849882956153        6.9126338832491900E-004
         136  0.83843595493838763        6.8751800432603240E-004
         137  0.83771691925569014        6.8416505979133435E-004
         138  0.83771119418467277        6.8251633496237444E-004
         139  0.83662983801927493        6.7912053033006195E-004
         140  0.83542469891827498        6.7578946717092910E-004
         141  0.83698496729862604        6.7402035611097253E-004
         142  0.83550643149398740        6.7007046979308609E-004
         143  0.83370951675672167        6.6656164326511932E-004
         144  0.83243101435234268        6.6336900513365622E-004
         145  0.83261912358405166        6.6068470655493612E-004
         146  0.83159927745158424        6.5843560529489360E-004
         147  0.83145822242089618        6.5507148770996661E-004
         148  0.83072578765840566        6.5210851855558398E-004
         149  0.82881207870937734        6.4935887054780339E-004
         150  0.82909855377256181        6.4667486184657010E-004
         151  0.82765812648843728        6.4349253033001250E-004
         152  0.82740940646730543        6.4139307573584585E-004
         153  0.82622005642874452        6.3823191340678907E-004
         154  0.82656428386724867        6.3583104268686110E-004
         155  0.82555322601741032        6.3280953787747641E-004
         156  0.82474496451069523        6.3068890572720788E-004
         157  0.82389339397241834        6.2772768685441310E-004
         158  0.82458470808727402        6.2514862822943577E-004
         159  0.82134481629709466        6.2125123304292054E-004
         160  0.82164149362377359        6.1947907915129233E-004
         161  0.82230954830829261        6.1769601649437167E-004
         162  0.82101898528699424        6.1456977371254469E-004
         163  0.81988446983947583        6.1220702411297272E-004
         164  0.81902090759460244        6.0885430127231811E-004
         165  0.81855636323136616        6.0685765267737561E-004
         166  0.81766930427755102        6.0406234691776951E-004
         167  0.81697756471521699        6.0209781908170503E-004
         168  0.81717713679684978        5.9933992675971568E-004
         169  0.81693274785017633        5.9792159856055535E-004
         170  0.81616349171157199        5.9462108575328288E-004
         171  0.81499775318526502        5.9195518217583986E-004
         172  0.81512310370203955        5.9077477845038517E-004
         173  0.81338871312246386        5.8719324128212553E-004
         174  0.81357232781093280        5.8483381940941509E-004
         175  0.81312111060888093        5.8334511862299986E-004
         176  0.81249056987307777        5.8068265456919660E-004
         177  0.81109741458078444        5.7762192913419445E-004
         178  0.81148637102218157        5.7605433802032852E-004
         179  0.81058339332944229        5.7352254588061439E-004
         180  0.81029703355086213        5.7157796488509736E-004
         181  0.80970998804240113        5.6954136758340958E-004
         182  0.80850378365526310        5.6658722356596589E-004
         183  0.80709626556700786        5.6384236178429095E-004
         184  0.80802646834766401        5.6246922594163802E-004
         185  0.80716553750196018        5.6022202388072723E-004
         186  0.80710892756390262        5.5815798534869835E-004
         187  0.80619758735849012        5.5600962104278989E-004
         188  0.80665384067176016        5.5471166492112613E-004
         189  0.80590880236231210        5.5220268790885077E-004
         190  0.80419742239089698        5.4932929897357461E-004
         191  0.80393176677799594        5.4683349175218524E-004
         192  0.80356326316539284        5.4525755116132703E-004
         193  0.80368548979840360        5.4370528689484589E-004
         194  0.80215911688310892        5.4085975595448378E-004
         195  0.80260635334241870        5.3968460315733269E-004
         196  0.80138872341786282        5.3631351715755318E-004
         197  0.80106004702156131        5.3526190438181139E-004
         198  0.79990405609207971        5.3226580661704331E-004
         199  0.79984681936860458        5.3094434468250638E-004
         200  0.80059291279455347        5.2954278943401114E-004
