# x, rho, T
# CSV format for plotting
# x,rho,T
  0.00000000E+00,  0.40000000E+00,  0.60000000E+01
  0.62500000E-03,  0.40016005E+00,  0.59963922E+01
  0.12500000E-02,  0.40032021E+00,  0.59927865E+01
  0.18750000E-02,  0.40048037E+00,  0.59891809E+01
  0.25000000E-02,  0.40064064E+00,  0.59855774E+01
  0.31250000E-02,  0.40080092E+00,  0.59819739E+01
  0.37500000E-02,  0.40096132E+00,  0.59783725E+01
  0.43750000E-02,  0.40112171E+00,  0.59747711E+01
  0.50000000E-02,  0.40128222E+00,  0.59711719E+01
  0.56250000E-02,  0.40144273E+00,  0.59675726E+01
  0.62500000E-02,  0.40160336E+00,  0.59639755E+01
  0.68750000E-02,  0.40176398E+00,  0.59603784E+01
  0.75000000E-02,  0.40192473E+00,  0.59567834E+01
  0.81250000E-02,  0.40208547E+00,  0.59531884E+01
  0.87500000E-02,  0.40224633E+00,  0.59495956E+01
  0.93750000E-02,  0.40240719E+00,  0.59460027E+01
  0.10000000E-01,  0.40256817E+00,  0.59424120E+01
  0.10625000E-01,  0.40272915E+00,  0.59388212E+01
  0.11250000E-01,  0.40289025E+00,  0.59352326E+01
  0.11875000E-01,  0.40305134E+00,  0.59316440E+01
  0.12500000E-01,  0.40321255E+00,  0.59280575E+01
  0.13125000E-01,  0.40337377E+00,  0.59244709E+01
  0.13750000E-01,  0.40353510E+00,  0.59208866E+01
  0.14375000E-01,  0.40369643E+00,  0.59173021E+01
  0.15000000E-01,  0.40385788E+00,  0.59137199E+01
  0.15625000E-01,  0.40401932E+00,  0.59101376E+01
  0.16250000E-01,  0.40418089E+00,  0.59065574E+01
  0.16875000E-01,  0.40434246E+00,  0.59029772E+01
  0.17500000E-01,  0.40450414E+00,  0.58993991E+01
  0.18125000E-01,  0.40466583E+00,  0.58958210E+01
  0.18750000E-01,  0.40482763E+00,  0.58922450E+01
  0.19375000E-01,  0.40498943E+00,  0.58886690E+01
  0.20000000E-01,  0.40515135E+00,  0.58850951E+01
  0.20625000E-01,  0.40531327E+00,  0.58815212E+01
  0.21250000E-01,  0.40547531E+00,  0.58779494E+01
  0.21875000E-01,  0.40563735E+00,  0.58743776E+01
  0.22500000E-01,  0.40579951E+00,  0.58708079E+01
  0.23125000E-01,  0.40596167E+00,  0.58672382E+01
  0.23750000E-01,  0.40612395E+00,  0.58636706E+01
  0.24375000E-01,  0.40628623E+00,  0.58601029E+01
  0.25000000E-01,  0.40644862E+00,  0.58565374E+01
  0.25625000E-01,  0.40661102E+00,  0.58529718E+01
  0.26250000E-01,  0.40677354E+00,  0.58494084E+01
  0.26875000E-01,  0.40693605E+00,  0.58458449E+01
  0.27500000E-01,  0.40709869E+00,  0.58422835E+01
  0.28125000E-01,  0.40726133E+00,  0.58387221E+01
  0.28750000E-01,  0.40742408E+00,  0.58351628E+01
  0.29375000E-01,  0.40758684E+00,  0.58316034E+01
  0.30000000E-01,  0.40774971E+00,  0.58280462E+01
  0.30625000E-01,  0.40791259E+00,  0.58244889E+01
  0.31250000E-01,  0.40807558E+00,  0.58209337E+01
  0.31875000E-01,  0.40823858E+00,  0.58173785E+01
  0.32500000E-01,  0.40840169E+00,  0.58138254E+01
  0.33125000E-01,  0.40856481E+00,  0.58102723E+01
  0.33750000E-01,  0.40872804E+00,  0.58067212E+01
  0.34375000E-01,  0.40889128E+00,  0.58031702E+01
  0.35000000E-01,  0.40905464E+00,  0.57996211E+01
  0.35625000E-01,  0.40921799E+00,  0.57960721E+01
  0.36250000E-01,  0.40938147E+00,  0.57925252E+01
  0.36875000E-01,  0.40954495E+00,  0.57889782E+01
  0.37500000E-01,  0.40970854E+00,  0.57854333E+01
  0.38125000E-01,  0.40987214E+00,  0.57818884E+01
  0.38750000E-01,  0.41003586E+00,  0.57783455E+01
  0.39375000E-01,  0.41019958E+00,  0.57748026E+01
  0.40000000E-01,  0.41036342E+00,  0.57712618E+01
  0.40625000E-01,  0.41052726E+00,  0.57677210E+01
  0.41250000E-01,  0.41069122E+00,  0.57641822E+01
  0.41875000E-01,  0.41085518E+00,  0.57606434E+01
  0.42500000E-01,  0.41101926E+00,  0.57571067E+01
  0.43125000E-01,  0.41118335E+00,  0.57535699E+01
  0.43750000E-01,  0.41134755E+00,  0.57500352E+01
  0.44375000E-01,  0.41151176E+00,  0.57465005E+01
  0.45000000E-01,  0.41167608E+00,  0.57429678E+01
  0.45625000E-01,  0.41184041E+00,  0.57394351E+01
  0.46250000E-01,  0.41200486E+00,  0.57359045E+01
  0.46875000E-01,  0.41216931E+00,  0.57323738E+01
  0.47500000E-01,  0.41233388E+00,  0.57288452E+01
  0.48125000E-01,  0.41249845E+00,  0.57253166E+01
  0.48750000E-01,  0.41266314E+00,  0.57217900E+01
  0.49375000E-01,  0.41282784E+00,  0.57182633E+01
  0.50000000E-01,  0.41299265E+00,  0.57147387E+01
  0.50625000E-01,  0.41315747E+00,  0.57112141E+01
  0.51250000E-01,  0.41332241E+00,  0.57076916E+01
  0.51875000E-01,  0.41348735E+00,  0.57041690E+01
  0.52500000E-01,  0.41365241E+00,  0.57006484E+01
  0.53125000E-01,  0.41381747E+00,  0.56971278E+01
  0.53750000E-01,  0.41398265E+00,  0.56936093E+01
  0.54375000E-01,  0.41414784E+00,  0.56900907E+01
  0.55000000E-01,  0.41431315E+00,  0.56865742E+01
  0.55625000E-01,  0.41447846E+00,  0.56830576E+01
  0.56250000E-01,  0.41464389E+00,  0.56795431E+01
  0.56875000E-01,  0.41480932E+00,  0.56760285E+01
  0.57500000E-01,  0.41497487E+00,  0.56725159E+01
  0.58125000E-01,  0.41514043E+00,  0.56690034E+01
  0.58750000E-01,  0.41530611E+00,  0.56654928E+01
  0.59375000E-01,  0.41547179E+00,  0.56619822E+01
  0.60000000E-01,  0.41563759E+00,  0.56584737E+01
  0.60625000E-01,  0.41580339E+00,  0.56549651E+01
  0.61250000E-01,  0.41596932E+00,  0.56514585E+01
  0.61875000E-01,  0.41613525E+00,  0.56479519E+01
  0.62500000E-01,  0.41630130E+00,  0.56444474E+01
  0.63125000E-01,  0.41646735E+00,  0.56409427E+01
  0.63750000E-01,  0.41663353E+00,  0.56374402E+01
  0.64375000E-01,  0.41679971E+00,  0.56339375E+01
  0.65000000E-01,  0.41696601E+00,  0.56304369E+01
  0.65625000E-01,  0.41713231E+00,  0.56269363E+01
  0.66250000E-01,  0.41729873E+00,  0.56234376E+01
  0.66875000E-01,  0.41746516E+00,  0.56199389E+01
  0.67500000E-01,  0.41763171E+00,  0.56164423E+01
  0.68125000E-01,  0.41779826E+00,  0.56129456E+01
  0.68750000E-01,  0.41796494E+00,  0.56094509E+01
  0.69375000E-01,  0.41813162E+00,  0.56059561E+01
  0.70000000E-01,  0.41829842E+00,  0.56024634E+01
  0.70625000E-01,  0.41846522E+00,  0.55989706E+01
  0.71250000E-01,  0.41863215E+00,  0.55954799E+01
  0.71875000E-01,  0.41879908E+00,  0.55919891E+01
  0.72500000E-01,  0.41896613E+00,  0.55885003E+01
  0.73125000E-01,  0.41913318E+00,  0.55850114E+01
  0.73750000E-01,  0.41930036E+00,  0.55815246E+01
  0.74375000E-01,  0.41946754E+00,  0.55780377E+01
  0.75000000E-01,  0.41963485E+00,  0.55745528E+01
  0.75625000E-01,  0.41980215E+00,  0.55710679E+01
  0.76250000E-01,  0.41996959E+00,  0.55675849E+01
  0.76875000E-01,  0.42013702E+00,  0.55641019E+01
  0.77500000E-01,  0.42030458E+00,  0.55606209E+01
  0.78125000E-01,  0.42047214E+00,  0.55571399E+01
  0.78750000E-01,  0.42063982E+00,  0.55536609E+01
  0.79375000E-01,  0.42080751E+00,  0.55501818E+01
  0.80000000E-01,  0.42097532E+00,  0.55467047E+01
  0.80625000E-01,  0.42114313E+00,  0.55432275E+01
  0.81250000E-01,  0.42131107E+00,  0.55397523E+01
  0.81875000E-01,  0.42147901E+00,  0.55362771E+01
  0.82500000E-01,  0.42164708E+00,  0.55328039E+01
  0.83125000E-01,  0.42181515E+00,  0.55293306E+01
  0.83750000E-01,  0.42198334E+00,  0.55258593E+01
  0.84375000E-01,  0.42215154E+00,  0.55223880E+01
  0.85000000E-01,  0.42231986E+00,  0.55189186E+01
  0.85625000E-01,  0.42248818E+00,  0.55154492E+01
  0.86250000E-01,  0.42265663E+00,  0.55119818E+01
  0.86875000E-01,  0.42282508E+00,  0.55085143E+01
  0.87500000E-01,  0.42299366E+00,  0.55050487E+01
  0.88125000E-01,  0.42316224E+00,  0.55015832E+01
  0.88750000E-01,  0.42333095E+00,  0.54981196E+01
  0.89375000E-01,  0.42349966E+00,  0.54946559E+01
  0.90000000E-01,  0.42366849E+00,  0.54911942E+01
  0.90625000E-01,  0.42383733E+00,  0.54877325E+01
  0.91250000E-01,  0.42400629E+00,  0.54842727E+01
  0.91875000E-01,  0.42417526E+00,  0.54808129E+01
  0.92500000E-01,  0.42434435E+00,  0.54773551E+01
  0.93125000E-01,  0.42451344E+00,  0.54738972E+01
  0.93750000E-01,  0.42468266E+00,  0.54704412E+01
  0.94375000E-01,  0.42485189E+00,  0.54669852E+01
  0.95000000E-01,  0.42502124E+00,  0.54635312E+01
  0.95625000E-01,  0.42519059E+00,  0.54600771E+01
  0.96250000E-01,  0.42536007E+00,  0.54566249E+01
  0.96875000E-01,  0.42552955E+00,  0.54531727E+01
  0.97500000E-01,  0.42569916E+00,  0.54497225E+01
  0.98125000E-01,  0.42586878E+00,  0.54462722E+01
  0.98750000E-01,  0.42603852E+00,  0.54428238E+01
  0.99375000E-01,  0.42620826E+00,  0.54393754E+01
  0.10000000E+00,  0.42637813E+00,  0.54359290E+01
  0.10062500E+00,  0.42654800E+00,  0.54324824E+01
  0.10125000E+00,  0.42671800E+00,  0.54290379E+01
  0.10187500E+00,  0.42688800E+00,  0.54255932E+01
  0.10250000E+00,  0.42705813E+00,  0.54221506E+01
  0.10312500E+00,  0.42722826E+00,  0.54187078E+01
  0.10375000E+00,  0.42739853E+00,  0.54152670E+01
  0.10437500E+00,  0.42756879E+00,  0.54118262E+01
  0.10500000E+00,  0.42773918E+00,  0.54083872E+01
  0.10562500E+00,  0.42790958E+00,  0.54049483E+01
  0.10625000E+00,  0.42808010E+00,  0.54015112E+01
  0.10687500E+00,  0.42825062E+00,  0.53980741E+01
  0.10750000E+00,  0.42842128E+00,  0.53946389E+01
  0.10812500E+00,  0.42859194E+00,  0.53912037E+01
  0.10875000E+00,  0.42876272E+00,  0.53877704E+01
  0.10937500E+00,  0.42893351E+00,  0.53843370E+01
  0.11000000E+00,  0.42910443E+00,  0.53809056E+01
  0.11062500E+00,  0.42927535E+00,  0.53774741E+01
  0.11125000E+00,  0.42944640E+00,  0.53740445E+01
  0.11187500E+00,  0.42961745E+00,  0.53706149E+01
  0.11250000E+00,  0.42978863E+00,  0.53671872E+01
  0.11312500E+00,  0.42995982E+00,  0.53637594E+01
  0.11375000E+00,  0.43013113E+00,  0.53603336E+01
  0.11437500E+00,  0.43030245E+00,  0.53569077E+01
  0.11500000E+00,  0.43047389E+00,  0.53534837E+01
  0.11562500E+00,  0.43064534E+00,  0.53500596E+01
  0.11625000E+00,  0.43081692E+00,  0.53466375E+01
  0.11687500E+00,  0.43098850E+00,  0.53432153E+01
  0.11750000E+00,  0.43116021E+00,  0.53397950E+01
  0.11812500E+00,  0.43133193E+00,  0.53363746E+01
  0.11875000E+00,  0.43150377E+00,  0.53329561E+01
  0.11937500E+00,  0.43167562E+00,  0.53295376E+01
  0.12000000E+00,  0.43184760E+00,  0.53261210E+01
  0.12062500E+00,  0.43201958E+00,  0.53227044E+01
  0.12125000E+00,  0.43219169E+00,  0.53192896E+01
  0.12187500E+00,  0.43236381E+00,  0.53158747E+01
  0.12250000E+00,  0.43253605E+00,  0.53124618E+01
  0.12312500E+00,  0.43270830E+00,  0.53090488E+01
  0.12375000E+00,  0.43288068E+00,  0.53056377E+01
  0.12437500E+00,  0.43305307E+00,  0.53022266E+01
  0.12500000E+00,  0.43322558E+00,  0.52988173E+01
  0.12562500E+00,  0.43339810E+00,  0.52954079E+01
  0.12625000E+00,  0.43357074E+00,  0.52920005E+01
  0.12687500E+00,  0.43374340E+00,  0.52885930E+01
  0.12750000E+00,  0.43391618E+00,  0.52851874E+01
  0.12812500E+00,  0.43408896E+00,  0.52817817E+01
  0.12875000E+00,  0.43426188E+00,  0.52783779E+01
  0.12937500E+00,  0.43443480E+00,  0.52749740E+01
  0.13000000E+00,  0.43460785E+00,  0.52715720E+01
  0.13062500E+00,  0.43478091E+00,  0.52681700E+01
  0.13125000E+00,  0.43495410E+00,  0.52647698E+01
  0.13187500E+00,  0.43512729E+00,  0.52613696E+01
  0.13250000E+00,  0.43530061E+00,  0.52579712E+01
  0.13312500E+00,  0.43547394E+00,  0.52545728E+01
  0.13375000E+00,  0.43564740E+00,  0.52511763E+01
  0.13437500E+00,  0.43582086E+00,  0.52477797E+01
  0.13500000E+00,  0.43599445E+00,  0.52443849E+01
  0.13562500E+00,  0.43616805E+00,  0.52409901E+01
  0.13625000E+00,  0.43634178E+00,  0.52375972E+01
  0.13687500E+00,  0.43651552E+00,  0.52342042E+01
  0.13750000E+00,  0.43668938E+00,  0.52308130E+01
  0.13812500E+00,  0.43686325E+00,  0.52274218E+01
  0.13875000E+00,  0.43703726E+00,  0.52240325E+01
  0.13937500E+00,  0.43721126E+00,  0.52206431E+01
  0.14000000E+00,  0.43738540E+00,  0.52172555E+01
  0.14062500E+00,  0.43755955E+00,  0.52138679E+01
  0.14125000E+00,  0.43773383E+00,  0.52104822E+01
  0.14187500E+00,  0.43790811E+00,  0.52070963E+01
  0.14250000E+00,  0.43808252E+00,  0.52037124E+01
  0.14312500E+00,  0.43825694E+00,  0.52003283E+01
  0.14375000E+00,  0.43843149E+00,  0.51969461E+01
  0.14437500E+00,  0.43860605E+00,  0.51935639E+01
  0.14500000E+00,  0.43878074E+00,  0.51901835E+01
  0.14562500E+00,  0.43895543E+00,  0.51868030E+01
  0.14625000E+00,  0.43913026E+00,  0.51834244E+01
  0.14687500E+00,  0.43930509E+00,  0.51800457E+01
  0.14750000E+00,  0.43948005E+00,  0.51766688E+01
  0.14812500E+00,  0.43965502E+00,  0.51732919E+01
  0.14875000E+00,  0.43983012E+00,  0.51699168E+01
  0.14937500E+00,  0.44000523E+00,  0.51665417E+01
  0.15000000E+00,  0.44018047E+00,  0.51631684E+01
  0.15062500E+00,  0.44035572E+00,  0.51597950E+01
  0.15125000E+00,  0.44053110E+00,  0.51564234E+01
  0.15187500E+00,  0.44070648E+00,  0.51530518E+01
  0.15250000E+00,  0.44088200E+00,  0.51496820E+01
  0.15312500E+00,  0.44105753E+00,  0.51463122E+01
  0.15375000E+00,  0.44123319E+00,  0.51429441E+01
  0.15437500E+00,  0.44140885E+00,  0.51395761E+01
  0.15500000E+00,  0.44158465E+00,  0.51362098E+01
  0.15562500E+00,  0.44176045E+00,  0.51328434E+01
  0.15625000E+00,  0.44193639E+00,  0.51294789E+01
  0.15687500E+00,  0.44211233E+00,  0.51261143E+01
  0.15750000E+00,  0.44228841E+00,  0.51227516E+01
  0.15812500E+00,  0.44246449E+00,  0.51193887E+01
  0.15875000E+00,  0.44264071E+00,  0.51160277E+01
  0.15937500E+00,  0.44281693E+00,  0.51126666E+01
  0.16000000E+00,  0.44299328E+00,  0.51093074E+01
  0.16062500E+00,  0.44316965E+00,  0.51059480E+01
  0.16125000E+00,  0.44334615E+00,  0.51025905E+01
  0.16187500E+00,  0.44352265E+00,  0.50992329E+01
  0.16250000E+00,  0.44369929E+00,  0.50958771E+01
  0.16312500E+00,  0.44387593E+00,  0.50925212E+01
  0.16375000E+00,  0.44405271E+00,  0.50891672E+01
  0.16437500E+00,  0.44422950E+00,  0.50858130E+01
  0.16500000E+00,  0.44440642E+00,  0.50824607E+01
  0.16562500E+00,  0.44458334E+00,  0.50791083E+01
  0.16625000E+00,  0.44476040E+00,  0.50757577E+01
  0.16687500E+00,  0.44493747E+00,  0.50724071E+01
  0.16750000E+00,  0.44511468E+00,  0.50690582E+01
  0.16812500E+00,  0.44529189E+00,  0.50657093E+01
  0.16875000E+00,  0.44546923E+00,  0.50623621E+01
  0.16937500E+00,  0.44564658E+00,  0.50590149E+01
  0.17000000E+00,  0.44582407E+00,  0.50556695E+01
  0.17062500E+00,  0.44600156E+00,  0.50523240E+01
  0.17125000E+00,  0.44617920E+00,  0.50489803E+01
  0.17187500E+00,  0.44635683E+00,  0.50456365E+01
  0.17250000E+00,  0.44653460E+00,  0.50422945E+01
  0.17312500E+00,  0.44671238E+00,  0.50389524E+01
  0.17375000E+00,  0.44689030E+00,  0.50356121E+01
  0.17437500E+00,  0.44706822E+00,  0.50322718E+01
  0.17500000E+00,  0.44724628E+00,  0.50289332E+01
  0.17562500E+00,  0.44742434E+00,  0.50255945E+01
  0.17625000E+00,  0.44760255E+00,  0.50222577E+01
  0.17687500E+00,  0.44778075E+00,  0.50189207E+01
  0.17750000E+00,  0.44795910E+00,  0.50155856E+01
  0.17812500E+00,  0.44813745E+00,  0.50122503E+01
  0.17875000E+00,  0.44831594E+00,  0.50089168E+01
  0.17937500E+00,  0.44849444E+00,  0.50055833E+01
  0.18000000E+00,  0.44867307E+00,  0.50022515E+01
  0.18062500E+00,  0.44885171E+00,  0.49989197E+01
  0.18125000E+00,  0.44903049E+00,  0.49955896E+01
  0.18187500E+00,  0.44920927E+00,  0.49922594E+01
  0.18250000E+00,  0.44938819E+00,  0.49889310E+01
  0.18312500E+00,  0.44956712E+00,  0.49856026E+01
  0.18375000E+00,  0.44974619E+00,  0.49822759E+01
  0.18437500E+00,  0.44992526E+00,  0.49789491E+01
  0.18500000E+00,  0.45010447E+00,  0.49756241E+01
  0.18562500E+00,  0.45028369E+00,  0.49722990E+01
  0.18625000E+00,  0.45046305E+00,  0.49689756E+01
  0.18687500E+00,  0.45064241E+00,  0.49656522E+01
  0.18750000E+00,  0.45082192E+00,  0.49623306E+01
  0.18812500E+00,  0.45100143E+00,  0.49590088E+01
  0.18875000E+00,  0.45118107E+00,  0.49556888E+01
  0.18937500E+00,  0.45136073E+00,  0.49523688E+01
  0.19000000E+00,  0.45154052E+00,  0.49490504E+01
  0.19062500E+00,  0.45172032E+00,  0.49457320E+01
  0.19125000E+00,  0.45190027E+00,  0.49424154E+01
  0.19187500E+00,  0.45208021E+00,  0.49390987E+01
  0.19250000E+00,  0.45226030E+00,  0.49357837E+01
  0.19312500E+00,  0.45244039E+00,  0.49324686E+01
  0.19375000E+00,  0.45262063E+00,  0.49291553E+01
  0.19437500E+00,  0.45280087E+00,  0.49258419E+01
  0.19500000E+00,  0.45298125E+00,  0.49225303E+01
  0.19562500E+00,  0.45316164E+00,  0.49192185E+01
  0.19625000E+00,  0.45334216E+00,  0.49159085E+01
  0.19687500E+00,  0.45352270E+00,  0.49125984E+01
  0.19750000E+00,  0.45370338E+00,  0.49092901E+01
  0.19812500E+00,  0.45388406E+00,  0.49059817E+01
  0.19875000E+00,  0.45406488E+00,  0.49026750E+01
  0.19937500E+00,  0.45424571E+00,  0.48993682E+01
  0.20000000E+00,  0.45442668E+00,  0.48960631E+01
  0.20062500E+00,  0.45460766E+00,  0.48927580E+01
  0.20125000E+00,  0.45478878E+00,  0.48894546E+01
  0.20187500E+00,  0.45496991E+00,  0.48861511E+01
  0.20250000E+00,  0.45515117E+00,  0.48828493E+01
  0.20312500E+00,  0.45533245E+00,  0.48795475E+01
  0.20375000E+00,  0.45551387E+00,  0.48762474E+01
  0.20437500E+00,  0.45569529E+00,  0.48729472E+01
  0.20500000E+00,  0.45587685E+00,  0.48696487E+01
  0.20562500E+00,  0.45605843E+00,  0.48663501E+01
  0.20625000E+00,  0.45624014E+00,  0.48630532E+01
  0.20687500E+00,  0.45642186E+00,  0.48597563E+01
  0.20750000E+00,  0.45660373E+00,  0.48564611E+01
  0.20812500E+00,  0.45678560E+00,  0.48531657E+01
  0.20875000E+00,  0.45696761E+00,  0.48498721E+01
  0.20937500E+00,  0.45714964E+00,  0.48465785E+01
  0.21000000E+00,  0.45733180E+00,  0.48432865E+01
  0.21062500E+00,  0.45751397E+00,  0.48399944E+01
  0.21125000E+00,  0.45769629E+00,  0.48367041E+01
  0.21187500E+00,  0.45787861E+00,  0.48334136E+01
  0.21250000E+00,  0.45806107E+00,  0.48301249E+01
  0.21312500E+00,  0.45824354E+00,  0.48268360E+01
  0.21375000E+00,  0.45842616E+00,  0.48235489E+01
  0.21437500E+00,  0.45860878E+00,  0.48202617E+01
  0.21500000E+00,  0.45879155E+00,  0.48169762E+01
  0.21562500E+00,  0.45897433E+00,  0.48136906E+01
  0.21625000E+00,  0.45915724E+00,  0.48104067E+01
  0.21687500E+00,  0.45934017E+00,  0.48071227E+01
  0.21750000E+00,  0.45952324E+00,  0.48038404E+01
  0.21812500E+00,  0.45970632E+00,  0.48005580E+01
  0.21875000E+00,  0.45988954E+00,  0.47972773E+01
  0.21937500E+00,  0.46007277E+00,  0.47939965E+01
  0.22000000E+00,  0.46025614E+00,  0.47907174E+01
  0.22062500E+00,  0.46043952E+00,  0.47874382E+01
  0.22125000E+00,  0.46062305E+00,  0.47841607E+01
  0.22187500E+00,  0.46080658E+00,  0.47808831E+01
  0.22250000E+00,  0.46099026E+00,  0.47776072E+01
  0.22312500E+00,  0.46117395E+00,  0.47743312E+01
  0.22375000E+00,  0.46135778E+00,  0.47710569E+01
  0.22437500E+00,  0.46154162E+00,  0.47677825E+01
  0.22500000E+00,  0.46172560E+00,  0.47645097E+01
  0.22562500E+00,  0.46190960E+00,  0.47612369E+01
  0.22625000E+00,  0.46209373E+00,  0.47579658E+01
  0.22687500E+00,  0.46227788E+00,  0.47546945E+01
  0.22750000E+00,  0.46246217E+00,  0.47514249E+01
  0.22812500E+00,  0.46264647E+00,  0.47481553E+01
  0.22875000E+00,  0.46283092E+00,  0.47448873E+01
  0.22937500E+00,  0.46301537E+00,  0.47416192E+01
  0.23000000E+00,  0.46319997E+00,  0.47383528E+01
  0.23062500E+00,  0.46338458E+00,  0.47350863E+01
  0.23125000E+00,  0.46356934E+00,  0.47318214E+01
  0.23187500E+00,  0.46375410E+00,  0.47285565E+01
  0.23250000E+00,  0.46393901E+00,  0.47252932E+01
  0.23312500E+00,  0.46412393E+00,  0.47220299E+01
  0.23375000E+00,  0.46430899E+00,  0.47187682E+01
  0.23437500E+00,  0.46449406E+00,  0.47155064E+01
  0.23500000E+00,  0.46467928E+00,  0.47122462E+01
  0.23562500E+00,  0.46486451E+00,  0.47089860E+01
  0.23625000E+00,  0.46504989E+00,  0.47057274E+01
  0.23687500E+00,  0.46523527E+00,  0.47024687E+01
  0.23750000E+00,  0.46542080E+00,  0.46992117E+01
  0.23812500E+00,  0.46560634E+00,  0.46959545E+01
  0.23875000E+00,  0.46579203E+00,  0.46926991E+01
  0.23937500E+00,  0.46597773E+00,  0.46894435E+01
  0.24000000E+00,  0.46616357E+00,  0.46861896E+01
  0.24062500E+00,  0.46634942E+00,  0.46829356E+01
  0.24125000E+00,  0.46653543E+00,  0.46796832E+01
  0.24187500E+00,  0.46672143E+00,  0.46764307E+01
  0.24250000E+00,  0.46690759E+00,  0.46731799E+01
  0.24312500E+00,  0.46709376E+00,  0.46699290E+01
  0.24375000E+00,  0.46728007E+00,  0.46666797E+01
  0.24437500E+00,  0.46746640E+00,  0.46634303E+01
  0.24500000E+00,  0.46765287E+00,  0.46601825E+01
  0.24562500E+00,  0.46783935E+00,  0.46569347E+01
  0.24625000E+00,  0.46802598E+00,  0.46536885E+01
  0.24687500E+00,  0.46821262E+00,  0.46504422E+01
  0.24750000E+00,  0.46839941E+00,  0.46471975E+01
  0.24812500E+00,  0.46858621E+00,  0.46439527E+01
  0.24875000E+00,  0.46877316E+00,  0.46407095E+01
  0.24937500E+00,  0.46896011E+00,  0.46374663E+01
  0.25000000E+00,  0.46914722E+00,  0.46342247E+01
  0.25062500E+00,  0.46933434E+00,  0.46309829E+01
  0.25125000E+00,  0.46952160E+00,  0.46277428E+01
  0.25187500E+00,  0.46970888E+00,  0.46245026E+01
  0.25250000E+00,  0.46989630E+00,  0.46212641E+01
  0.25312500E+00,  0.47008373E+00,  0.46180254E+01
  0.25375000E+00,  0.47027132E+00,  0.46147883E+01
  0.25437500E+00,  0.47045891E+00,  0.46115511E+01
  0.25500000E+00,  0.47064666E+00,  0.46083156E+01
  0.25562500E+00,  0.47083441E+00,  0.46050799E+01
  0.25625000E+00,  0.47102231E+00,  0.46018459E+01
  0.25687500E+00,  0.47121023E+00,  0.45986118E+01
  0.25750000E+00,  0.47139829E+00,  0.45953792E+01
  0.25812500E+00,  0.47158637E+00,  0.45921466E+01
  0.25875000E+00,  0.47177459E+00,  0.45889156E+01
  0.25937500E+00,  0.47196283E+00,  0.45856845E+01
  0.26000000E+00,  0.47215121E+00,  0.45824549E+01
  0.26062500E+00,  0.47233961E+00,  0.45792253E+01
  0.26125000E+00,  0.47252816E+00,  0.45759973E+01
  0.26187500E+00,  0.47271671E+00,  0.45727692E+01
  0.26250000E+00,  0.47290542E+00,  0.45695427E+01
  0.26312500E+00,  0.47309414E+00,  0.45663160E+01
  0.26375000E+00,  0.47328301E+00,  0.45630910E+01
  0.26437500E+00,  0.47347190E+00,  0.45598659E+01
  0.26500000E+00,  0.47366093E+00,  0.45566423E+01
  0.26562500E+00,  0.47384997E+00,  0.45534187E+01
  0.26625000E+00,  0.47403917E+00,  0.45501966E+01
  0.26687500E+00,  0.47422838E+00,  0.45469745E+01
  0.26750000E+00,  0.47441774E+00,  0.45437539E+01
  0.26812500E+00,  0.47460710E+00,  0.45405332E+01
  0.26875000E+00,  0.47479663E+00,  0.45373141E+01
  0.26937500E+00,  0.47498616E+00,  0.45340949E+01
  0.27000000E+00,  0.47517585E+00,  0.45308773E+01
  0.27062500E+00,  0.47536554E+00,  0.45276596E+01
  0.27125000E+00,  0.47555539E+00,  0.45244435E+01
  0.27187500E+00,  0.47574525E+00,  0.45212272E+01
  0.27250000E+00,  0.47593526E+00,  0.45180126E+01
  0.27312500E+00,  0.47612529E+00,  0.45147978E+01
  0.27375000E+00,  0.47631547E+00,  0.45115846E+01
  0.27437500E+00,  0.47650565E+00,  0.45083713E+01
  0.27500000E+00,  0.47669600E+00,  0.45051596E+01
  0.27562500E+00,  0.47688635E+00,  0.45019477E+01
  0.27625000E+00,  0.47707686E+00,  0.44987375E+01
  0.27687500E+00,  0.47726738E+00,  0.44955271E+01
  0.27750000E+00,  0.47745805E+00,  0.44923183E+01
  0.27812500E+00,  0.47764873E+00,  0.44891094E+01
  0.27875000E+00,  0.47783957E+00,  0.44859020E+01
  0.27937500E+00,  0.47803042E+00,  0.44826946E+01
  0.28000000E+00,  0.47822143E+00,  0.44794887E+01
  0.28062500E+00,  0.47841244E+00,  0.44762827E+01
  0.28125000E+00,  0.47860361E+00,  0.44730783E+01
  0.28187500E+00,  0.47879479E+00,  0.44698737E+01
  0.28250000E+00,  0.47898613E+00,  0.44666707E+01
  0.28312500E+00,  0.47917748E+00,  0.44634676E+01
  0.28375000E+00,  0.47936898E+00,  0.44602661E+01
  0.28437500E+00,  0.47956050E+00,  0.44570644E+01
  0.28500000E+00,  0.47975217E+00,  0.44538643E+01
  0.28562500E+00,  0.47994385E+00,  0.44506641E+01
  0.28625000E+00,  0.48013569E+00,  0.44474654E+01
  0.28687500E+00,  0.48032754E+00,  0.44442666E+01
  0.28750000E+00,  0.48051955E+00,  0.44410694E+01
  0.28812500E+00,  0.48071157E+00,  0.44378720E+01
  0.28875000E+00,  0.48090374E+00,  0.44346762E+01
  0.28937500E+00,  0.48109593E+00,  0.44314803E+01
  0.29000000E+00,  0.48128827E+00,  0.44282860E+01
  0.29062500E+00,  0.48148062E+00,  0.44250915E+01
  0.29125000E+00,  0.48167314E+00,  0.44218985E+01
  0.29187500E+00,  0.48186566E+00,  0.44187055E+01
  0.29250000E+00,  0.48205834E+00,  0.44155139E+01
  0.29312500E+00,  0.48225103E+00,  0.44123223E+01
  0.29375000E+00,  0.48244388E+00,  0.44091322E+01
  0.29437500E+00,  0.48263675E+00,  0.44059420E+01
  0.29500000E+00,  0.48282977E+00,  0.44027533E+01
  0.29562500E+00,  0.48302280E+00,  0.43995645E+01
  0.29625000E+00,  0.48321599E+00,  0.43963772E+01
  0.29687500E+00,  0.48340919E+00,  0.43931899E+01
  0.29750000E+00,  0.48360255E+00,  0.43900040E+01
  0.29812500E+00,  0.48379592E+00,  0.43868180E+01
  0.29875000E+00,  0.48398946E+00,  0.43836336E+01
  0.29937500E+00,  0.48418300E+00,  0.43804490E+01
  0.30000000E+00,  0.48437670E+00,  0.43772660E+01
  0.30062500E+00,  0.48457042E+00,  0.43740828E+01
  0.30125000E+00,  0.48476429E+00,  0.43709012E+01
  0.30187500E+00,  0.48495818E+00,  0.43677194E+01
  0.30250000E+00,  0.48515222E+00,  0.43645392E+01
  0.30312500E+00,  0.48534628E+00,  0.43613588E+01
  0.30375000E+00,  0.48554050E+00,  0.43581800E+01
  0.30437500E+00,  0.48573473E+00,  0.43550010E+01
  0.30500000E+00,  0.48592912E+00,  0.43518235E+01
  0.30562500E+00,  0.48612352E+00,  0.43486460E+01
  0.30625000E+00,  0.48631808E+00,  0.43454699E+01
  0.30687500E+00,  0.48651266E+00,  0.43422937E+01
  0.30750000E+00,  0.48670740E+00,  0.43391190E+01
  0.30812500E+00,  0.48690214E+00,  0.43359442E+01
  0.30875000E+00,  0.48709705E+00,  0.43327710E+01
  0.30937500E+00,  0.48729197E+00,  0.43295975E+01
  0.31000000E+00,  0.48748706E+00,  0.43264256E+01
  0.31062500E+00,  0.48768215E+00,  0.43232536E+01
  0.31125000E+00,  0.48787741E+00,  0.43200831E+01
  0.31187500E+00,  0.48807268E+00,  0.43169124E+01
  0.31250000E+00,  0.48826811E+00,  0.43137432E+01
  0.31312500E+00,  0.48846356E+00,  0.43105740E+01
  0.31375000E+00,  0.48865916E+00,  0.43074062E+01
  0.31437500E+00,  0.48885478E+00,  0.43042383E+01
  0.31500000E+00,  0.48905056E+00,  0.43010718E+01
  0.31562500E+00,  0.48924636E+00,  0.42979053E+01
  0.31625000E+00,  0.48944231E+00,  0.42947402E+01
  0.31687500E+00,  0.48963828E+00,  0.42915751E+01
  0.31750000E+00,  0.48983442E+00,  0.42884114E+01
  0.31812500E+00,  0.49003056E+00,  0.42852475E+01
  0.31875000E+00,  0.49022687E+00,  0.42820852E+01
  0.31937500E+00,  0.49042319E+00,  0.42789228E+01
  0.32000000E+00,  0.49061968E+00,  0.42757618E+01
  0.32062500E+00,  0.49081618E+00,  0.42726007E+01
  0.32125000E+00,  0.49101284E+00,  0.42694411E+01
  0.32187500E+00,  0.49120952E+00,  0.42662813E+01
  0.32250000E+00,  0.49140635E+00,  0.42631230E+01
  0.32312500E+00,  0.49160321E+00,  0.42599646E+01
  0.32375000E+00,  0.49180022E+00,  0.42568077E+01
  0.32437500E+00,  0.49199725E+00,  0.42536506E+01
  0.32500000E+00,  0.49219445E+00,  0.42504951E+01
  0.32562500E+00,  0.49239166E+00,  0.42473393E+01
  0.32625000E+00,  0.49258903E+00,  0.42441851E+01
  0.32687500E+00,  0.49278642E+00,  0.42410307E+01
  0.32750000E+00,  0.49298397E+00,  0.42378778E+01
  0.32812500E+00,  0.49318154E+00,  0.42347248E+01
  0.32875000E+00,  0.49337927E+00,  0.42315732E+01
  0.32937500E+00,  0.49357701E+00,  0.42284215E+01
  0.33000000E+00,  0.49377492E+00,  0.42252713E+01
  0.33062500E+00,  0.49397284E+00,  0.42221209E+01
  0.33125000E+00,  0.49417093E+00,  0.42189720E+01
  0.33187500E+00,  0.49436904E+00,  0.42158229E+01
  0.33250000E+00,  0.49456731E+00,  0.42126754E+01
  0.33312500E+00,  0.49476559E+00,  0.42095276E+01
  0.33375000E+00,  0.49496404E+00,  0.42063814E+01
  0.33437500E+00,  0.49516251E+00,  0.42032350E+01
  0.33500000E+00,  0.49536114E+00,  0.42000900E+01
  0.33562500E+00,  0.49555978E+00,  0.41969449E+01
  0.33625000E+00,  0.49575859E+00,  0.41938013E+01
  0.33687500E+00,  0.49595742E+00,  0.41906575E+01
  0.33750000E+00,  0.49615641E+00,  0.41875152E+01
  0.33812500E+00,  0.49635542E+00,  0.41843728E+01
  0.33875000E+00,  0.49655460E+00,  0.41812318E+01
  0.33937500E+00,  0.49675379E+00,  0.41780906E+01
  0.34000000E+00,  0.49695315E+00,  0.41749509E+01
  0.34062500E+00,  0.49715252E+00,  0.41718111E+01
  0.34125000E+00,  0.49735206E+00,  0.41686727E+01
  0.34187500E+00,  0.49755161E+00,  0.41655341E+01
  0.34250000E+00,  0.49775134E+00,  0.41623971E+01
  0.34312500E+00,  0.49795107E+00,  0.41592598E+01
  0.34375000E+00,  0.49815098E+00,  0.41561240E+01
  0.34437500E+00,  0.49835090E+00,  0.41529881E+01
  0.34500000E+00,  0.49855099E+00,  0.41498536E+01
  0.34562500E+00,  0.49875110E+00,  0.41467189E+01
  0.34625000E+00,  0.49895137E+00,  0.41435857E+01
  0.34687500E+00,  0.49915166E+00,  0.41404523E+01
  0.34750000E+00,  0.49935212E+00,  0.41373204E+01
  0.34812500E+00,  0.49955260E+00,  0.41341884E+01
  0.34875000E+00,  0.49975324E+00,  0.41310577E+01
  0.34937500E+00,  0.49995390E+00,  0.41279269E+01
  0.35000000E+00,  0.50015473E+00,  0.41247976E+01
  0.35062500E+00,  0.50035557E+00,  0.41216681E+01
  0.35125000E+00,  0.50055659E+00,  0.41185400E+01
  0.35187500E+00,  0.50075762E+00,  0.41154117E+01
  0.35250000E+00,  0.50095882E+00,  0.41122849E+01
  0.35312500E+00,  0.50116004E+00,  0.41091580E+01
  0.35375000E+00,  0.50136142E+00,  0.41060324E+01
  0.35437500E+00,  0.50156283E+00,  0.41029068E+01
  0.35500000E+00,  0.50176440E+00,  0.40997825E+01
  0.35562500E+00,  0.50196599E+00,  0.40966581E+01
  0.35625000E+00,  0.50216775E+00,  0.40935351E+01
  0.35687500E+00,  0.50236953E+00,  0.40904119E+01
  0.35750000E+00,  0.50257148E+00,  0.40872902E+01
  0.35812500E+00,  0.50277344E+00,  0.40841683E+01
  0.35875000E+00,  0.50297558E+00,  0.40810478E+01
  0.35937500E+00,  0.50317773E+00,  0.40779272E+01
  0.36000000E+00,  0.50338006E+00,  0.40748080E+01
  0.36062500E+00,  0.50358240E+00,  0.40716886E+01
  0.36125000E+00,  0.50378491E+00,  0.40685706E+01
  0.36187500E+00,  0.50398744E+00,  0.40654525E+01
  0.36250000E+00,  0.50419015E+00,  0.40623358E+01
  0.36312500E+00,  0.50439287E+00,  0.40592189E+01
  0.36375000E+00,  0.50459576E+00,  0.40561035E+01
  0.36437500E+00,  0.50479867E+00,  0.40529878E+01
  0.36500000E+00,  0.50500175E+00,  0.40498736E+01
  0.36562500E+00,  0.50520485E+00,  0.40467592E+01
  0.36625000E+00,  0.50540812E+00,  0.40436462E+01
  0.36687500E+00,  0.50561141E+00,  0.40405331E+01
  0.36750000E+00,  0.50581488E+00,  0.40374213E+01
  0.36812500E+00,  0.50601836E+00,  0.40343094E+01
  0.36875000E+00,  0.50622201E+00,  0.40311989E+01
  0.36937500E+00,  0.50642568E+00,  0.40280882E+01
  0.37000000E+00,  0.50662953E+00,  0.40249789E+01
  0.37062500E+00,  0.50683339E+00,  0.40218695E+01
  0.37125000E+00,  0.50703743E+00,  0.40187614E+01
  0.37187500E+00,  0.50724149E+00,  0.40156532E+01
  0.37250000E+00,  0.50744572E+00,  0.40125464E+01
  0.37312500E+00,  0.50764997E+00,  0.40094394E+01
  0.37375000E+00,  0.50785439E+00,  0.40063338E+01
  0.37437500E+00,  0.50805883E+00,  0.40032280E+01
  0.37500000E+00,  0.50826345E+00,  0.40001236E+01
  0.37562500E+00,  0.50846808E+00,  0.39970191E+01
  0.37625000E+00,  0.50867289E+00,  0.39939159E+01
  0.37687500E+00,  0.50887772E+00,  0.39908125E+01
  0.37750000E+00,  0.50908272E+00,  0.39877106E+01
  0.37812500E+00,  0.50928775E+00,  0.39846084E+01
  0.37875000E+00,  0.50949295E+00,  0.39815077E+01
  0.37937500E+00,  0.50969816E+00,  0.39784068E+01
  0.38000000E+00,  0.50990356E+00,  0.39753072E+01
  0.38062500E+00,  0.51010897E+00,  0.39722075E+01
  0.38125000E+00,  0.51031456E+00,  0.39691091E+01
  0.38187500E+00,  0.51052016E+00,  0.39660106E+01
  0.38250000E+00,  0.51072595E+00,  0.39629135E+01
  0.38312500E+00,  0.51093175E+00,  0.39598162E+01
  0.38375000E+00,  0.51113773E+00,  0.39567202E+01
  0.38437500E+00,  0.51134373E+00,  0.39536241E+01
  0.38500000E+00,  0.51154991E+00,  0.39505293E+01
  0.38562500E+00,  0.51175610E+00,  0.39474344E+01
  0.38625000E+00,  0.51196248E+00,  0.39443408E+01
  0.38687500E+00,  0.51216887E+00,  0.39412471E+01
  0.38750000E+00,  0.51237544E+00,  0.39381547E+01
  0.38812500E+00,  0.51258203E+00,  0.39350621E+01
  0.38875000E+00,  0.51278880E+00,  0.39319709E+01
  0.38937500E+00,  0.51299559E+00,  0.39288795E+01
  0.39000000E+00,  0.51320256E+00,  0.39257895E+01
  0.39062500E+00,  0.51340955E+00,  0.39226993E+01
  0.39125000E+00,  0.51361671E+00,  0.39196104E+01
  0.39187500E+00,  0.51382390E+00,  0.39165214E+01
  0.39250000E+00,  0.51403126E+00,  0.39134337E+01
  0.39312500E+00,  0.51423865E+00,  0.39103459E+01
  0.39375000E+00,  0.51444621E+00,  0.39072594E+01
  0.39437500E+00,  0.51465380E+00,  0.39041727E+01
  0.39500000E+00,  0.51486156E+00,  0.39010874E+01
  0.39562500E+00,  0.51506935E+00,  0.38980019E+01
  0.39625000E+00,  0.51527731E+00,  0.38949177E+01
  0.39687500E+00,  0.51548530E+00,  0.38918333E+01
  0.39750000E+00,  0.51569347E+00,  0.38887503E+01
  0.39812500E+00,  0.51590165E+00,  0.38856671E+01
  0.39875000E+00,  0.51611002E+00,  0.38825853E+01
  0.39937500E+00,  0.51631841E+00,  0.38795032E+01
  0.40000000E+00,  0.51652698E+00,  0.38764225E+01
  0.40062500E+00,  0.51673557E+00,  0.38733416E+01
  0.40125000E+00,  0.51694434E+00,  0.38702621E+01
  0.40187500E+00,  0.51715313E+00,  0.38671823E+01
  0.40250000E+00,  0.51736211E+00,  0.38641039E+01
  0.40312500E+00,  0.51757110E+00,  0.38610253E+01
  0.40375000E+00,  0.51778028E+00,  0.38579481E+01
  0.40437500E+00,  0.51798948E+00,  0.38548706E+01
  0.40500000E+00,  0.51819886E+00,  0.38517945E+01
  0.40562500E+00,  0.51840826E+00,  0.38487182E+01
  0.40625000E+00,  0.51861784E+00,  0.38456432E+01
  0.40687500E+00,  0.51882745E+00,  0.38425680E+01
  0.40750000E+00,  0.51903724E+00,  0.38394942E+01
  0.40812500E+00,  0.51924705E+00,  0.38364201E+01
  0.40875000E+00,  0.51945705E+00,  0.38333474E+01
  0.40937500E+00,  0.51966706E+00,  0.38302745E+01
  0.41000000E+00,  0.51987726E+00,  0.38272029E+01
  0.41062500E+00,  0.52008748E+00,  0.38241311E+01
  0.41125000E+00,  0.52029789E+00,  0.38210606E+01
  0.41187500E+00,  0.52050832E+00,  0.38179900E+01
  0.41250000E+00,  0.52071893E+00,  0.38149206E+01
  0.41312500E+00,  0.52092956E+00,  0.38118511E+01
  0.41375000E+00,  0.52114038E+00,  0.38087829E+01
  0.41437500E+00,  0.52135122E+00,  0.38057144E+01
  0.41500000E+00,  0.52156225E+00,  0.38026473E+01
  0.41562500E+00,  0.52177330E+00,  0.37995800E+01
  0.41625000E+00,  0.52198453E+00,  0.37965140E+01
  0.41687500E+00,  0.52219579E+00,  0.37934478E+01
  0.41750000E+00,  0.52240723E+00,  0.37903829E+01
  0.41812500E+00,  0.52261869E+00,  0.37873178E+01
  0.41875000E+00,  0.52283034E+00,  0.37842540E+01
  0.41937500E+00,  0.52304202E+00,  0.37811900E+01
  0.42000000E+00,  0.52325388E+00,  0.37781273E+01
  0.42062500E+00,  0.52346576E+00,  0.37750644E+01
  0.42125000E+00,  0.52367783E+00,  0.37720028E+01
  0.42187500E+00,  0.52388992E+00,  0.37689410E+01
  0.42250000E+00,  0.52410220E+00,  0.37658805E+01
  0.42312500E+00,  0.52431450E+00,  0.37628198E+01
  0.42375000E+00,  0.52452699E+00,  0.37597604E+01
  0.42437500E+00,  0.52473951E+00,  0.37567008E+01
  0.42500000E+00,  0.52495221E+00,  0.37536425E+01
  0.42562500E+00,  0.52516493E+00,  0.37505839E+01
  0.42625000E+00,  0.52537785E+00,  0.37475267E+01
  0.42687500E+00,  0.52559078E+00,  0.37444693E+01
  0.42750000E+00,  0.52580391E+00,  0.37414131E+01
  0.42812500E+00,  0.52601706E+00,  0.37383567E+01
  0.42875000E+00,  0.52623039E+00,  0.37353016E+01
  0.42937500E+00,  0.52644376E+00,  0.37322464E+01
  0.43000000E+00,  0.52665731E+00,  0.37291923E+01
  0.43062500E+00,  0.52687088E+00,  0.37261381E+01
  0.43125000E+00,  0.52708465E+00,  0.37230852E+01
  0.43187500E+00,  0.52729843E+00,  0.37200321E+01
  0.43250000E+00,  0.52751241E+00,  0.37169802E+01
  0.43312500E+00,  0.52772641E+00,  0.37139281E+01
  0.43375000E+00,  0.52794061E+00,  0.37108773E+01
  0.43437500E+00,  0.52815482E+00,  0.37078263E+01
  0.43500000E+00,  0.52836923E+00,  0.37047765E+01
  0.43562500E+00,  0.52858366E+00,  0.37017266E+01
  0.43625000E+00,  0.52879829E+00,  0.36986779E+01
  0.43687500E+00,  0.52901293E+00,  0.36956290E+01
  0.43750000E+00,  0.52922777E+00,  0.36925813E+01
  0.43812500E+00,  0.52944264E+00,  0.36895335E+01
  0.43875000E+00,  0.52965769E+00,  0.36864869E+01
  0.43937500E+00,  0.52987277E+00,  0.36834401E+01
  0.44000000E+00,  0.53008805E+00,  0.36803945E+01
  0.44062500E+00,  0.53030335E+00,  0.36773488E+01
  0.44125000E+00,  0.53051884E+00,  0.36743043E+01
  0.44187500E+00,  0.53073435E+00,  0.36712596E+01
  0.44250000E+00,  0.53095006E+00,  0.36682161E+01
  0.44312500E+00,  0.53116579E+00,  0.36651725E+01
  0.44375000E+00,  0.53138172E+00,  0.36621300E+01
  0.44437500E+00,  0.53159767E+00,  0.36590874E+01
  0.44500000E+00,  0.53181382E+00,  0.36560460E+01
  0.44562500E+00,  0.53202999E+00,  0.36530044E+01
  0.44625000E+00,  0.53224636E+00,  0.36499640E+01
  0.44687500E+00,  0.53246275E+00,  0.36469235E+01
  0.44750000E+00,  0.53267934E+00,  0.36438841E+01
  0.44812500E+00,  0.53289595E+00,  0.36408446E+01
  0.44875000E+00,  0.53311275E+00,  0.36378063E+01
  0.44937500E+00,  0.53332959E+00,  0.36347677E+01
  0.45000000E+00,  0.53354661E+00,  0.36317304E+01
  0.45062500E+00,  0.53376367E+00,  0.36286929E+01
  0.45125000E+00,  0.53398092E+00,  0.36256566E+01
  0.45187500E+00,  0.53419819E+00,  0.36226202E+01
  0.45250000E+00,  0.53441567E+00,  0.36195849E+01
  0.45312500E+00,  0.53463316E+00,  0.36165494E+01
  0.45375000E+00,  0.53485086E+00,  0.36135151E+01
  0.45437500E+00,  0.53506858E+00,  0.36104807E+01
  0.45500000E+00,  0.53528650E+00,  0.36074474E+01
  0.45562500E+00,  0.53550444E+00,  0.36044139E+01
  0.45625000E+00,  0.53572259E+00,  0.36013817E+01
  0.45687500E+00,  0.53594075E+00,  0.35983492E+01
  0.45750000E+00,  0.53615912E+00,  0.35953180E+01
  0.45812500E+00,  0.53637751E+00,  0.35922865E+01
  0.45875000E+00,  0.53659611E+00,  0.35892562E+01
  0.45937500E+00,  0.53681472E+00,  0.35862258E+01
  0.46000000E+00,  0.53703354E+00,  0.35831965E+01
  0.46062500E+00,  0.53725238E+00,  0.35801670E+01
  0.46125000E+00,  0.53747143E+00,  0.35771387E+01
  0.46187500E+00,  0.53769050E+00,  0.35741102E+01
  0.46250000E+00,  0.53790977E+00,  0.35710829E+01
  0.46312500E+00,  0.53812906E+00,  0.35680554E+01
  0.46375000E+00,  0.53834856E+00,  0.35650291E+01
  0.46437500E+00,  0.53856809E+00,  0.35620025E+01
  0.46500000E+00,  0.53878781E+00,  0.35589772E+01
  0.46562500E+00,  0.53900756E+00,  0.35559516E+01
  0.46625000E+00,  0.53922751E+00,  0.35529273E+01
  0.46687500E+00,  0.53944750E+00,  0.35499027E+01
  0.46750000E+00,  0.53966768E+00,  0.35468793E+01
  0.46812500E+00,  0.53988789E+00,  0.35438557E+01
  0.46875000E+00,  0.54010830E+00,  0.35408332E+01
  0.46937500E+00,  0.54032874E+00,  0.35378106E+01
  0.47000000E+00,  0.54054938E+00,  0.35347891E+01
  0.47062500E+00,  0.54077005E+00,  0.35317674E+01
  0.47125000E+00,  0.54099092E+00,  0.35287469E+01
  0.47187500E+00,  0.54121182E+00,  0.35257262E+01
  0.47250000E+00,  0.54143292E+00,  0.35227066E+01
  0.47312500E+00,  0.54165405E+00,  0.35196868E+01
  0.47375000E+00,  0.54187539E+00,  0.35166682E+01
  0.47437500E+00,  0.54209675E+00,  0.35136494E+01
  0.47500000E+00,  0.54231831E+00,  0.35106318E+01
  0.47562500E+00,  0.54253991E+00,  0.35076139E+01
  0.47625000E+00,  0.54276171E+00,  0.35045972E+01
  0.47687500E+00,  0.54298354E+00,  0.35015802E+01
  0.47750000E+00,  0.54320557E+00,  0.34985645E+01
  0.47812500E+00,  0.54342763E+00,  0.34955485E+01
  0.47875000E+00,  0.54364990E+00,  0.34925336E+01
  0.47937500E+00,  0.54387219E+00,  0.34895186E+01
  0.48000000E+00,  0.54409470E+00,  0.34865047E+01
  0.48062500E+00,  0.54431723E+00,  0.34834906E+01
  0.48125000E+00,  0.54453996E+00,  0.34804776E+01
  0.48187500E+00,  0.54476273E+00,  0.34774644E+01
  0.48250000E+00,  0.54498570E+00,  0.34744524E+01
  0.48312500E+00,  0.54520870E+00,  0.34714401E+01
  0.48375000E+00,  0.54543191E+00,  0.34684290E+01
  0.48437500E+00,  0.54565515E+00,  0.34654176E+01
  0.48500000E+00,  0.54587860E+00,  0.34624074E+01
  0.48562500E+00,  0.54610207E+00,  0.34593970E+01
  0.48625000E+00,  0.54632575E+00,  0.34563877E+01
  0.48687500E+00,  0.54654947E+00,  0.34533782E+01
  0.48750000E+00,  0.54677339E+00,  0.34503698E+01
  0.48812500E+00,  0.54699734E+00,  0.34473612E+01
  0.48875000E+00,  0.54722150E+00,  0.34443538E+01
  0.48937500E+00,  0.54744569E+00,  0.34413461E+01
  0.49000000E+00,  0.54767009E+00,  0.34383395E+01
  0.49062500E+00,  0.54789452E+00,  0.34353327E+01
  0.49125000E+00,  0.54811916E+00,  0.34323271E+01
  0.49187500E+00,  0.54834383E+00,  0.34293212E+01
  0.49250000E+00,  0.54856871E+00,  0.34263164E+01
  0.49312500E+00,  0.54879362E+00,  0.34233114E+01
  0.49375000E+00,  0.54901874E+00,  0.34203076E+01
  0.49437500E+00,  0.54924389E+00,  0.34173035E+01
  0.49500000E+00,  0.54946925E+00,  0.34143005E+01
  0.49562500E+00,  0.54969465E+00,  0.34112973E+01
  0.49625000E+00,  0.54992025E+00,  0.34082952E+01
  0.49687500E+00,  0.55014589E+00,  0.34052929E+01
  0.49750000E+00,  0.55037174E+00,  0.34022917E+01
  0.49812500E+00,  0.55059762E+00,  0.33992902E+01
  0.49875000E+00,  0.55082371E+00,  0.33962899E+01
  0.49937500E+00,  0.55104983E+00,  0.33932893E+01
  0.50000000E+00,  0.55127617E+00,  0.33902899E+01
  0.50062500E+00,  0.55150254E+00,  0.33872902E+01
  0.50125000E+00,  0.55172912E+00,  0.33842916E+01
  0.50187500E+00,  0.55195573E+00,  0.33812928E+01
  0.50250000E+00,  0.55218256E+00,  0.33782951E+01
  0.50312500E+00,  0.55240942E+00,  0.33752971E+01
  0.50375000E+00,  0.55263649E+00,  0.33723003E+01
  0.50437500E+00,  0.55286360E+00,  0.33693032E+01
  0.50500000E+00,  0.55309092E+00,  0.33663072E+01
  0.50562500E+00,  0.55331827E+00,  0.33633110E+01
  0.50625000E+00,  0.55354583E+00,  0.33603158E+01
  0.50687500E+00,  0.55377344E+00,  0.33573204E+01
  0.50750000E+00,  0.55400125E+00,  0.33543262E+01
  0.50812500E+00,  0.55422910E+00,  0.33513316E+01
  0.50875000E+00,  0.55445716E+00,  0.33483382E+01
  0.50937500E+00,  0.55468526E+00,  0.33453445E+01
  0.51000000E+00,  0.55491357E+00,  0.33423519E+01
  0.51062500E+00,  0.55514192E+00,  0.33393591E+01
  0.51125000E+00,  0.55537048E+00,  0.33363673E+01
  0.51187500E+00,  0.55559908E+00,  0.33333754E+01
  0.51250000E+00,  0.55582790E+00,  0.33303844E+01
  0.51312500E+00,  0.55605675E+00,  0.33273933E+01
  0.51375000E+00,  0.55628581E+00,  0.33244032E+01
  0.51437500E+00,  0.55651491E+00,  0.33214129E+01
  0.51500000E+00,  0.55674423E+00,  0.33184236E+01
  0.51562500E+00,  0.55697358E+00,  0.33154341E+01
  0.51625000E+00,  0.55720315E+00,  0.33124457E+01
  0.51687500E+00,  0.55743276E+00,  0.33094570E+01
  0.51750000E+00,  0.55766258E+00,  0.33064694E+01
  0.51812500E+00,  0.55789244E+00,  0.33034816E+01
  0.51875000E+00,  0.55812252E+00,  0.33004948E+01
  0.51937500E+00,  0.55835263E+00,  0.32975078E+01
  0.52000000E+00,  0.55858297E+00,  0.32945218E+01
  0.52062500E+00,  0.55881333E+00,  0.32915356E+01
  0.52125000E+00,  0.55904392E+00,  0.32885504E+01
  0.52187500E+00,  0.55927455E+00,  0.32855650E+01
  0.52250000E+00,  0.55950539E+00,  0.32825807E+01
  0.52312500E+00,  0.55973627E+00,  0.32795961E+01
  0.52375000E+00,  0.55996737E+00,  0.32766125E+01
  0.52437500E+00,  0.56019851E+00,  0.32736287E+01
  0.52500000E+00,  0.56042987E+00,  0.32706459E+01
  0.52562500E+00,  0.56066126E+00,  0.32676629E+01
  0.52625000E+00,  0.56089288E+00,  0.32646810E+01
  0.52687500E+00,  0.56112454E+00,  0.32616988E+01
  0.52750000E+00,  0.56135641E+00,  0.32587176E+01
  0.52812500E+00,  0.56158833E+00,  0.32557362E+01
  0.52875000E+00,  0.56182046E+00,  0.32527558E+01
  0.52937500E+00,  0.56205263E+00,  0.32497751E+01
  0.53000000E+00,  0.56228503E+00,  0.32467955E+01
  0.53062500E+00,  0.56251746E+00,  0.32438157E+01
  0.53125000E+00,  0.56275012E+00,  0.32408369E+01
  0.53187500E+00,  0.56298281E+00,  0.32378578E+01
  0.53250000E+00,  0.56321573E+00,  0.32348797E+01
  0.53312500E+00,  0.56344869E+00,  0.32319014E+01
  0.53375000E+00,  0.56368187E+00,  0.32289241E+01
  0.53437500E+00,  0.56391509E+00,  0.32259466E+01
  0.53500000E+00,  0.56414854E+00,  0.32229701E+01
  0.53562500E+00,  0.56438202E+00,  0.32199933E+01
  0.53625000E+00,  0.56461573E+00,  0.32170176E+01
  0.53687500E+00,  0.56484947E+00,  0.32140416E+01
  0.53750000E+00,  0.56508345E+00,  0.32110666E+01
  0.53812500E+00,  0.56531746E+00,  0.32080913E+01
  0.53875000E+00,  0.56555170E+00,  0.32051171E+01
  0.53937500E+00,  0.56578598E+00,  0.32021426E+01
  0.54000000E+00,  0.56602048E+00,  0.31991691E+01
  0.54062500E+00,  0.56625502E+00,  0.31961953E+01
  0.54125000E+00,  0.56648980E+00,  0.31932226E+01
  0.54187500E+00,  0.56672461E+00,  0.31902496E+01
  0.54250000E+00,  0.56695965E+00,  0.31872776E+01
  0.54312500E+00,  0.56719473E+00,  0.31843053E+01
  0.54375000E+00,  0.56743003E+00,  0.31813341E+01
  0.54437500E+00,  0.56766538E+00,  0.31783625E+01
  0.54500000E+00,  0.56790096E+00,  0.31753920E+01
  0.54562500E+00,  0.56813657E+00,  0.31724212E+01
  0.54625000E+00,  0.56837242E+00,  0.31694514E+01
  0.54687500E+00,  0.56860831E+00,  0.31664814E+01
  0.54750000E+00,  0.56884442E+00,  0.31635123E+01
  0.54812500E+00,  0.56908058E+00,  0.31605429E+01
  0.54875000E+00,  0.56931697E+00,  0.31575746E+01
  0.54937500E+00,  0.56955340E+00,  0.31546060E+01
  0.55000000E+00,  0.56979006E+00,  0.31516383E+01
  0.55062500E+00,  0.57002676E+00,  0.31486704E+01
  0.55125000E+00,  0.57026370E+00,  0.31457035E+01
  0.55187500E+00,  0.57050067E+00,  0.31427363E+01
  0.55250000E+00,  0.57073788E+00,  0.31397701E+01
  0.55312500E+00,  0.57097513E+00,  0.31368036E+01
  0.55375000E+00,  0.57121261E+00,  0.31338381E+01
  0.55437500E+00,  0.57145013E+00,  0.31308723E+01
  0.55500000E+00,  0.57168789E+00,  0.31279075E+01
  0.55562500E+00,  0.57192569E+00,  0.31249425E+01
  0.55625000E+00,  0.57216372E+00,  0.31219783E+01
  0.55687500E+00,  0.57240180E+00,  0.31190140E+01
  0.55750000E+00,  0.57264011E+00,  0.31160505E+01
  0.55812500E+00,  0.57287846E+00,  0.31130869E+01
  0.55875000E+00,  0.57311705E+00,  0.31101241E+01
  0.55937500E+00,  0.57335568E+00,  0.31071611E+01
  0.56000000E+00,  0.57359454E+00,  0.31041991E+01
  0.56062500E+00,  0.57383345E+00,  0.31012368E+01
  0.56125000E+00,  0.57407260E+00,  0.30982754E+01
  0.56187500E+00,  0.57431178E+00,  0.30953137E+01
  0.56250000E+00,  0.57455121E+00,  0.30923530E+01
  0.56312500E+00,  0.57479068E+00,  0.30893921E+01
  0.56375000E+00,  0.57503038E+00,  0.30864321E+01
  0.56437500E+00,  0.57527013E+00,  0.30834718E+01
  0.56500000E+00,  0.57551012E+00,  0.30805124E+01
  0.56562500E+00,  0.57575015E+00,  0.30775528E+01
  0.56625000E+00,  0.57599042E+00,  0.30745941E+01
  0.56687500E+00,  0.57623074E+00,  0.30716351E+01
  0.56750000E+00,  0.57647129E+00,  0.30686771E+01
  0.56812500E+00,  0.57671189E+00,  0.30657187E+01
  0.56875000E+00,  0.57695272E+00,  0.30627614E+01
  0.56937500E+00,  0.57719361E+00,  0.30598037E+01
  0.57000000E+00,  0.57743473E+00,  0.30568470E+01
  0.57062500E+00,  0.57767590E+00,  0.30538900E+01
  0.57125000E+00,  0.57791730E+00,  0.30509339E+01
  0.57187500E+00,  0.57815876E+00,  0.30479775E+01
  0.57250000E+00,  0.57840045E+00,  0.30450220E+01
  0.57312500E+00,  0.57864219E+00,  0.30420663E+01
  0.57375000E+00,  0.57888418E+00,  0.30391115E+01
  0.57437500E+00,  0.57912620E+00,  0.30361564E+01
  0.57500000E+00,  0.57936847E+00,  0.30332022E+01
  0.57562500E+00,  0.57961079E+00,  0.30302478E+01
  0.57625000E+00,  0.57985335E+00,  0.30272942E+01
  0.57687500E+00,  0.58009596E+00,  0.30243404E+01
  0.57750000E+00,  0.58033881E+00,  0.30213874E+01
  0.57812500E+00,  0.58058170E+00,  0.30184342E+01
  0.57875000E+00,  0.58082484E+00,  0.30154819E+01
  0.57937500E+00,  0.58106803E+00,  0.30125293E+01
  0.58000000E+00,  0.58131146E+00,  0.30095776E+01
  0.58062500E+00,  0.58155494E+00,  0.30066256E+01
  0.58125000E+00,  0.58179867E+00,  0.30036745E+01
  0.58187500E+00,  0.58204244E+00,  0.30007231E+01
  0.58250000E+00,  0.58228646E+00,  0.29977727E+01
  0.58312500E+00,  0.58253052E+00,  0.29948219E+01
  0.58375000E+00,  0.58277484E+00,  0.29918720E+01
  0.58437500E+00,  0.58301920E+00,  0.29889218E+01
  0.58500000E+00,  0.58326380E+00,  0.29859725E+01
  0.58562500E+00,  0.58350846E+00,  0.29830230E+01
  0.58625000E+00,  0.58375336E+00,  0.29800743E+01
  0.58687500E+00,  0.58399832E+00,  0.29771253E+01
  0.58750000E+00,  0.58424352E+00,  0.29741772E+01
  0.58812500E+00,  0.58448877E+00,  0.29712288E+01
  0.58875000E+00,  0.58473427E+00,  0.29682812E+01
  0.58937500E+00,  0.58497982E+00,  0.29653334E+01
  0.59000000E+00,  0.58522561E+00,  0.29623864E+01
  0.59062500E+00,  0.58547146E+00,  0.29594392E+01
  0.59125000E+00,  0.58571756E+00,  0.29564928E+01
  0.59187500E+00,  0.58596371E+00,  0.29535461E+01
  0.59250000E+00,  0.58621011E+00,  0.29506003E+01
  0.59312500E+00,  0.58645655E+00,  0.29476542E+01
  0.59375000E+00,  0.58670325E+00,  0.29447090E+01
  0.59437500E+00,  0.58695000E+00,  0.29417634E+01
  0.59500000E+00,  0.58719701E+00,  0.29388187E+01
  0.59562500E+00,  0.58744406E+00,  0.29358738E+01
  0.59625000E+00,  0.58769137E+00,  0.29329296E+01
  0.59687500E+00,  0.58793872E+00,  0.29299852E+01
  0.59750000E+00,  0.58818633E+00,  0.29270416E+01
  0.59812500E+00,  0.58843400E+00,  0.29240977E+01
  0.59875000E+00,  0.58868191E+00,  0.29211547E+01
  0.59937500E+00,  0.58892988E+00,  0.29182113E+01
  0.60000000E+00,  0.58917810E+00,  0.29152688E+01
  0.60062500E+00,  0.58942637E+00,  0.29123260E+01
  0.60125000E+00,  0.58967490E+00,  0.29093841E+01
  0.60187500E+00,  0.58992348E+00,  0.29064418E+01
  0.60250000E+00,  0.59017232E+00,  0.29035004E+01
  0.60312500E+00,  0.59042121E+00,  0.29005586E+01
  0.60375000E+00,  0.59067036E+00,  0.28976177E+01
  0.60437500E+00,  0.59091956E+00,  0.28946765E+01
  0.60500000E+00,  0.59116901E+00,  0.28917361E+01
  0.60562500E+00,  0.59141852E+00,  0.28887954E+01
  0.60625000E+00,  0.59166829E+00,  0.28858556E+01
  0.60687500E+00,  0.59191811E+00,  0.28829154E+01
  0.60750000E+00,  0.59216819E+00,  0.28799760E+01
  0.60812500E+00,  0.59241832E+00,  0.28770364E+01
  0.60875000E+00,  0.59266872E+00,  0.28740975E+01
  0.60937500E+00,  0.59291916E+00,  0.28711583E+01
  0.61000000E+00,  0.59316987E+00,  0.28682200E+01
  0.61062500E+00,  0.59342063E+00,  0.28652813E+01
  0.61125000E+00,  0.59367165E+00,  0.28623435E+01
  0.61187500E+00,  0.59392273E+00,  0.28594053E+01
  0.61250000E+00,  0.59417407E+00,  0.28564679E+01
  0.61312500E+00,  0.59442546E+00,  0.28535303E+01
  0.61375000E+00,  0.59467711E+00,  0.28505934E+01
  0.61437500E+00,  0.59492882E+00,  0.28476562E+01
  0.61500000E+00,  0.59518080E+00,  0.28447198E+01
  0.61562500E+00,  0.59543283E+00,  0.28417831E+01
  0.61625000E+00,  0.59568512E+00,  0.28388472E+01
  0.61687500E+00,  0.59593747E+00,  0.28359110E+01
  0.61750000E+00,  0.59619008E+00,  0.28329755E+01
  0.61812500E+00,  0.59644275E+00,  0.28300397E+01
  0.61875000E+00,  0.59669568E+00,  0.28271048E+01
  0.61937500E+00,  0.59694867E+00,  0.28241695E+01
  0.62000000E+00,  0.59720192E+00,  0.28212350E+01
  0.62062500E+00,  0.59745523E+00,  0.28183001E+01
  0.62125000E+00,  0.59770881E+00,  0.28153661E+01
  0.62187500E+00,  0.59796245E+00,  0.28124317E+01
  0.62250000E+00,  0.59821635E+00,  0.28094981E+01
  0.62312500E+00,  0.59847031E+00,  0.28065642E+01
  0.62375000E+00,  0.59872454E+00,  0.28036310E+01
  0.62437500E+00,  0.59897882E+00,  0.28006975E+01
  0.62500000E+00,  0.59923338E+00,  0.27977648E+01
  0.62562500E+00,  0.59948799E+00,  0.27948318E+01
  0.62625000E+00,  0.59974287E+00,  0.27918995E+01
  0.62687500E+00,  0.59999781E+00,  0.27889669E+01
  0.62750000E+00,  0.60025302E+00,  0.27860350E+01
  0.62812500E+00,  0.60050829E+00,  0.27831028E+01
  0.62875000E+00,  0.60076383E+00,  0.27801714E+01
  0.62937500E+00,  0.60101943E+00,  0.27772397E+01
  0.63000000E+00,  0.60127530E+00,  0.27743087E+01
  0.63062500E+00,  0.60153123E+00,  0.27713773E+01
  0.63125000E+00,  0.60178743E+00,  0.27684468E+01
  0.63187500E+00,  0.60204369E+00,  0.27655158E+01
  0.63250000E+00,  0.60230023E+00,  0.27625857E+01
  0.63312500E+00,  0.60255682E+00,  0.27596552E+01
  0.63375000E+00,  0.60281369E+00,  0.27567254E+01
  0.63437500E+00,  0.60307062E+00,  0.27537953E+01
  0.63500000E+00,  0.60332782E+00,  0.27508659E+01
  0.63562500E+00,  0.60358509E+00,  0.27479362E+01
  0.63625000E+00,  0.60384263E+00,  0.27450073E+01
  0.63687500E+00,  0.60410023E+00,  0.27420780E+01
  0.63750000E+00,  0.60435811E+00,  0.27391494E+01
  0.63812500E+00,  0.60461605E+00,  0.27362204E+01
  0.63875000E+00,  0.60487426E+00,  0.27332923E+01
  0.63937500E+00,  0.60513254E+00,  0.27303637E+01
  0.64000000E+00,  0.60539109E+00,  0.27274359E+01
  0.64062500E+00,  0.60564971E+00,  0.27245077E+01
  0.64125000E+00,  0.60590861E+00,  0.27215803E+01
  0.64187500E+00,  0.60616757E+00,  0.27186525E+01
  0.64250000E+00,  0.60642680E+00,  0.27157254E+01
  0.64312500E+00,  0.60668611E+00,  0.27127980E+01
  0.64375000E+00,  0.60694568E+00,  0.27098713E+01
  0.64437500E+00,  0.60720533E+00,  0.27069442E+01
  0.64500000E+00,  0.60746525E+00,  0.27040179E+01
  0.64562500E+00,  0.60772524E+00,  0.27010912E+01
  0.64625000E+00,  0.60798551E+00,  0.26981652E+01
  0.64687500E+00,  0.60824585E+00,  0.26952388E+01
  0.64750000E+00,  0.60850646E+00,  0.26923132E+01
  0.64812500E+00,  0.60876715E+00,  0.26893872E+01
  0.64875000E+00,  0.60902811E+00,  0.26864618E+01
  0.64937500E+00,  0.60928914E+00,  0.26835362E+01
  0.65000000E+00,  0.60955045E+00,  0.26806112E+01
  0.65062500E+00,  0.60981183E+00,  0.26776859E+01
  0.65125000E+00,  0.61007349E+00,  0.26747612E+01
  0.65187500E+00,  0.61033522E+00,  0.26718362E+01
  0.65250000E+00,  0.61059724E+00,  0.26689119E+01
  0.65312500E+00,  0.61085932E+00,  0.26659872E+01
  0.65375000E+00,  0.61112168E+00,  0.26630632E+01
  0.65437500E+00,  0.61138412E+00,  0.26601388E+01
  0.65500000E+00,  0.61164684E+00,  0.26572151E+01
  0.65562500E+00,  0.61190963E+00,  0.26542911E+01
  0.65625000E+00,  0.61217270E+00,  0.26513677E+01
  0.65687500E+00,  0.61243585E+00,  0.26484439E+01
  0.65750000E+00,  0.61269928E+00,  0.26455208E+01
  0.65812500E+00,  0.61296278E+00,  0.26425974E+01
  0.65875000E+00,  0.61322657E+00,  0.26396746E+01
  0.65937500E+00,  0.61349043E+00,  0.26367514E+01
  0.66000000E+00,  0.61375457E+00,  0.26338290E+01
  0.66062500E+00,  0.61401879E+00,  0.26309061E+01
  0.66125000E+00,  0.61428330E+00,  0.26279839E+01
  0.66187500E+00,  0.61454787E+00,  0.26250613E+01
  0.66250000E+00,  0.61481274E+00,  0.26221394E+01
  0.66312500E+00,  0.61507768E+00,  0.26192170E+01
  0.66375000E+00,  0.61534291E+00,  0.26162954E+01
  0.66437500E+00,  0.61560822E+00,  0.26133733E+01
  0.66500000E+00,  0.61587381E+00,  0.26104520E+01
  0.66562500E+00,  0.61613948E+00,  0.26075302E+01
  0.66625000E+00,  0.61640543E+00,  0.26046090E+01
  0.66687500E+00,  0.61667147E+00,  0.26016875E+01
  0.66750000E+00,  0.61693779E+00,  0.25987667E+01
  0.66812500E+00,  0.61720419E+00,  0.25958454E+01
  0.66875000E+00,  0.61747089E+00,  0.25929248E+01
  0.66937500E+00,  0.61773765E+00,  0.25900037E+01
  0.67000000E+00,  0.61800471E+00,  0.25870834E+01
  0.67062500E+00,  0.61827185E+00,  0.25841626E+01
  0.67125000E+00,  0.61853928E+00,  0.25812424E+01
  0.67187500E+00,  0.61880679E+00,  0.25783219E+01
  0.67250000E+00,  0.61907460E+00,  0.25754020E+01
  0.67312500E+00,  0.61934248E+00,  0.25724817E+01
  0.67375000E+00,  0.61961065E+00,  0.25695620E+01
  0.67437500E+00,  0.61987891E+00,  0.25666419E+01
  0.67500000E+00,  0.62014746E+00,  0.25637224E+01
  0.67562500E+00,  0.62041609E+00,  0.25608026E+01
  0.67625000E+00,  0.62068501E+00,  0.25578833E+01
  0.67687500E+00,  0.62095402E+00,  0.25549637E+01
  0.67750000E+00,  0.62122332E+00,  0.25520446E+01
  0.67812500E+00,  0.62149270E+00,  0.25491252E+01
  0.67875000E+00,  0.62176239E+00,  0.25462063E+01
  0.67937500E+00,  0.62203215E+00,  0.25432870E+01
  0.68000000E+00,  0.62230221E+00,  0.25403684E+01
  0.68062500E+00,  0.62257235E+00,  0.25374493E+01
  0.68125000E+00,  0.62284279E+00,  0.25345309E+01
  0.68187500E+00,  0.62311332E+00,  0.25316120E+01
  0.68250000E+00,  0.62338414E+00,  0.25286937E+01
  0.68312500E+00,  0.62365505E+00,  0.25257750E+01
  0.68375000E+00,  0.62392626E+00,  0.25228569E+01
  0.68437500E+00,  0.62419755E+00,  0.25199384E+01
  0.68500000E+00,  0.62446915E+00,  0.25170204E+01
  0.68562500E+00,  0.62474082E+00,  0.25141021E+01
  0.68625000E+00,  0.62501280E+00,  0.25111843E+01
  0.68687500E+00,  0.62528487E+00,  0.25082661E+01
  0.68750000E+00,  0.62555724E+00,  0.25053485E+01
  0.68812500E+00,  0.62582969E+00,  0.25024305E+01
  0.68875000E+00,  0.62610245E+00,  0.24995130E+01
  0.68937500E+00,  0.62637530E+00,  0.24965951E+01
  0.69000000E+00,  0.62664845E+00,  0.24936778E+01
  0.69062500E+00,  0.62692168E+00,  0.24907600E+01
  0.69125000E+00,  0.62719523E+00,  0.24878428E+01
  0.69187500E+00,  0.62746886E+00,  0.24849252E+01
  0.69250000E+00,  0.62774279E+00,  0.24820082E+01
  0.69312500E+00,  0.62801682E+00,  0.24790907E+01
  0.69375000E+00,  0.62829115E+00,  0.24761737E+01
  0.69437500E+00,  0.62856557E+00,  0.24732564E+01
  0.69500000E+00,  0.62884030E+00,  0.24703396E+01
  0.69562500E+00,  0.62911512E+00,  0.24674223E+01
  0.69625000E+00,  0.62939025E+00,  0.24645056E+01
  0.69687500E+00,  0.62966547E+00,  0.24615885E+01
  0.69750000E+00,  0.62994100E+00,  0.24586719E+01
  0.69812500E+00,  0.63021662E+00,  0.24557548E+01
  0.69875000E+00,  0.63049255E+00,  0.24528383E+01
  0.69937500E+00,  0.63076857E+00,  0.24499214E+01
  0.70000000E+00,  0.63104490E+00,  0.24470050E+01
  0.70062500E+00,  0.63132133E+00,  0.24440881E+01
  0.70125000E+00,  0.63159807E+00,  0.24411718E+01
  0.70187500E+00,  0.63187490E+00,  0.24382550E+01
  0.70250000E+00,  0.63215204E+00,  0.24353387E+01
  0.70312500E+00,  0.63242928E+00,  0.24324220E+01
  0.70375000E+00,  0.63270683E+00,  0.24295059E+01
  0.70437500E+00,  0.63298448E+00,  0.24265892E+01
  0.70500000E+00,  0.63326244E+00,  0.24236731E+01
  0.70562500E+00,  0.63354050E+00,  0.24207565E+01
  0.70625000E+00,  0.63381887E+00,  0.24178405E+01
  0.70687500E+00,  0.63409734E+00,  0.24149240E+01
  0.70750000E+00,  0.63437613E+00,  0.24120080E+01
  0.70812500E+00,  0.63465501E+00,  0.24090915E+01
  0.70875000E+00,  0.63493421E+00,  0.24061755E+01
  0.70937500E+00,  0.63521351E+00,  0.24032591E+01
  0.71000000E+00,  0.63549312E+00,  0.24003432E+01
  0.71062500E+00,  0.63577284E+00,  0.23974268E+01
  0.71125000E+00,  0.63605287E+00,  0.23945108E+01
  0.71187500E+00,  0.63633300E+00,  0.23915945E+01
  0.71250000E+00,  0.63661346E+00,  0.23886786E+01
  0.71312500E+00,  0.63689401E+00,  0.23857622E+01
  0.71375000E+00,  0.63717489E+00,  0.23828464E+01
  0.71437500E+00,  0.63745586E+00,  0.23799300E+01
  0.71500000E+00,  0.63773716E+00,  0.23770142E+01
  0.71562500E+00,  0.63801855E+00,  0.23740978E+01
  0.71625000E+00,  0.63830027E+00,  0.23711820E+01
  0.71687500E+00,  0.63858210E+00,  0.23682656E+01
  0.71750000E+00,  0.63886424E+00,  0.23653498E+01
  0.71812500E+00,  0.63914649E+00,  0.23624334E+01
  0.71875000E+00,  0.63942907E+00,  0.23595175E+01
  0.71937500E+00,  0.63971175E+00,  0.23566012E+01
  0.72000000E+00,  0.63999475E+00,  0.23536852E+01
  0.72062500E+00,  0.64027786E+00,  0.23507688E+01
  0.72125000E+00,  0.64056129E+00,  0.23478529E+01
  0.72187500E+00,  0.64084483E+00,  0.23449365E+01
  0.72250000E+00,  0.64112870E+00,  0.23420205E+01
  0.72312500E+00,  0.64141267E+00,  0.23391040E+01
  0.72375000E+00,  0.64169698E+00,  0.23361880E+01
  0.72437500E+00,  0.64198139E+00,  0.23332715E+01
  0.72500000E+00,  0.64226613E+00,  0.23303554E+01
  0.72562500E+00,  0.64255097E+00,  0.23274389E+01
  0.72625000E+00,  0.64283615E+00,  0.23245227E+01
  0.72687500E+00,  0.64312144E+00,  0.23216061E+01
  0.72750000E+00,  0.64340706E+00,  0.23186899E+01
  0.72812500E+00,  0.64369278E+00,  0.23157732E+01
  0.72875000E+00,  0.64397884E+00,  0.23128569E+01
  0.72937500E+00,  0.64426501E+00,  0.23099401E+01
  0.73000000E+00,  0.64455151E+00,  0.23070238E+01
  0.73062500E+00,  0.64483813E+00,  0.23041069E+01
  0.73125000E+00,  0.64512508E+00,  0.23011905E+01
  0.73187500E+00,  0.64541213E+00,  0.22982735E+01
  0.73250000E+00,  0.64569953E+00,  0.22953570E+01
  0.73312500E+00,  0.64598704E+00,  0.22924399E+01
  0.73375000E+00,  0.64627489E+00,  0.22895232E+01
  0.73437500E+00,  0.64656284E+00,  0.22866061E+01
  0.73500000E+00,  0.64685114E+00,  0.22836893E+01
  0.73562500E+00,  0.64713955E+00,  0.22807720E+01
  0.73625000E+00,  0.64742830E+00,  0.22778551E+01
  0.73687500E+00,  0.64771716E+00,  0.22749377E+01
  0.73750000E+00,  0.64800637E+00,  0.22720207E+01
  0.73812500E+00,  0.64829569E+00,  0.22691031E+01
  0.73875000E+00,  0.64858535E+00,  0.22661860E+01
  0.73937500E+00,  0.64887513E+00,  0.22632683E+01
  0.74000000E+00,  0.64916525E+00,  0.22603510E+01
  0.74062500E+00,  0.64945548E+00,  0.22574332E+01
  0.74125000E+00,  0.64974607E+00,  0.22545157E+01
  0.74187500E+00,  0.65003676E+00,  0.22515977E+01
  0.74250000E+00,  0.65032781E+00,  0.22486801E+01
  0.74312500E+00,  0.65061897E+00,  0.22457619E+01
  0.74375000E+00,  0.65091048E+00,  0.22428441E+01
  0.74437500E+00,  0.65120211E+00,  0.22399258E+01
  0.74500000E+00,  0.65149408E+00,  0.22370078E+01
  0.74562500E+00,  0.65178618E+00,  0.22340893E+01
  0.74625000E+00,  0.65207862E+00,  0.22311711E+01
  0.74687500E+00,  0.65237118E+00,  0.22282524E+01
  0.74750000E+00,  0.65266410E+00,  0.22253340E+01
  0.74812500E+00,  0.65295714E+00,  0.22224151E+01
  0.74875000E+00,  0.65325053E+00,  0.22194966E+01
  0.74937500E+00,  0.65354403E+00,  0.22165774E+01
  0.75000000E+00,  0.65383790E+00,  0.22136587E+01
  0.75062500E+00,  0.65413188E+00,  0.22107393E+01
  0.75125000E+00,  0.65442622E+00,  0.22078203E+01
  0.75187500E+00,  0.65472069E+00,  0.22049008E+01
  0.75250000E+00,  0.65501551E+00,  0.22019815E+01
  0.75312500E+00,  0.65531045E+00,  0.21990617E+01
  0.75375000E+00,  0.65560575E+00,  0.21961423E+01
  0.75437500E+00,  0.65590117E+00,  0.21932222E+01
  0.75500000E+00,  0.65619696E+00,  0.21903025E+01
  0.75562500E+00,  0.65649287E+00,  0.21873822E+01
  0.75625000E+00,  0.65678914E+00,  0.21844622E+01
  0.75687500E+00,  0.65708553E+00,  0.21815417E+01
  0.75750000E+00,  0.65738229E+00,  0.21786214E+01
  0.75812500E+00,  0.65767917E+00,  0.21757006E+01
  0.75875000E+00,  0.65797642E+00,  0.21727801E+01
  0.75937500E+00,  0.65827379E+00,  0.21698590E+01
  0.76000000E+00,  0.65857153E+00,  0.21669382E+01
  0.76062500E+00,  0.65886940E+00,  0.21640168E+01
  0.76125000E+00,  0.65916763E+00,  0.21610957E+01
  0.76187500E+00,  0.65946599E+00,  0.21581740E+01
  0.76250000E+00,  0.65976472E+00,  0.21552526E+01
  0.76312500E+00,  0.66006358E+00,  0.21523307E+01
  0.76375000E+00,  0.66036281E+00,  0.21494089E+01
  0.76437500E+00,  0.66066217E+00,  0.21464866E+01
  0.76500000E+00,  0.66096190E+00,  0.21435646E+01
  0.76562500E+00,  0.66126176E+00,  0.21406420E+01
  0.76625000E+00,  0.66156199E+00,  0.21377196E+01
  0.76687500E+00,  0.66186235E+00,  0.21347967E+01
  0.76750000E+00,  0.66216309E+00,  0.21318740E+01
  0.76812500E+00,  0.66246396E+00,  0.21289506E+01
  0.76875000E+00,  0.66276521E+00,  0.21260276E+01
  0.76937500E+00,  0.66306659E+00,  0.21231039E+01
  0.77000000E+00,  0.66336834E+00,  0.21201805E+01
  0.77062500E+00,  0.66367023E+00,  0.21172565E+01
  0.77125000E+00,  0.66397250E+00,  0.21143327E+01
  0.77187500E+00,  0.66427491E+00,  0.21114083E+01
  0.77250000E+00,  0.66457769E+00,  0.21084842E+01
  0.77312500E+00,  0.66488061E+00,  0.21055594E+01
  0.77375000E+00,  0.66518391E+00,  0.21026349E+01
  0.77437500E+00,  0.66548735E+00,  0.20997097E+01
  0.77500000E+00,  0.66579117E+00,  0.20967848E+01
  0.77562500E+00,  0.66609513E+00,  0.20938592E+01
  0.77625000E+00,  0.66639947E+00,  0.20909338E+01
  0.77687500E+00,  0.66670395E+00,  0.20880079E+01
  0.77750000E+00,  0.66700882E+00,  0.20850821E+01
  0.77812500E+00,  0.66731382E+00,  0.20821557E+01
  0.77875000E+00,  0.66761922E+00,  0.20792295E+01
  0.77937500E+00,  0.66792475E+00,  0.20763027E+01
  0.78000000E+00,  0.66823068E+00,  0.20733761E+01
  0.78062500E+00,  0.66853674E+00,  0.20704488E+01
  0.78125000E+00,  0.66884320E+00,  0.20675217E+01
  0.78187500E+00,  0.66914980E+00,  0.20645940E+01
  0.78250000E+00,  0.66945679E+00,  0.20616664E+01
  0.78312500E+00,  0.66976392E+00,  0.20587383E+01
  0.78375000E+00,  0.67007145E+00,  0.20558103E+01
  0.78437500E+00,  0.67037912E+00,  0.20528816E+01
  0.78500000E+00,  0.67068719E+00,  0.20499531E+01
  0.78562500E+00,  0.67099540E+00,  0.20470240E+01
  0.78625000E+00,  0.67130401E+00,  0.20440950E+01
  0.78687500E+00,  0.67161277E+00,  0.20411654E+01
  0.78750000E+00,  0.67192192E+00,  0.20382359E+01
  0.78812500E+00,  0.67223123E+00,  0.20353058E+01
  0.78875000E+00,  0.67254093E+00,  0.20323758E+01
  0.78937500E+00,  0.67285078E+00,  0.20294451E+01
  0.79000000E+00,  0.67316103E+00,  0.20265146E+01
  0.79062500E+00,  0.67347143E+00,  0.20235835E+01
  0.79125000E+00,  0.67378224E+00,  0.20206524E+01
  0.79187500E+00,  0.67409320E+00,  0.20177207E+01
  0.79250000E+00,  0.67440456E+00,  0.20147891E+01
  0.79312500E+00,  0.67471607E+00,  0.20118569E+01
  0.79375000E+00,  0.67502799E+00,  0.20089247E+01
  0.79437500E+00,  0.67534006E+00,  0.20059919E+01
  0.79500000E+00,  0.67565254E+00,  0.20030592E+01
  0.79562500E+00,  0.67596518E+00,  0.20001258E+01
  0.79625000E+00,  0.67627822E+00,  0.19971926E+01
  0.79687500E+00,  0.67659142E+00,  0.19942586E+01
  0.79750000E+00,  0.67690503E+00,  0.19913248E+01
  0.79812500E+00,  0.67721880E+00,  0.19883902E+01
  0.79875000E+00,  0.67753298E+00,  0.19854557E+01
  0.79937500E+00,  0.67784732E+00,  0.19825206E+01
  0.80000000E+00,  0.67816208E+00,  0.19795855E+01
  0.80062500E+00,  0.67847699E+00,  0.19766497E+01
  0.80125000E+00,  0.67879232E+00,  0.19737140E+01
  0.80187500E+00,  0.67910781E+00,  0.19707776E+01
  0.80250000E+00,  0.67942372E+00,  0.19678413E+01
  0.80312500E+00,  0.67973978E+00,  0.19649043E+01
  0.80375000E+00,  0.68005627E+00,  0.19619673E+01
  0.80437500E+00,  0.68037292E+00,  0.19590296E+01
  0.80500000E+00,  0.68069000E+00,  0.19560920E+01
  0.80562500E+00,  0.68100723E+00,  0.19531537E+01
  0.80625000E+00,  0.68132489E+00,  0.19502154E+01
  0.80687500E+00,  0.68164272E+00,  0.19472764E+01
  0.80750000E+00,  0.68196097E+00,  0.19443374E+01
  0.80812500E+00,  0.68227939E+00,  0.19413977E+01
  0.80875000E+00,  0.68259823E+00,  0.19384580E+01
  0.80937500E+00,  0.68291724E+00,  0.19355176E+01
  0.81000000E+00,  0.68323668E+00,  0.19325772E+01
  0.81062500E+00,  0.68355629E+00,  0.19296361E+01
  0.81125000E+00,  0.68387633E+00,  0.19266950E+01
  0.81187500E+00,  0.68419654E+00,  0.19237532E+01
  0.81250000E+00,  0.68451718E+00,  0.19208114E+01
  0.81312500E+00,  0.68483799E+00,  0.19178688E+01
  0.81375000E+00,  0.68515924E+00,  0.19149263E+01
  0.81437500E+00,  0.68548066E+00,  0.19119830E+01
  0.81500000E+00,  0.68580251E+00,  0.19090396E+01
  0.81562500E+00,  0.68612455E+00,  0.19060956E+01
  0.81625000E+00,  0.68644701E+00,  0.19031515E+01
  0.81687500E+00,  0.68676966E+00,  0.19002066E+01
  0.81750000E+00,  0.68709274E+00,  0.18972618E+01
  0.81812500E+00,  0.68741600E+00,  0.18943162E+01
  0.81875000E+00,  0.68773970E+00,  0.18913705E+01
  0.81937500E+00,  0.68806359E+00,  0.18884241E+01
  0.82000000E+00,  0.68838791E+00,  0.18854776E+01
  0.82062500E+00,  0.68871241E+00,  0.18825304E+01
  0.82125000E+00,  0.68903736E+00,  0.18795831E+01
  0.82187500E+00,  0.68936250E+00,  0.18766351E+01
  0.82250000E+00,  0.68968807E+00,  0.18736869E+01
  0.82312500E+00,  0.69001383E+00,  0.18707380E+01
  0.82375000E+00,  0.69034004E+00,  0.18677891E+01
  0.82437500E+00,  0.69066644E+00,  0.18648393E+01
  0.82500000E+00,  0.69099329E+00,  0.18618895E+01
  0.82562500E+00,  0.69132032E+00,  0.18589389E+01
  0.82625000E+00,  0.69164780E+00,  0.18559882E+01
  0.82687500E+00,  0.69197547E+00,  0.18530367E+01
  0.82750000E+00,  0.69230360E+00,  0.18500852E+01
  0.82812500E+00,  0.69263192E+00,  0.18471328E+01
  0.82875000E+00,  0.69296069E+00,  0.18441803E+01
  0.82937500E+00,  0.69328966E+00,  0.18412270E+01
  0.83000000E+00,  0.69361908E+00,  0.18382737E+01
  0.83062500E+00,  0.69394869E+00,  0.18353194E+01
  0.83125000E+00,  0.69427877E+00,  0.18323651E+01
  0.83187500E+00,  0.69460904E+00,  0.18294100E+01
  0.83250000E+00,  0.69493977E+00,  0.18264547E+01
  0.83312500E+00,  0.69527070E+00,  0.18234986E+01
  0.83375000E+00,  0.69560209E+00,  0.18205424E+01
  0.83437500E+00,  0.69593368E+00,  0.18175854E+01
  0.83500000E+00,  0.69626574E+00,  0.18146282E+01
  0.83562500E+00,  0.69659800E+00,  0.18116702E+01
  0.83625000E+00,  0.69693072E+00,  0.18087120E+01
  0.83687500E+00,  0.69726365E+00,  0.18057530E+01
  0.83750000E+00,  0.69759705E+00,  0.18027938E+01
  0.83812500E+00,  0.69793065E+00,  0.17998338E+01
  0.83875000E+00,  0.69826472E+00,  0.17968736E+01
  0.83937500E+00,  0.69859900E+00,  0.17939126E+01
  0.84000000E+00,  0.69893375E+00,  0.17909514E+01
  0.84062500E+00,  0.69926871E+00,  0.17879893E+01
  0.84125000E+00,  0.69960414E+00,  0.17850270E+01
  0.84187500E+00,  0.69993979E+00,  0.17820639E+01
  0.84250000E+00,  0.70027591E+00,  0.17791006E+01
  0.84312500E+00,  0.70061224E+00,  0.17761364E+01
  0.84375000E+00,  0.70094905E+00,  0.17731720E+01
  0.84437500E+00,  0.70128608E+00,  0.17702067E+01
  0.84500000E+00,  0.70162359E+00,  0.17672412E+01
  0.84562500E+00,  0.70196131E+00,  0.17642748E+01
  0.84625000E+00,  0.70229952E+00,  0.17613082E+01
  0.84687500E+00,  0.70263795E+00,  0.17583407E+01
  0.84750000E+00,  0.70297686E+00,  0.17553730E+01
  0.84812500E+00,  0.70331599E+00,  0.17524044E+01
  0.84875000E+00,  0.70365561E+00,  0.17494355E+01
  0.84937500E+00,  0.70399545E+00,  0.17464658E+01
  0.85000000E+00,  0.70433578E+00,  0.17434958E+01
  0.85062500E+00,  0.70467633E+00,  0.17405248E+01
  0.85125000E+00,  0.70501738E+00,  0.17375536E+01
  0.85187500E+00,  0.70535865E+00,  0.17345815E+01
  0.85250000E+00,  0.70570042E+00,  0.17316092E+01
  0.85312500E+00,  0.70604241E+00,  0.17286358E+01
  0.85375000E+00,  0.70638490E+00,  0.17256623E+01
  0.85437500E+00,  0.70672762E+00,  0.17226878E+01
  0.85500000E+00,  0.70707084E+00,  0.17197130E+01
  0.85562500E+00,  0.70741430E+00,  0.17167372E+01
  0.85625000E+00,  0.70775825E+00,  0.17137612E+01
  0.85687500E+00,  0.70810244E+00,  0.17107842E+01
  0.85750000E+00,  0.70844713E+00,  0.17078069E+01
  0.85812500E+00,  0.70879206E+00,  0.17048286E+01
  0.85875000E+00,  0.70913749E+00,  0.17018501E+01
  0.85937500E+00,  0.70948316E+00,  0.16988705E+01
  0.86000000E+00,  0.70982935E+00,  0.16958907E+01
  0.86062500E+00,  0.71017577E+00,  0.16929098E+01
  0.86125000E+00,  0.71052270E+00,  0.16899287E+01
  0.86187500E+00,  0.71086987E+00,  0.16869465E+01
  0.86250000E+00,  0.71121757E+00,  0.16839640E+01
  0.86312500E+00,  0.71156550E+00,  0.16809806E+01
  0.86375000E+00,  0.71191395E+00,  0.16779967E+01
  0.86437500E+00,  0.71226264E+00,  0.16750119E+01
  0.86500000E+00,  0.71261186E+00,  0.16720267E+01
  0.86562500E+00,  0.71296133E+00,  0.16690405E+01
  0.86625000E+00,  0.71331131E+00,  0.16660539E+01
  0.86687500E+00,  0.71366155E+00,  0.16630663E+01
  0.86750000E+00,  0.71401231E+00,  0.16600783E+01
  0.86812500E+00,  0.71436333E+00,  0.16570893E+01
  0.86875000E+00,  0.71471487E+00,  0.16540999E+01
  0.86937500E+00,  0.71506667E+00,  0.16511095E+01
  0.87000000E+00,  0.71541900E+00,  0.16481187E+01
  0.87062500E+00,  0.71577158E+00,  0.16451268E+01
  0.87125000E+00,  0.71612470E+00,  0.16421345E+01
  0.87187500E+00,  0.71647808E+00,  0.16391412E+01
  0.87250000E+00,  0.71683200E+00,  0.16361474E+01
  0.87312500E+00,  0.71718617E+00,  0.16331526E+01
  0.87375000E+00,  0.71754089E+00,  0.16301573E+01
  0.87437500E+00,  0.71789586E+00,  0.16271610E+01
  0.87500000E+00,  0.71825139E+00,  0.16241642E+01
  0.87562500E+00,  0.71860717E+00,  0.16211664E+01
  0.87625000E+00,  0.71896351E+00,  0.16181681E+01
  0.87687500E+00,  0.71932011E+00,  0.16151687E+01
  0.87750000E+00,  0.71967726E+00,  0.16121688E+01
  0.87812500E+00,  0.72003467E+00,  0.16091679E+01
  0.87875000E+00,  0.72039265E+00,  0.16061664E+01
  0.87937500E+00,  0.72075089E+00,  0.16031639E+01
  0.88000000E+00,  0.72110969E+00,  0.16001608E+01
  0.88062500E+00,  0.72146876E+00,  0.15971567E+01
  0.88125000E+00,  0.72182840E+00,  0.15941520E+01
  0.88187500E+00,  0.72218830E+00,  0.15911463E+01
  0.88250000E+00,  0.72254877E+00,  0.15881400E+01
  0.88312500E+00,  0.72290952E+00,  0.15851325E+01
  0.88375000E+00,  0.72327084E+00,  0.15821246E+01
  0.88437500E+00,  0.72363243E+00,  0.15791155E+01
  0.88500000E+00,  0.72399460E+00,  0.15761059E+01
  0.88562500E+00,  0.72435705E+00,  0.15730951E+01
  0.88625000E+00,  0.72472007E+00,  0.15700837E+01
  0.88687500E+00,  0.72508337E+00,  0.15670712E+01
  0.88750000E+00,  0.72544726E+00,  0.15640582E+01
  0.88812500E+00,  0.72581143E+00,  0.15610439E+01
  0.88875000E+00,  0.72617618E+00,  0.15580291E+01
  0.88937500E+00,  0.72654122E+00,  0.15550131E+01
  0.89000000E+00,  0.72690684E+00,  0.15519965E+01
  0.89062500E+00,  0.72727276E+00,  0.15489788E+01
  0.89125000E+00,  0.72763926E+00,  0.15459604E+01
  0.89187500E+00,  0.72800606E+00,  0.15429408E+01
  0.89250000E+00,  0.72837345E+00,  0.15399206E+01
  0.89312500E+00,  0.72874113E+00,  0.15368992E+01
  0.89375000E+00,  0.72910941E+00,  0.15338772E+01
  0.89437500E+00,  0.72947800E+00,  0.15308539E+01
  0.89500000E+00,  0.72984717E+00,  0.15278300E+01
  0.89562500E+00,  0.73021666E+00,  0.15248049E+01
  0.89625000E+00,  0.73058674E+00,  0.15217791E+01
  0.89687500E+00,  0.73095713E+00,  0.15187521E+01
  0.89750000E+00,  0.73132812E+00,  0.15157244E+01
  0.89812500E+00,  0.73169943E+00,  0.15126954E+01
  0.89875000E+00,  0.73207134E+00,  0.15096658E+01
  0.89937500E+00,  0.73244356E+00,  0.15066349E+01
  0.90000000E+00,  0.73281640E+00,  0.15036033E+01
  0.90062500E+00,  0.73318955E+00,  0.15005704E+01
  0.90125000E+00,  0.73356332E+00,  0.14975368E+01
  0.90187500E+00,  0.73393740E+00,  0.14945020E+01
  0.90250000E+00,  0.73431211E+00,  0.14914664E+01
  0.90312500E+00,  0.73468713E+00,  0.14884295E+01
  0.90375000E+00,  0.73506278E+00,  0.14853919E+01
  0.90437500E+00,  0.73543876E+00,  0.14823529E+01
  0.90500000E+00,  0.73581536E+00,  0.14793132E+01
  0.90562500E+00,  0.73619229E+00,  0.14762722E+01
  0.90625000E+00,  0.73656985E+00,  0.14732304E+01
  0.90687500E+00,  0.73694774E+00,  0.14701873E+01
  0.90750000E+00,  0.73732626E+00,  0.14671434E+01
  0.90812500E+00,  0.73770512E+00,  0.14640981E+01
  0.90875000E+00,  0.73808462E+00,  0.14610521E+01
  0.90937500E+00,  0.73846445E+00,  0.14580047E+01
  0.91000000E+00,  0.73884493E+00,  0.14549564E+01
  0.91062500E+00,  0.73922575E+00,  0.14519068E+01
  0.91125000E+00,  0.73960721E+00,  0.14488564E+01
  0.91187500E+00,  0.73998902E+00,  0.14458046E+01
  0.91250000E+00,  0.74037148E+00,  0.14427520E+01
  0.91312500E+00,  0.74075429E+00,  0.14396979E+01
  0.91375000E+00,  0.74113776E+00,  0.14366430E+01
  0.91437500E+00,  0.74152157E+00,  0.14335867E+01
  0.91500000E+00,  0.74190605E+00,  0.14305295E+01
  0.91562500E+00,  0.74229087E+00,  0.14274709E+01
  0.91625000E+00,  0.74267637E+00,  0.14244114E+01
  0.91687500E+00,  0.74306222E+00,  0.14213504E+01
  0.91750000E+00,  0.74344874E+00,  0.14182886E+01
  0.91812500E+00,  0.74383562E+00,  0.14152253E+01
  0.91875000E+00,  0.74422317E+00,  0.14121611E+01
  0.91937500E+00,  0.74461109E+00,  0.14090954E+01
  0.92000000E+00,  0.74499969E+00,  0.14060288E+01
  0.92062500E+00,  0.74538865E+00,  0.14029606E+01
  0.92125000E+00,  0.74577830E+00,  0.13998916E+01
  0.92187500E+00,  0.74616832E+00,  0.13968210E+01
  0.92250000E+00,  0.74655902E+00,  0.13937495E+01
  0.92312500E+00,  0.74695011E+00,  0.13906765E+01
  0.92375000E+00,  0.74734188E+00,  0.13876024E+01
  0.92437500E+00,  0.74773403E+00,  0.13845269E+01
  0.92500000E+00,  0.74812688E+00,  0.13814503E+01
  0.92562500E+00,  0.74852012E+00,  0.13783722E+01
  0.92625000E+00,  0.74891405E+00,  0.13752931E+01
  0.92687500E+00,  0.74930838E+00,  0.13722125E+01
  0.92750000E+00,  0.74970341E+00,  0.13691308E+01
  0.92812500E+00,  0.75009883E+00,  0.13660475E+01
  0.92875000E+00,  0.75049496E+00,  0.13629631E+01
  0.92937500E+00,  0.75089149E+00,  0.13598772E+01
  0.93000000E+00,  0.75128874E+00,  0.13567902E+01
  0.93062500E+00,  0.75168638E+00,  0.13537016E+01
  0.93125000E+00,  0.75208475E+00,  0.13506119E+01
  0.93187500E+00,  0.75248352E+00,  0.13475206E+01
  0.93250000E+00,  0.75288301E+00,  0.13444282E+01
  0.93312500E+00,  0.75328292E+00,  0.13413341E+01
  0.93375000E+00,  0.75368356E+00,  0.13382389E+01
  0.93437500E+00,  0.75408461E+00,  0.13351420E+01
  0.93500000E+00,  0.75448640E+00,  0.13320440E+01
  0.93562500E+00,  0.75488860E+00,  0.13289444E+01
  0.93625000E+00,  0.75529155E+00,  0.13258435E+01
  0.93687500E+00,  0.75569492E+00,  0.13227410E+01
  0.93750000E+00,  0.75609904E+00,  0.13196373E+01
  0.93812500E+00,  0.75650358E+00,  0.13165319E+01
  0.93875000E+00,  0.75690888E+00,  0.13134252E+01
  0.93937500E+00,  0.75731461E+00,  0.13103169E+01
  0.94000000E+00,  0.75772109E+00,  0.13072073E+01
  0.94062500E+00,  0.75812802E+00,  0.13040960E+01
  0.94125000E+00,  0.75853570E+00,  0.13009834E+01
  0.94187500E+00,  0.75894383E+00,  0.12978691E+01
  0.94250000E+00,  0.75935273E+00,  0.12947535E+01
  0.94312500E+00,  0.75976208E+00,  0.12916361E+01
  0.94375000E+00,  0.76017220E+00,  0.12885175E+01
  0.94437500E+00,  0.76058277E+00,  0.12853970E+01
  0.94500000E+00,  0.76099413E+00,  0.12822752E+01
  0.94562500E+00,  0.76140594E+00,  0.12791517E+01
  0.94625000E+00,  0.76181853E+00,  0.12760267E+01
  0.94687500E+00,  0.76223159E+00,  0.12729000E+01
  0.94750000E+00,  0.76264545E+00,  0.12697719E+01
  0.94812500E+00,  0.76305977E+00,  0.12666419E+01
  0.94875000E+00,  0.76347489E+00,  0.12635106E+01
  0.94937500E+00,  0.76389048E+00,  0.12603773E+01
  0.95000000E+00,  0.76430688E+00,  0.12572427E+01
  0.95062500E+00,  0.76472376E+00,  0.12541062E+01
  0.95125000E+00,  0.76514144E+00,  0.12509683E+01
  0.95187500E+00,  0.76555962E+00,  0.12478284E+01
  0.95250000E+00,  0.76597861E+00,  0.12446871E+01
  0.95312500E+00,  0.76639809E+00,  0.12415439E+01
  0.95375000E+00,  0.76681839E+00,  0.12383992E+01
  0.95437500E+00,  0.76723919E+00,  0.12352525E+01
  0.95500000E+00,  0.76766082E+00,  0.12321043E+01
  0.95562500E+00,  0.76808296E+00,  0.12289542E+01
  0.95625000E+00,  0.76850593E+00,  0.12258025E+01
  0.95687500E+00,  0.76892941E+00,  0.12226489E+01
  0.95750000E+00,  0.76935373E+00,  0.12194936E+01
  0.95812500E+00,  0.76977857E+00,  0.12163364E+01
  0.95875000E+00,  0.77020426E+00,  0.12131776E+01
  0.95937500E+00,  0.77063046E+00,  0.12100168E+01
  0.96000000E+00,  0.77105753E+00,  0.12068543E+01
  0.96062500E+00,  0.77148512E+00,  0.12036898E+01
  0.96125000E+00,  0.77191358E+00,  0.12005237E+01
  0.96187500E+00,  0.77234258E+00,  0.11973554E+01
  0.96250000E+00,  0.77277244E+00,  0.11941855E+01
  0.96312500E+00,  0.77320284E+00,  0.11910136E+01
  0.96375000E+00,  0.77363413E+00,  0.11878399E+01
  0.96437500E+00,  0.77406596E+00,  0.11846641E+01
  0.96500000E+00,  0.77449868E+00,  0.11814865E+01
  0.96562500E+00,  0.77493195E+00,  0.11783069E+01
  0.96625000E+00,  0.77536611E+00,  0.11751254E+01
  0.96687500E+00,  0.77580084E+00,  0.11719418E+01
  0.96750000E+00,  0.77623647E+00,  0.11687565E+01
  0.96812500E+00,  0.77667267E+00,  0.11655689E+01
  0.96875000E+00,  0.77710977E+00,  0.11623795E+01
  0.96937500E+00,  0.77754746E+00,  0.11591879E+01
  0.97000000E+00,  0.77798606E+00,  0.11559945E+01
  0.97062500E+00,  0.77842524E+00,  0.11527988E+01
  0.97125000E+00,  0.77886535E+00,  0.11496012E+01
  0.97187500E+00,  0.77930605E+00,  0.11464014E+01
  0.97250000E+00,  0.77974768E+00,  0.11431996E+01
  0.97312500E+00,  0.78018991E+00,  0.11399956E+01
  0.97375000E+00,  0.78063308E+00,  0.11367896E+01
  0.97437500E+00,  0.78107686E+00,  0.11335813E+01
  0.97500000E+00,  0.78152159E+00,  0.11303710E+01
  0.97562500E+00,  0.78196694E+00,  0.11271584E+01
  0.97625000E+00,  0.78241324E+00,  0.11239438E+01
  0.97687500E+00,  0.78286017E+00,  0.11207268E+01
  0.97750000E+00,  0.78330806E+00,  0.11175078E+01
  0.97812500E+00,  0.78375659E+00,  0.11142863E+01
  0.97875000E+00,  0.78420609E+00,  0.11110628E+01
  0.97937500E+00,  0.78465623E+00,  0.11078368E+01
  0.98000000E+00,  0.78510736E+00,  0.11046088E+01
  0.98062500E+00,  0.78555913E+00,  0.11013783E+01
  0.98125000E+00,  0.78601190E+00,  0.10981456E+01
  0.98187500E+00,  0.78646533E+00,  0.10949104E+01
  0.98250000E+00,  0.78691976E+00,  0.10916731E+01
  0.98312500E+00,  0.78737486E+00,  0.10884332E+01
  0.98375000E+00,  0.78783097E+00,  0.10851912E+01
  0.98437500E+00,  0.78828776E+00,  0.10819465E+01
  0.98500000E+00,  0.78874557E+00,  0.10786996E+01
  0.98562500E+00,  0.78920407E+00,  0.10754501E+01
  0.98625000E+00,  0.78966360E+00,  0.10721984E+01
  0.98687500E+00,  0.79012382E+00,  0.10689440E+01
  0.98750000E+00,  0.79058510E+00,  0.10656872E+01
  0.98812500E+00,  0.79104707E+00,  0.10624278E+01
  0.98875000E+00,  0.79151010E+00,  0.10591661E+01
  0.98937500E+00,  0.79197384E+00,  0.10559017E+01
  0.99000000E+00,  0.79243865E+00,  0.10526348E+01
  0.99062500E+00,  0.79290418E+00,  0.10493652E+01
  0.99125000E+00,  0.79337079E+00,  0.10460932E+01
  0.99187500E+00,  0.79383813E+00,  0.10428184E+01
  0.99250000E+00,  0.79430656E+00,  0.10395412E+01
  0.99312500E+00,  0.79477573E+00,  0.10362611E+01
  0.99375000E+00,  0.79524601E+00,  0.10329785E+01
  0.99437500E+00,  0.79571704E+00,  0.10296930E+01
  0.99500000E+00,  0.79618918E+00,  0.10264050E+01
  0.99562500E+00,  0.79666209E+00,  0.10231141E+01
  0.99625000E+00,  0.79713612E+00,  0.10198206E+01
  0.99687500E+00,  0.79761092E+00,  0.10165241E+01
  0.99750000E+00,  0.79808687E+00,  0.10132251E+01
  0.99812500E+00,  0.79856360E+00,  0.10099230E+01
  0.99875000E+00,  0.79904148E+00,  0.10066183E+01
  0.99937500E+00,  0.79952016E+00,  0.10033105E+01
  0.10000000E+01,  0.80000000E+00,  0.10000000E+01
