 # Pos, Temperature
           1   6.0036964681961402     
           2   5.9965866900381926     
           3   5.9970251986544083     
           4   6.0079176569790960     
           5   6.0012880759135356     
           6   5.9938734223994015     
           7   5.9958548256552282     
           8   5.9886018352265706     
           9   5.9894343840881294     
          10   5.9819923864681037     
          11   5.9951389505544403     
          12   5.9847269600526545     
          13   5.9765912552945046     
          14   5.9759511182038931     
          15   5.9722110162508173     
          16   5.9754465515549606     
          17   5.9735761092997075     
          18   5.9586020800306807     
          19   5.9773410746483719     
          20   5.9689104849565036     
          21   5.9598340974603801     
          22   5.9757143379780224     
          23   5.9581854734349724     
          24   5.9594868402318530     
          25   5.9620548036402568     
          26   5.9620296705379054     
          27   5.9485628874571930     
          28   5.9387842264265336     
          29   5.9479581964209141     
          30   5.9477447752123966     
          31   5.9433443285512197     
          32   5.9441467309490781     
          33   5.9441281047241743     
          34   5.9426339008130862     
          35   5.9393160672562457     
          36   5.9325074471599413     
          37   5.9353762962544074     
          38   5.9254891676734109     
          39   5.9310294011681259     
          40   5.9285251305374596     
          41   5.9099909190586279     
          42   5.9141004427345374     
          43   5.9090791801934532     
          44   5.9168431949425830     
          45   5.9155628532184457     
          46   5.9133547175922816     
          47   5.9076484259328570     
          48   5.9025341399396662     
          49   5.9015332138299845     
          50   5.8987638259440107     
          51   5.8933315170361382     
          52   5.9074720657304169     
          53   5.8967371752279840     
          54   5.8868304907733746     
          55   5.8925996330690857     
          56   5.8835656281528079     
          57   5.8868017178605010     
          58   5.8846545006938014     
          59   5.8790988160235189     
          60   5.8802866960359896     
          61   5.8767799839407910     
          62   5.8716502201604728     
          63   5.8721356384278076     
          64   5.8632146906227423     
          65   5.8727948190523742     
          66   5.8764148550276927     
          67   5.8617032862023368     
          68   5.8572051140226131     
          69   5.8596918463144521     
          70   5.8565704935878307     
          71   5.8556516056417616     
          72   5.8533715893463656     
          73   5.8510449637920230     
          74   5.8531087812615548     
          75   5.8527166399524164     
          76   5.8409908363588920     
          77   5.8372343284264989     
          78   5.8313435806300440     
          79   5.8488999857604789     
          80   5.8407443855704591     
          81   5.8421301771712235     
          82   5.8308104750634939     
          83   5.8308454211415759     
          84   5.8259611279290739     
          85   5.8285010136467852     
          86   5.8197577268985583     
          87   5.8223834526386957     
          88   5.8115223339968001     
          89   5.8120803777694725     
          90   5.8098928194391908     
          91   5.8197227325974366     
          92   5.8028702382989525     
          93   5.8085206776329876     
          94   5.8040868556531811     
          95   5.8171505787968378     
          96   5.8088399316586319     
          97   5.8022533158609662     
          98   5.7886506230181780     
          99   5.8008601748365951     
         100   5.7929389147886168     
         101   5.7941754022836918     
         102   5.7964307236057948     
         103   5.7871168995831956     
         104   5.7931269204800033     
         105   5.7862308282617967     
         106   5.7764155418676912     
         107   5.7739775168880296     
         108   5.7812581349303249     
         109   5.7711702933727285     
         110   5.7639269935220749     
         111   5.7720030112610958     
         112   5.7694361420741753     
         113   5.7699333759264242     
         114   5.7670425142912460     
         115   5.7630573428184348     
         116   5.7712483104070706     
         117   5.7555117585979154     
         118   5.7533430795576237     
         119   5.7602617046329829     
         120   5.7464935445006864     
         121   5.7464014046469689     
         122   5.7418366068478406     
         123   5.7478189102952522     
         124   5.7394466159783155     
         125   5.7473338390546802     
         126   5.7361353323665982     
         127   5.7354555923429764     
         128   5.7388986550511261     
         129   5.7180687609970855     
         130   5.7266912229646980     
         131   5.7255285582172943     
         132   5.7187862070462634     
         133   5.7246239067716855     
         134   5.7256506072094586     
         135   5.7205995021373823     
         136   5.7158188213455761     
         137   5.7204217212294317     
         138   5.7182119720467561     
         139   5.7116765873922359     
         140   5.7064069953103651     
         141   5.6969293528678451     
         142   5.7025817809197088     
         143   5.7025364598686474     
         144   5.6857178236112516     
         145   5.7012050757536246     
         146   5.7051864929992480     
         147   5.6825371665266173     
         148   5.6823634620712209     
         149   5.6838524799605938     
         150   5.6785797440835255     
         151   5.6745622306015076     
         152   5.6740729604639846     
         153   5.6710163185522866     
         154   5.6773575510767973     
         155   5.6864447338850139     
         156   5.6754480458817058     
         157   5.6659212059151347     
         158   5.6635016852004689     
         159   5.6596729836626034     
         160   5.6551834483036902     
         161   5.6604786668201861     
         162   5.6553313250661761     
         163   5.6535708593237795     
         164   5.6403746118290172     
         165   5.6522878616303203     
         166   5.6428785946910462     
         167   5.6431846953032512     
         168   5.6431787278809971     
         169   5.6464631104769376     
         170   5.6374981026678910     
         171   5.6393956707444524     
         172   5.6299572847975021     
         173   5.6351840522122103     
         174   5.6243576305661254     
         175   5.6252243714340757     
         176   5.6204089485961823     
         177   5.6243724053053787     
         178   5.6163077435446791     
         179   5.6095074444421815     
         180   5.6096014207569525     
         181   5.6111160158431881     
         182   5.6131381895156887     
         183   5.6139396789173865     
         184   5.6126288291127331     
         185   5.6123367108332847     
         186   5.6009538471565490     
         187   5.6014796431779867     
         188   5.5896950108154506     
         189   5.5860756903686637     
         190   5.5765313785088138     
         191   5.5908065967089247     
         192   5.5890515443702000     
         193   5.5742603898767591     
         194   5.5885959216295893     
         195   5.5822033527014279     
         196   5.5744763758192581     
         197   5.5623283531430650     
         198   5.5659731585590446     
         199   5.5652300358788009     
         200   5.5631162013801712     
         201   5.5635944899481453     
         202   5.5611688245453283     
         203   5.5624416774121350     
         204   5.5655050106097779     
         205   5.5583721864680484     
         206   5.5459978102877781     
         207   5.5491384736907428     
         208   5.5362682472861957     
         209   5.5470095930422687     
         210   5.5452572234071651     
         211   5.5389046933775834     
         212   5.5408488271602527     
         213   5.5408328223286691     
         214   5.5246232145764731     
         215   5.5258587106286674     
         216   5.5250686836975769     
         217   5.5280974060792492     
         218   5.5363207442282647     
         219   5.5190623934558491     
         220   5.5263543165520375     
         221   5.5142868671713812     
         222   5.5172477666302013     
         223   5.5215357067091091     
         224   5.5170262824519600     
         225   5.5011906892372684     
         226   5.5081717163334858     
         227   5.5095379368812170     
         228   5.4928240344200265     
         229   5.4954010754121558     
         230   5.4958504416511040     
         231   5.4885288226845814     
         232   5.4942061278214238     
         233   5.4886959474932775     
         234   5.4895697211079399     
         235   5.4858176047622278     
         236   5.4831293698074388     
         237   5.4787759089163801     
         238   5.4770510526269351     
         239   5.4812676869934744     
         240   5.4686695968160226     
         241   5.4771366561548218     
         242   5.4659131602697437     
         243   5.4704329878932763     
         244   5.4674882766148079     
         245   5.4608236456582420     
         246   5.4602528549823734     
         247   5.4528855756268824     
         248   5.4534592106446871     
         249   5.4494906767807842     
         250   5.4405942963558944     
         251   5.4556260680347108     
         252   5.4432485675466662     
         253   5.4409677068210005     
         254   5.4402251097955743     
         255   5.4255219607564715     
         256   5.4319675116110622     
         257   5.4419020026577769     
         258   5.4337609434359715     
         259   5.4326311363299462     
         260   5.4211079031391431     
         261   5.4223765512880435     
         262   5.4201193057989867     
         263   5.4042919787667190     
         264   5.4136703185476724     
         265   5.4029824989161250     
         266   5.4134956717508773     
         267   5.4067427496431923     
         268   5.3916211988335307     
         269   5.4012156519165408     
         270   5.3978625679554852     
         271   5.3948602185723447     
         272   5.4008370091535944     
         273   5.3953324820299162     
         274   5.3909352295961002     
         275   5.3902595452048789     
         276   5.3866227365173884     
         277   5.3859379382543935     
         278   5.3768095761379460     
         279   5.3801202975240860     
         280   5.3758188797818054     
         281   5.3763830622947486     
         282   5.3698862962776950     
         283   5.3727220280288375     
         284   5.3686632238084648     
         285   5.3682209898312259     
         286   5.3608861222546542     
         287   5.3614276562438414     
         288   5.3512678667404225     
         289   5.3516506409723537     
         290   5.3611043677428620     
         291   5.3478992803402097     
         292   5.3512646829191972     
         293   5.3477328760853080     
         294   5.3469119340826614     
         295   5.3485104397163745     
         296   5.3482882145420128     
         297   5.3422836626743466     
         298   5.3327936126559159     
         299   5.3355094182419780     
         300   5.3308915502193948     
         301   5.3299072481713372     
         302   5.3336822725680308     
         303   5.3238762640494244     
         304   5.3287877521365319     
         305   5.3200962609816385     
         306   5.3223985518819514     
         307   5.3231340144206305     
         308   5.3018109287532127     
         309   5.3170161249839012     
         310   5.3139528841352099     
         311   5.3166302044109397     
         312   5.3046250742661165     
         313   5.3036353510227805     
         314   5.2977876506911201     
         315   5.3039873859598510     
         316   5.2978106012060850     
         317   5.3010336226263748     
         318   5.3007475374764610     
         319   5.2847946797158398     
         320   5.2953578316342327     
         321   5.2805071063625029     
         322   5.2866239970161928     
         323   5.2726729799880587     
         324   5.2811091662012783     
         325   5.2821308057693841     
         326   5.2844727534659519     
         327   5.2608672885349907     
         328   5.2643337640230632     
         329   5.2777044666127777     
         330   5.2579917948393948     
         331   5.2698814005128929     
         332   5.2567186937711536     
         333   5.2584922634147135     
         334   5.2598520721537847     
         335   5.2568871465674016     
         336   5.2561068878891355     
         337   5.2529297390961096     
         338   5.2425185592707759     
         339   5.2418242068709198     
         340   5.2435864952331910     
         341   5.2426104727297700     
         342   5.2397272658966854     
         343   5.2301619115266549     
         344   5.2275472299104813     
         345   5.2346895351873499     
         346   5.2320163205452195     
         347   5.2277069914306082     
         348   5.2272384793515396     
         349   5.2256588980505576     
         350   5.2216092383024089     
         351   5.2172617004495843     
         352   5.2141225643174867     
         353   5.2175392911539031     
         354   5.2017655760303549     
         355   5.2116387139378997     
         356   5.2058373501291344     
         357   5.1958915070511580     
         358   5.1995278438416719     
         359   5.1998407290513420     
         360   5.1919576228801878     
         361   5.1882319327631246     
         362   5.1946251093416089     
         363   5.1890037486393288     
         364   5.1836232589400595     
         365   5.1850003276503998     
         366   5.1754318811396995     
         367   5.1765212677108376     
         368   5.1853903535327159     
         369   5.1666053976655482     
         370   5.1696613885830223     
         371   5.1673094583881429     
         372   5.1667181916340734     
         373   5.1660874079675212     
         374   5.1683955980369598     
         375   5.1532127738944187     
         376   5.1507198130848497     
         377   5.1555319452241486     
         378   5.1596908101579970     
         379   5.1492569656478846     
         380   5.1455504320667682     
         381   5.1468118403641130     
         382   5.1392322653538045     
         383   5.1344413102022601     
         384   5.1452625004091379     
         385   5.1301117538403407     
         386   5.1310845880428628     
         387   5.1282488737340435     
         388   5.1294935998460680     
         389   5.1242071132384153     
         390   5.1166038270178182     
         391   5.1239781194183145     
         392   5.1089101089279723     
         393   5.1182937241515303     
         394   5.1190821078696711     
         395   5.1126920985898758     
         396   5.1099909078713459     
         397   5.1094121906832157     
         398   5.1084769262302228     
         399   5.1061071728513712     
         400   5.0937445006090734     
         401   5.1082504637509905     
         402   5.0921973111986798     
         403   5.0806412906685301     
         404   5.0884797946596967     
         405   5.0857336269918800     
         406   5.0776785556873625     
         407   5.0838077621591724     
         408   5.0852995102852274     
         409   5.0787837441014396     
         410   5.0732921167936835     
         411   5.0752112872045920     
         412   5.0703004178563411     
         413   5.0687508367570562     
         414   5.0699648535075932     
         415   5.0590523334266315     
         416   5.0566289047827313     
         417   5.0625578603458710     
         418   5.0653583136101616     
         419   5.0543009633181626     
         420   5.0456104205079022     
         421   5.0506028139504062     
         422   5.0430308311758072     
         423   5.0408576932686699     
         424   5.0402779055243752     
         425   5.0395130591694102     
         426   5.0356994461126465     
         427   5.0442519956192164     
         428   5.0395435021827470     
         429   5.0320409932939718     
         430   5.0271053230869818     
         431   5.0301556461312700     
         432   5.0167515198198114     
         433   5.0212980219968060     
         434   5.0194052386266170     
         435   5.0205020800630784     
         436   5.0107035048268456     
         437   5.0114003915930354     
         438   5.0102281986776660     
         439   5.0117867444678588     
         440   5.0016364672970690     
         441   5.0048903454014937     
         442   4.9870061271695807     
         443   4.9975598456368502     
         444   4.9870758529510333     
         445   4.9879839484310899     
         446   4.9893737345501146     
         447   4.9828421011239517     
         448   4.9858193300257119     
         449   4.9815776082543888     
         450   4.9825541333762526     
         451   4.9697471544032359     
         452   4.9740477055896992     
         453   4.9631010519243262     
         454   4.9650452720985738     
         455   4.9576164589220841     
         456   4.9618466570254984     
         457   4.9548963214204935     
         458   4.9593544350153529     
         459   4.9534015971276482     
         460   4.9534837593839258     
         461   4.9419753751309816     
         462   4.9404684134697945     
         463   4.9570845781624335     
         464   4.9378891670783078     
         465   4.9372063182461945     
         466   4.9421030659201248     
         467   4.9392378060833728     
         468   4.9450365621934873     
         469   4.9255817949229463     
         470   4.9359678519165486     
         471   4.9300403786720626     
         472   4.9300278698997690     
         473   4.9241144785875131     
         474   4.9241850540369354     
         475   4.9197515119596353     
         476   4.9158489642457690     
         477   4.9102314163532279     
         478   4.9157843286425775     
         479   4.9037277515791722     
         480   4.9109469038902498     
         481   4.9067826913312116     
         482   4.9050155206343300     
         483   4.8994224655470564     
         484   4.8959844469129035     
         485   4.9023424688731598     
         486   4.8938454740281614     
         487   4.8940976177534647     
         488   4.8875024808237955     
         489   4.8839411467346387     
         490   4.8812371236390932     
         491   4.8708022529064605     
         492   4.8706982199363305     
         493   4.8775936980386474     
         494   4.8684198648569375     
         495   4.8735689593970175     
         496   4.8666868100056249     
         497   4.8594376531764327     
         498   4.8603710094465944     
         499   4.8544210884321721     
         500   4.8574048177133884     
         501   4.8534484731092684     
         502   4.8479374155540143     
         503   4.8430046324803246     
         504   4.8445514591623224     
         505   4.8402300058719421     
         506   4.8407272418413818     
         507   4.8307621829698677     
         508   4.8346743764434885     
         509   4.8218297870538978     
         510   4.8259356367882855     
         511   4.8288258444673140     
         512   4.8196905643729799     
         513   4.8174223953130539     
         514   4.8205644299095232     
         515   4.8128031410580387     
         516   4.8223797947143572     
         517   4.8072619305823574     
         518   4.8000106691769115     
         519   4.8099628572933728     
         520   4.8131517719044643     
         521   4.7976924790631070     
         522   4.8035583774301696     
         523   4.7990696775582196     
         524   4.7986536690713777     
         525   4.7912910723528830     
         526   4.7900833413638466     
         527   4.7905382563523800     
         528   4.7811288708601047     
         529   4.7804620467331835     
         530   4.7906083430795956     
         531   4.7756561118607372     
         532   4.7746468446502197     
         533   4.7640256326720394     
         534   4.7757029164664049     
         535   4.7697524737599233     
         536   4.7714140906119278     
         537   4.7620993970939329     
         538   4.7597044933179591     
         539   4.7620909816406050     
         540   4.7525132324618093     
         541   4.7554512740993067     
         542   4.7482645248726785     
         543   4.7468783639581611     
         544   4.7393683955830701     
         545   4.7361386381047073     
         546   4.7443523552042661     
         547   4.7354756670931417     
         548   4.7309980539435301     
         549   4.7270160744675040     
         550   4.7256001509822330     
         551   4.7240651737446218     
         552   4.7256264672538526     
         553   4.7188539929531279     
         554   4.7091640341912386     
         555   4.7110766948969225     
         556   4.7136394345262351     
         557   4.7043284578608917     
         558   4.7036395066970744     
         559   4.7058320480477454     
         560   4.6943567420564856     
         561   4.7006360818769757     
         562   4.6998998675993127     
         563   4.6891773196195361     
         564   4.6893078442307239     
         565   4.6907037673299437     
         566   4.6867561933471436     
         567   4.6860046611072068     
         568   4.6754018879224706     
         569   4.6768357282838062     
         570   4.6750324517546566     
         571   4.6746057926883919     
         572   4.6726226227641039     
         573   4.6678369522793508     
         574   4.6657874130363055     
         575   4.6690858889470777     
         576   4.6705260956044707     
         577   4.6522689071967021     
         578   4.6503971940885824     
         579   4.6493995334879319     
         580   4.6424227959844382     
         581   4.6411799887713308     
         582   4.6386253909421242     
         583   4.6481275436174521     
         584   4.6363806803446108     
         585   4.6348521253467743     
         586   4.6332648196788293     
         587   4.6353919977750335     
         588   4.6335379540437085     
         589   4.6221303863856598     
         590   4.6280670925038221     
         591   4.6241103549712115     
         592   4.6185668258572923     
         593   4.6145230801926660     
         594   4.6096703419754217     
         595   4.6061104723526887     
         596   4.6064643280865614     
         597   4.6028562252326175     
         598   4.6027868098226961     
         599   4.5976794531909277     
         600   4.6057689047133747     
         601   4.5964163074425910     
         602   4.5922379196533942     
         603   4.5918180320052624     
         604   4.5870477423882612     
         605   4.5786833425353235     
         606   4.5838619462988452     
         607   4.5801416068763157     
         608   4.5866456776920135     
         609   4.5720354726269727     
         610   4.5762465758394022     
         611   4.5686632091101229     
         612   4.5650747078075176     
         613   4.5579773163197217     
         614   4.5656545355996450     
         615   4.5556266214898393     
         616   4.5546937650624146     
         617   4.5610827290296614     
         618   4.5518987701458471     
         619   4.5598836808019643     
         620   4.5478995385148178     
         621   4.5501588106095356     
         622   4.5385383902170044     
         623   4.5461721797086803     
         624   4.5377517787335933     
         625   4.5368924750857342     
         626   4.5372739076722119     
         627   4.5340693761761450     
         628   4.5259414392755648     
         629   4.5289195615083200     
         630   4.5230082600782069     
         631   4.5145776608462231     
         632   4.5175338967749052     
         633   4.5146008108805304     
         634   4.5125200787142150     
         635   4.5051850382920922     
         636   4.5022787623506968     
         637   4.5048755848192101     
         638   4.5010870198703348     
         639   4.5014296845173716     
         640   4.4967844963133539     
         641   4.4948503517842555     
         642   4.4969324149650731     
         643   4.4883172769261481     
         644   4.4906383629993929     
         645   4.4821077369459772     
         646   4.4832149371238597     
         647   4.4709775577049973     
         648   4.4831216509250931     
         649   4.4748151699115599     
         650   4.4720224615101367     
         651   4.4735200505491015     
         652   4.4678928491104344     
         653   4.4687898128775521     
         654   4.4607293746377108     
         655   4.4596185834645494     
         656   4.4598231905120782     
         657   4.4529248451895791     
         658   4.4484218913831786     
         659   4.4465080602748372     
         660   4.4426769324137032     
         661   4.4436767699324511     
         662   4.4448823257366206     
         663   4.4340138824287108     
         664   4.4390876126728296     
         665   4.4370462047328942     
         666   4.4307099662318041     
         667   4.4343456977449440     
         668   4.4291842998011637     
         669   4.4244267568345741     
         670   4.4182348654564594     
         671   4.4163312801257817     
         672   4.4203418471881744     
         673   4.4195247540428335     
         674   4.4147448006650096     
         675   4.3982114608219272     
         676   4.4047627522036361     
         677   4.4003535327419527     
         678   4.3973395753888029     
         679   4.3934190592849278     
         680   4.3889390955732628     
         681   4.3913805084902524     
         682   4.3871799290002738     
         683   4.3844006721603384     
         684   4.3822365162335934     
         685   4.3738494748331558     
         686   4.3756649813221706     
         687   4.3735872358757257     
         688   4.3806675808246958     
         689   4.3707048634461749     
         690   4.3618384928410032     
         691   4.3599621976710523     
         692   4.3569637532472880     
         693   4.3573813853757049     
         694   4.3532229997700780     
         695   4.3495389367575132     
         696   4.3433854054772389     
         697   4.3449994439766364     
         698   4.3390725326754191     
         699   4.3416049910690591     
         700   4.3327332660937659     
         701   4.3342335708903024     
         702   4.3314646396314052     
         703   4.3309021888049708     
         704   4.3183960447535767     
         705   4.3273298476804944     
         706   4.3277131398112338     
         707   4.3177195418034504     
         708   4.3231997829529849     
         709   4.3191080081816891     
         710   4.3097200288384245     
         711   4.3034699825204612     
         712   4.3031273309619182     
         713   4.3001567564111713     
         714   4.3004101788012159     
         715   4.3099740598535474     
         716   4.2961050145755335     
         717   4.2957603250071115     
         718   4.2857135074979071     
         719   4.2902318610534609     
         720   4.2883782867998717     
         721   4.2809097473778825     
         722   4.2819515445976259     
         723   4.2753316111249360     
         724   4.2713472277012778     
         725   4.2677624411762505     
         726   4.2671074396304167     
         727   4.2673557183921460     
         728   4.2670249804118967     
         729   4.2536482916938239     
         730   4.2583790864607050     
         731   4.2498139818715073     
         732   4.2525480249704195     
         733   4.2485760398063022     
         734   4.2444427537776592     
         735   4.2462161320521892     
         736   4.2406058089195859     
         737   4.2426357344230370     
         738   4.2407070334807653     
         739   4.2345018789401534     
         740   4.2296422619016409     
         741   4.2272866764895110     
         742   4.2256864483922616     
         743   4.2213202436147998     
         744   4.2142994532504190     
         745   4.2148325404329245     
         746   4.2088005346656763     
         747   4.2108464135012840     
         748   4.2071145723583925     
         749   4.2103742780657250     
         750   4.2002417248026731     
         751   4.1986792561379733     
         752   4.1978785559432312     
         753   4.1896887530311799     
         754   4.1903113165559294     
         755   4.1849358991244205     
         756   4.1878446922094312     
         757   4.1818717084236789     
         758   4.1735462012156281     
         759   4.1760407416380572     
         760   4.1768988326021157     
         761   4.1731159808679541     
         762   4.1717189433552022     
         763   4.1666681445097637     
         764   4.1630470219602325     
         765   4.1611216302227749     
         766   4.1601143472083422     
         767   4.1593156333244830     
         768   4.1571234289812526     
         769   4.1525698146130994     
         770   4.1472949689331955     
         771   4.1435287937755589     
         772   4.1453360479312487     
         773   4.1384618424966106     
         774   4.1382752771231228     
         775   4.1284266958997229     
         776   4.1274715750952886     
         777   4.1274387822780048     
         778   4.1240815858552500     
         779   4.1265751083033431     
         780   4.1161414000413554     
         781   4.1196824483550021     
         782   4.1128815970041659     
         783   4.1139524352069197     
         784   4.1124666678399313     
         785   4.1070297897183616     
         786   4.0997146820436123     
         787   4.1045048107168540     
         788   4.0950647682826764     
         789   4.0966853821303468     
         790   4.0923321914001098     
         791   4.0924954646854568     
         792   4.0847740280250164     
         793   4.0810094922709670     
         794   4.0814298086145717     
         795   4.0784541749799530     
         796   4.0765544241275293     
         797   4.0744337236940478     
         798   4.0726558086448543     
         799   4.0687361674990061     
         800   4.0610219445197826     
         801   4.0545473024377756     
         802   4.0590213200812073     
         803   4.0579265145176038     
         804   4.0527624120570591     
         805   4.0492625203009123     
         806   4.0436374949229741     
         807   4.0437151013208439     
         808   4.0406732608848905     
         809   4.0414750962745414     
         810   4.0423303369807781     
         811   4.0329026493844182     
         812   4.0383816625578328     
         813   4.0253414410148016     
         814   4.0238002532322596     
         815   4.0177549933584267     
         816   4.0240270668339297     
         817   4.0223970533071167     
         818   4.0129391765182527     
         819   4.0123683334506550     
         820   4.0088596761618183     
         821   4.0060987166500679     
         822   4.0013195444597196     
         823   3.9987943678513620     
         824   3.9907679100695930     
         825   3.9950932510606676     
         826   3.9917369978077635     
         827   3.9821051185385428     
         828   3.9893095056099219     
         829   3.9819235488424005     
         830   3.9749454326177309     
         831   3.9725186201328166     
         832   3.9743580716383438     
         833   3.9676626083040651     
         834   3.9718284869321971     
         835   3.9634750752317864     
         836   3.9634293470103619     
         837   3.9585711235578085     
         838   3.9540094052634003     
         839   3.9570155455625651     
         840   3.9480542587911915     
         841   3.9436940738719826     
         842   3.9426950443680746     
         843   3.9375270085637246     
         844   3.9350470390999863     
         845   3.9319536357148728     
         846   3.9376545964529659     
         847   3.9356745115504421     
         848   3.9304332972882405     
         849   3.9253951257227322     
         850   3.9247899246689855     
         851   3.9199358864972873     
         852   3.9173867533010323     
         853   3.9092902606479800     
         854   3.9145326557388871     
         855   3.9060999795067661     
         856   3.9081356392731412     
         857   3.8960564395164727     
         858   3.9005423916443962     
         859   3.8922526040028940     
         860   3.8938575580736905     
         861   3.8797273962448071     
         862   3.8877901105648243     
         863   3.8839283278833823     
         864   3.8836875342739003     
         865   3.8774521515759952     
         866   3.8763492797800772     
         867   3.8733315785934170     
         868   3.8710323418072696     
         869   3.8629657684587526     
         870   3.8670188877088512     
         871   3.8636206547548628     
         872   3.8618701462502525     
         873   3.8574612585773580     
         874   3.8536207437966565     
         875   3.8525783347210210     
         876   3.8436953347805369     
         877   3.8420787365410809     
         878   3.8451332778953331     
         879   3.8388344786916808     
         880   3.8347368265522643     
         881   3.8296162940103922     
         882   3.8295226932460391     
         883   3.8316469854019100     
         884   3.8226687948080986     
         885   3.8154233783739411     
         886   3.8181247292445937     
         887   3.8111492988959843     
         888   3.8060423700906263     
         889   3.8040002469141081     
         890   3.8064006121156120     
         891   3.8057369375096721     
         892   3.8020772711812323     
         893   3.7986433598437830     
         894   3.7934093239379489     
         895   3.7943554673094382     
         896   3.7891619053736756     
         897   3.7878524846777064     
         898   3.7781251777960030     
         899   3.7835644589369131     
         900   3.7748545282610979     
         901   3.7671084985148693     
         902   3.7684740074198091     
         903   3.7668679653306238     
         904   3.7615507289736758     
         905   3.7633236699094628     
         906   3.7626562531140832     
         907   3.7521635361669614     
         908   3.7568777200966559     
         909   3.7533314252910683     
         910   3.7463879795787238     
         911   3.7395185382689515     
         912   3.7408622910807403     
         913   3.7296584885157258     
         914   3.7389986163725921     
         915   3.7299852522733281     
         916   3.7320639717363933     
         917   3.7230548868935416     
         918   3.7207336912821631     
         919   3.7174787815325989     
         920   3.7159825718224591     
         921   3.7148568426328161     
         922   3.7075582111612810     
         923   3.7069344622030926     
         924   3.7067977656465398     
         925   3.6992252327665556     
         926   3.6954377602565112     
         927   3.6969706065783110     
         928   3.6989354475507636     
         929   3.6889241190207347     
         930   3.6890633094554839     
         931   3.6781436184200298     
         932   3.6786531383785213     
         933   3.6795514806197041     
         934   3.6703474461076802     
         935   3.6676970875874400     
         936   3.6630744181497605     
         937   3.6657452474065786     
         938   3.6655664446369602     
         939   3.6632486094314034     
         940   3.6532432232741732     
         941   3.6538648074246618     
         942   3.6500969246921149     
         943   3.6456956205970013     
         944   3.6411597583390973     
         945   3.6431039069243032     
         946   3.6364172067450178     
         947   3.6295888820000752     
         948   3.6238186453740835     
         949   3.6265384840887651     
         950   3.6191682704943955     
         951   3.6214199722623710     
         952   3.6245933686281244     
         953   3.6131758899331241     
         954   3.6102889728578909     
         955   3.6066759700287072     
         956   3.6056379485053682     
         957   3.6031880154008431     
         958   3.5941100855396040     
         959   3.5929150058909785     
         960   3.5958631058070303     
         961   3.5861495834341532     
         962   3.5852110968821296     
         963   3.5801271123890039     
         964   3.5821900572642145     
         965   3.5800593795612778     
         966   3.5767160784532881     
         967   3.5678701912151412     
         968   3.5698894621932458     
         969   3.5674471645211465     
         970   3.5652211759052115     
         971   3.5570979449353004     
         972   3.5583991466335898     
         973   3.5465189019553991     
         974   3.5497145279712776     
         975   3.5436206621168571     
         976   3.5440272644849053     
         977   3.5332019824362799     
         978   3.5355572150849750     
         979   3.5366738341668040     
         980   3.5308378538743250     
         981   3.5292118307584990     
         982   3.5224493916518718     
         983   3.5212256621062248     
         984   3.5255871098027107     
         985   3.5117398727506575     
         986   3.5128352624938524     
         987   3.5118780210566167     
         988   3.5049277970509696     
         989   3.5049314187392056     
         990   3.4986779570089643     
         991   3.4949259991472195     
         992   3.4928048448759239     
         993   3.4871989607364315     
         994   3.4895769350373245     
         995   3.4816372035213994     
         996   3.4849973355586812     
         997   3.4812565734887553     
         998   3.4721011575462426     
         999   3.4699392625028591     
        1000   3.4669743361484611     
        1001   3.4635135018988330     
        1002   3.4642598207022459     
        1003   3.4578382921474291     
        1004   3.4583209286177752     
        1005   3.4521747477169042     
        1006   3.4519022845990803     
        1007   3.4500813144396578     
        1008   3.4434220089652374     
        1009   3.4378468466729712     
        1010   3.4421714729594908     
        1011   3.4395445546824464     
        1012   3.4354952246845278     
        1013   3.4308054801680949     
        1014   3.4297514863675866     
        1015   3.4251982718914298     
        1016   3.4149613183078422     
        1017   3.4228085403369386     
        1018   3.4160849838065230     
        1019   3.4130233439704969     
        1020   3.4115246747566670     
        1021   3.4050903894044078     
        1022   3.4034874390330985     
        1023   3.4060177670039518     
        1024   3.3913314740287461     
        1025   3.3908988017448545     
        1026   3.3923724183591686     
        1027   3.3854634869964282     
        1028   3.3767386961637524     
        1029   3.3770145331139703     
        1030   3.3794443718604699     
        1031   3.3754496451558280     
        1032   3.3735431489371086     
        1033   3.3668679931293921     
        1034   3.3599564989649360     
        1035   3.3626195684342757     
        1036   3.3631634000202997     
        1037   3.3558518459755300     
        1038   3.3477721041316735     
        1039   3.3493996576823197     
        1040   3.3469909241453979     
        1041   3.3435271655453143     
        1042   3.3398862106822524     
        1043   3.3364782614058610     
        1044   3.3331755550812723     
        1045   3.3316869817887014     
        1046   3.3267537266883482     
        1047   3.3243302808138626     
        1048   3.3201448976084889     
        1049   3.3183035066269104     
        1050   3.3181857720056867     
        1051   3.3132170370764542     
        1052   3.3048272967713754     
        1053   3.3064850846657907     
        1054   3.2993948328473186     
        1055   3.2969419916568370     
        1056   3.2949988154738734     
        1057   3.2968804152724096     
        1058   3.2880032516752626     
        1059   3.2872128372921905     
        1060   3.2813092574792395     
        1061   3.2756115213460282     
        1062   3.2759045791446399     
        1063   3.2703482385583089     
        1064   3.2667613971250118     
        1065   3.2652688825139196     
        1066   3.2608192450650817     
        1067   3.2538818705993298     
        1068   3.2612045471639082     
        1069   3.2540067801102754     
        1070   3.2516712024411123     
        1071   3.2415683345062547     
        1072   3.2416418420209614     
        1073   3.2386622690528069     
        1074   3.2411982265504791     
        1075   3.2360541805085825     
        1076   3.2302233506669311     
        1077   3.2292642642899394     
        1078   3.2257074875666958     
        1079   3.2206772296885280     
        1080   3.2117745718009538     
        1081   3.2164907474790598     
        1082   3.2090545278256744     
        1083   3.2069917781322990     
        1084   3.2027771757229613     
        1085   3.1967083940606922     
        1086   3.1968296082714147     
        1087   3.1953811489081714     
        1088   3.1885671151030972     
        1089   3.1864638440204409     
        1090   3.1775191587976299     
        1091   3.1765701185472714     
        1092   3.1749847978525252     
        1093   3.1734101051442316     
        1094   3.1664445230926250     
        1095   3.1676670743523792     
        1096   3.1659777058204499     
        1097   3.1615466494865370     
        1098   3.1532942485269975     
        1099   3.1561040386083379     
        1100   3.1547875723850636     
        1101   3.1521774617786504     
        1102   3.1487406469564729     
        1103   3.1393321089061419     
        1104   3.1383351950946512     
        1105   3.1366625048082035     
        1106   3.1347384194478076     
        1107   3.1328817417719281     
        1108   3.1236394714904900     
        1109   3.1266615982423769     
        1110   3.1217615413213240     
        1111   3.1173381619043021     
        1112   3.1094034399610333     
        1113   3.1092934609343970     
        1114   3.1089063185509378     
        1115   3.1015607787297714     
        1116   3.1017454505937465     
        1117   3.0942203783235320     
        1118   3.0959620691978200     
        1119   3.0873530462594525     
        1120   3.0902514108244068     
        1121   3.0842237596401749     
        1122   3.0839212031150343     
        1123   3.0733658707074025     
        1124   3.0812589317714414     
        1125   3.0753403573558531     
        1126   3.0665850264348347     
        1127   3.0610098787432660     
        1128   3.0639530450539270     
        1129   3.0637295120148820     
        1130   3.0578844211091210     
        1131   3.0497140372559137     
        1132   3.0472881622908892     
        1133   3.0442097956238259     
        1134   3.0448241923594281     
        1135   3.0384935031260758     
        1136   3.0350148869958455     
        1137   3.0337890463292569     
        1138   3.0283752087731175     
        1139   3.0249264391089450     
        1140   3.0254650963432050     
        1141   3.0173241900584653     
        1142   3.0132407290856777     
        1143   3.0132341899638195     
        1144   3.0075177209328476     
        1145   3.0077115010381110     
        1146   2.9988100304787486     
        1147   3.0006853541838678     
        1148   2.9988877297316439     
        1149   2.9985311228543217     
        1150   2.9882513598798255     
        1151   2.9844046457986164     
        1152   2.9869871222691993     
        1153   2.9788751943213359     
        1154   2.9770140408442041     
        1155   2.9730063562898197     
        1156   2.9675120067440646     
        1157   2.9653312456880601     
        1158   2.9661411297852860     
        1159   2.9603802188435133     
        1160   2.9594846349658241     
        1161   2.9524819844183532     
        1162   2.9491550667092135     
        1163   2.9479089093841542     
        1164   2.9422367756842394     
        1165   2.9367431737763949     
        1166   2.9395343887553449     
        1167   2.9315565144836118     
        1168   2.9280978426585169     
        1169   2.9254788025550060     
        1170   2.9208393916794053     
        1171   2.9197312561293614     
        1172   2.9164149269988604     
        1173   2.9109302292329562     
        1174   2.9042501814501134     
        1175   2.9050339463539063     
        1176   2.9049495321729166     
        1177   2.8961493827693658     
        1178   2.8934196685704112     
        1179   2.8931823109377852     
        1180   2.8935324550052712     
        1181   2.8869972627129492     
        1182   2.8781888290934807     
        1183   2.8795023476425761     
        1184   2.8762299201152257     
        1185   2.8704602968047088     
        1186   2.8641845073700458     
        1187   2.8652399240888715     
        1188   2.8627888189132942     
        1189   2.8600039564158051     
        1190   2.8535574045680128     
        1191   2.8543591444778786     
        1192   2.8474660151464652     
        1193   2.8416877705811756     
        1194   2.8451382685944338     
        1195   2.8384850377251141     
        1196   2.8367367801711008     
        1197   2.8331728874472812     
        1198   2.8271830135018452     
        1199   2.8280148473357416     
        1200   2.8214105545776182     
        1201   2.8183595108823067     
        1202   2.8125228499233952     
        1203   2.8116113658641955     
        1204   2.8046478381684117     
        1205   2.8064293160015477     
        1206   2.8040335821979125     
        1207   2.7977178412964161     
        1208   2.7962458203393399     
        1209   2.7916403631199276     
        1210   2.7837330944737397     
        1211   2.7805011085732296     
        1212   2.7796617184294830     
        1213   2.7799250509758742     
        1214   2.7802182914645708     
        1215   2.7718201564284644     
        1216   2.7660362574720252     
        1217   2.7646569942211308     
        1218   2.7594727558553473     
        1219   2.7497298323214885     
        1220   2.7524609205466932     
        1221   2.7525901725074995     
        1222   2.7454843940481868     
        1223   2.7465376757664441     
        1224   2.7381804454397045     
        1225   2.7388477640519380     
        1226   2.7287667190674805     
        1227   2.7294501984265072     
        1228   2.7233630072234241     
        1229   2.7267461216913635     
        1230   2.7163049727141257     
        1231   2.7122246728138073     
        1232   2.7080089919140748     
        1233   2.7092515599642444     
        1234   2.7052302389151976     
        1235   2.6991059631123711     
        1236   2.6949219833626632     
        1237   2.6906467984311129     
        1238   2.6901082198109645     
        1239   2.6858158803245495     
        1240   2.6810315782840601     
        1241   2.6772748855790853     
        1242   2.6733641565021191     
        1243   2.6731719989487730     
        1244   2.6662200124180524     
        1245   2.6630000619239209     
        1246   2.6588730338627102     
        1247   2.6564600030451628     
        1248   2.6514085691046163     
        1249   2.6476812819891173     
        1250   2.6504245590010003     
        1251   2.6397908133824535     
        1252   2.6319813504546565     
        1253   2.6325045742218989     
        1254   2.6293518468908053     
        1255   2.6240275827381567     
        1256   2.6247426691160913     
        1257   2.6165850892484888     
        1258   2.6151582111631595     
        1259   2.6095873821588653     
        1260   2.6076389696487530     
        1261   2.6019032808984210     
        1262   2.5984389430678334     
        1263   2.5961448338080606     
        1264   2.5916698292902458     
        1265   2.5867465969679828     
        1266   2.5859760318511364     
        1267   2.5790504293086123     
        1268   2.5764358935216327     
        1269   2.5756365847112206     
        1270   2.5684721923843563     
        1271   2.5652402729237904     
        1272   2.5661130619405319     
        1273   2.5615457733821532     
        1274   2.5591887592801981     
        1275   2.5538117107382701     
        1276   2.5501838514722235     
        1277   2.5410786163234871     
        1278   2.5390806052286674     
        1279   2.5330322867691688     
        1280   2.5324920800938804     
        1281   2.5284221475461481     
        1282   2.5253907612619639     
        1283   2.5230837431935038     
        1284   2.5166623076872150     
        1285   2.5071581596468819     
        1286   2.5133330086387935     
        1287   2.5055481296993567     
        1288   2.5094516106978175     
        1289   2.4980635460991469     
        1290   2.4926055235546785     
        1291   2.4926388850553538     
        1292   2.4893130276031323     
        1293   2.4826892481031573     
        1294   2.4797098166799416     
        1295   2.4777082261832861     
        1296   2.4709456376812309     
        1297   2.4678614219864916     
        1298   2.4663024295450637     
        1299   2.4630251575662072     
        1300   2.4575819401443191     
        1301   2.4511964660333221     
        1302   2.4509061336509443     
        1303   2.4447838056601570     
        1304   2.4419549288347824     
        1305   2.4396002475312710     
        1306   2.4331863175235404     
        1307   2.4303089941452289     
        1308   2.4258380276250087     
        1309   2.4206115679920028     
        1310   2.4200225423567319     
        1311   2.4133068135107352     
        1312   2.4119080293284214     
        1313   2.4077831166382850     
        1314   2.4048829923952635     
        1315   2.4013171886315505     
        1316   2.3968543309902213     
        1317   2.3900348163793219     
        1318   2.3867238882578006     
        1319   2.3845801095472745     
        1320   2.3826687669507751     
        1321   2.3746890528070370     
        1322   2.3716695995363053     
        1323   2.3715014536453429     
        1324   2.3648928594214835     
        1325   2.3592340718828289     
        1326   2.3557242658281150     
        1327   2.3548921212497298     
        1328   2.3466777477627110     
        1329   2.3460207330091878     
        1330   2.3417698012817136     
        1331   2.3389537787343291     
        1332   2.3326274901944992     
        1333   2.3300208605714929     
        1334   2.3251460137898992     
        1335   2.3206070587106473     
        1336   2.3172566913690096     
        1337   2.3127064222520577     
        1338   2.3089349439596134     
        1339   2.3081547071955897     
        1340   2.3018160500607947     
        1341   2.3006671924592874     
        1342   2.2951826632688621     
        1343   2.2919859468422503     
        1344   2.2911258664478731     
        1345   2.2839425615975379     
        1346   2.2826376492191494     
        1347   2.2749424586803766     
        1348   2.2732871575036429     
        1349   2.2672810506714329     
        1350   2.2625556071008961     
        1351   2.2587869060367649     
        1352   2.2578657422775961     
        1353   2.2512796416142531     
        1354   2.2465651982867367     
        1355   2.2417534136918884     
        1356   2.2379301310213839     
        1357   2.2369408237030322     
        1358   2.2356742226801112     
        1359   2.2294566215252689     
        1360   2.2221087988796855     
        1361   2.2169077770442827     
        1362   2.2135044469308940     
        1363   2.2136587562180701     
        1364   2.2044462267619735     
        1365   2.2023409722642548     
        1366   2.1986739553761252     
        1367   2.1929245185219757     
        1368   2.1911799891992922     
        1369   2.1844254410126545     
        1370   2.1837012314264244     
        1371   2.1748290993780790     
        1372   2.1756452914409836     
        1373   2.1706146956386121     
        1374   2.1638579768491297     
        1375   2.1583745724245738     
        1376   2.1551305839489752     
        1377   2.1528044400477957     
        1378   2.1514838610150013     
        1379   2.1438166806394987     
        1380   2.1376467450074204     
        1381   2.1380047803429396     
        1382   2.1336519581620617     
        1383   2.1305728368094985     
        1384   2.1231880287764233     
        1385   2.1193881525129092     
        1386   2.1173977031087334     
        1387   2.1115173594424244     
        1388   2.1077181959928293     
        1389   2.1036271873830534     
        1390   2.1010162441464781     
        1391   2.0959009378639082     
        1392   2.0892287037601891     
        1393   2.0861260819315754     
        1394   2.0821645275074285     
        1395   2.0763091205385633     
        1396   2.0749966398603847     
        1397   2.0699221301650046     
        1398   2.0657854148602923     
        1399   2.0597766913016766     
        1400   2.0547809738075751     
        1401   2.0510492165988152     
        1402   2.0482538045118162     
        1403   2.0415817779683318     
        1404   2.0383560093246684     
        1405   2.0332282107938542     
        1406   2.0305301475640563     
        1407   2.0266566793437781     
        1408   2.0198237458990405     
        1409   2.0160844479677578     
        1410   2.0131843424772811     
        1411   2.0067563307573857     
        1412   2.0012887023981940     
        1413   1.9997114103639664     
        1414   1.9936534015349783     
        1415   1.9911585087997801     
        1416   1.9850502163275090     
        1417   1.9805956514916709     
        1418   1.9763777403197493     
        1419   1.9723938070046116     
        1420   1.9687473849797539     
        1421   1.9647047154585220     
        1422   1.9599800629796187     
        1423   1.9542333156572851     
        1424   1.9553101560777635     
        1425   1.9488486725321863     
        1426   1.9412536201573349     
        1427   1.9360005804359421     
        1428   1.9316361154545605     
        1429   1.9259170171124291     
        1430   1.9224190955061506     
        1431   1.9184710411768537     
        1432   1.9159097522969057     
        1433   1.9100189570243973     
        1434   1.9049273879333115     
        1435   1.9042690124859725     
        1436   1.8978132338059868     
        1437   1.8953839097386402     
        1438   1.8877506072160266     
        1439   1.8848365559935158     
        1440   1.8802908203808382     
        1441   1.8743895141020284     
        1442   1.8701861750765674     
        1443   1.8648405755604025     
        1444   1.8618752475022551     
        1445   1.8564973596284235     
        1446   1.8544940941124535     
        1447   1.8472367386450725     
        1448   1.8440124080735978     
        1449   1.8375196754829470     
        1450   1.8359259256769973     
        1451   1.8317108311771824     
        1452   1.8243137775589784     
        1453   1.8205176496868234     
        1454   1.8160265753798153     
        1455   1.8102543593250890     
        1456   1.8055387075929972     
        1457   1.8021612352665115     
        1458   1.7964712304794952     
        1459   1.7942530308488922     
        1460   1.7883055848357567     
        1461   1.7818082886546791     
        1462   1.7768735449888071     
        1463   1.7719263614097367     
        1464   1.7697427499319940     
        1465   1.7640750845361761     
        1466   1.7601150361511197     
        1467   1.7539708790528439     
        1468   1.7484056200405160     
        1469   1.7419150463589208     
        1470   1.7401619827942303     
        1471   1.7367558631132587     
        1472   1.7282249089499275     
        1473   1.7242690418669779     
        1474   1.7191092589136492     
        1475   1.7150473305122771     
        1476   1.7104595391945709     
        1477   1.7054387922603296     
        1478   1.7005028311034951     
        1479   1.6975323775042044     
        1480   1.6908297168926527     
        1481   1.6867033458444769     
        1482   1.6815437595833449     
        1483   1.6768708663046528     
        1484   1.6732165384418660     
        1485   1.6641694593996725     
        1486   1.6625373048845238     
        1487   1.6579624466332019     
        1488   1.6531555811181466     
        1489   1.6476077467618924     
        1490   1.6437866181240528     
        1491   1.6375899420822997     
        1492   1.6325102141729999     
        1493   1.6285245272464546     
        1494   1.6211172704105359     
        1495   1.6169970576119963     
        1496   1.6138913117747824     
        1497   1.6087767550537861     
        1498   1.6039295098784425     
        1499   1.5968647697030536     
        1500   1.5921640992573263     
        1501   1.5887573128797090     
        1502   1.5813430993532738     
        1503   1.5788643970264460     
        1504   1.5736943176082718     
        1505   1.5674107288133616     
        1506   1.5614729817706599     
        1507   1.5559547057603589     
        1508   1.5522218277548689     
        1509   1.5446259745870576     
        1510   1.5416176853027950     
        1511   1.5373801974807304     
        1512   1.5315647156274064     
        1513   1.5270363998327570     
        1514   1.5225796453775693     
        1515   1.5159416425012049     
        1516   1.5110714330551416     
        1517   1.5048376265528780     
        1518   1.4994150839904801     
        1519   1.4950695594360666     
        1520   1.4899977428959763     
        1521   1.4850595545114744     
        1522   1.4788963008625338     
        1523   1.4741985900245920     
        1524   1.4689821070944638     
        1525   1.4612935417907802     
        1526   1.4560395731733597     
        1527   1.4505415336556184     
        1528   1.4455845425314999     
        1529   1.4392549156775947     
        1530   1.4334622672863386     
        1531   1.4295660072885579     
        1532   1.4239305015854415     
        1533   1.4192325554058569     
        1534   1.4121421982403146     
        1535   1.4083818531803831     
        1536   1.4019466243922327     
        1537   1.3963595380360605     
        1538   1.3909308094421213     
        1539   1.3843781519153027     
        1540   1.3800873051306319     
        1541   1.3743350235695606     
        1542   1.3698936353781439     
        1543   1.3633617412442016     
        1544   1.3574500061116404     
        1545   1.3517438425851713     
        1546   1.3468719516866767     
        1547   1.3415432055028107     
        1548   1.3359471285287798     
        1549   1.3278846014538972     
        1550   1.3238166531491602     
        1551   1.3169962325107329     
        1552   1.3122097593120581     
        1553   1.3078764509022589     
        1554   1.3028360671025587     
        1555   1.2942068887785640     
        1556   1.2886958942347175     
        1557   1.2835588650679555     
        1558   1.2779592094694598     
        1559   1.2706490636261787     
        1560   1.2656093328751568     
        1561   1.2589763967658523     
        1562   1.2541875358078420     
        1563   1.2446368653155844     
        1564   1.2414584066196237     
        1565   1.2357720333622257     
        1566   1.2287619418251596     
        1567   1.2219757116720418     
        1568   1.2166904650458779     
        1569   1.2109206430585047     
        1570   1.2047502616335506     
        1571   1.1992188806013850     
        1572   1.1930986538861359     
        1573   1.1850968500591179     
        1574   1.1791807528242615     
        1575   1.1732048104784492     
        1576   1.1655433855490531     
        1577   1.1597178881659860     
        1578   1.1535547070105869     
        1579   1.1483708079387800     
        1580   1.1408524205602226     
        1581   1.1365441166971875     
        1582   1.1299808150368333     
        1583   1.1228934978212912     
        1584   1.1141313511023181     
        1585   1.1080909780877852     
        1586   1.1016694801411231     
        1587   1.0958082209088105     
        1588   1.0881886504262779     
        1589   1.0810811638660676     
        1590   1.0758417127888626     
        1591   1.0682799985867832     
        1592   1.0624702321418169     
        1593   1.0560853177267164     
        1594   1.0494667920158587     
        1595   1.0417500161577451     
        1596   1.0349459040077287     
        1597   1.0277854678201683     
        1598   1.0213189816024297     
        1599   1.0142997696012597     
        1600   1.0054571588456325     
