 # Pos, Energy, Err_Energy
           1   1.7932788645633411        3.6940616957135378E-003
           2   1.7858833259958571        3.6941335129660859E-003
           3   1.7827251665417898        3.6908076522591659E-003
           4   1.7748235927753637        3.6946676790680462E-003
           5   1.7625222804425551        3.6838884948456876E-003
           6   1.7713296964036971        3.7026004143852916E-003
           7   1.7568097955949162        3.6996098536763934E-003
           8   1.7416891948010464        3.6787015458534487E-003
           9   1.7354551914052441        3.6801436020680116E-003
          10   1.7351426126530232        3.6968041644861623E-003
          11   1.7264025635189884        3.6823460011200094E-003
          12   1.7181698936684242        3.6697435526182216E-003
          13   1.7093179297731771        3.6818083078638620E-003
          14   1.7069430755940131        3.6738490148635764E-003
          15   1.6988187846191352        3.6851084487357763E-003
          16   1.6897102957100163        3.6697836274748609E-003
          17   1.6767279648893385        3.6621575409760258E-003
          18   1.6683327119284206        3.6635018519341387E-003
          19   1.6586576625253908        3.6586013716458031E-003
          20   1.6575105967794235        3.6561636312441637E-003
          21   1.6527826560374219        3.6699038794668843E-003
          22   1.6433818951887487        3.6587792098521955E-003
          23   1.6397363093325759        3.6698027922915529E-003
          24   1.6270837425627995        3.6569493667567197E-003
          25   1.6197175650284292        3.6521890832162977E-003
          26   1.6135478094946987        3.6400426854545278E-003
          27   1.6063239911444216        3.6489113661500481E-003
          28   1.5951678323115772        3.6364545891387949E-003
          29   1.5858378901523054        3.6354349721002635E-003
          30   1.5776709498529118        3.6166231251520088E-003
          31   1.5790353371601564        3.6428357048688886E-003
          32   1.5652654026155457        3.6387243937384055E-003
          33   1.5625087039138661        3.6280871241343741E-003
          34   1.5499060476828495        3.6163690971564577E-003
          35   1.5438162187820730        3.6272446566287990E-003
          36   1.5370214764021095        3.6131548126156049E-003
          37   1.5402386525276448        3.6252626118910541E-003
          38   1.5272439910472511        3.6200860070224913E-003
          39   1.5184182420193202        3.6103783737081001E-003
          40   1.5105632135573939        3.6041218809277614E-003
          41   1.5034267971428636        3.6170721569284987E-003
          42   1.4974159580652358        3.5891711713457405E-003
          43   1.4868324522971725        3.5808588681184770E-003
          44   1.4853485423415571        3.5973539992979124E-003
          45   1.4725820465352548        3.5845082654851449E-003
          46   1.4655653510948179        3.5877734218128761E-003
          47   1.4576726300746616        3.5922049706053959E-003
          48   1.4458795903033914        3.5582864068855950E-003
          49   1.4358162072319371        3.5403191871349509E-003
          50   1.4318657557016901        3.5668353819978582E-003
          51   1.4233551212056605        3.5531198222220257E-003
          52   1.4230792263550411        3.5573437328492437E-003
          53   1.4135109030726465        3.5550812766932363E-003
          54   1.4031491382901107        3.5291171514485074E-003
          55   1.3981116426666418        3.5443163317343796E-003
          56   1.3905691752428442        3.5327814846676775E-003
          57   1.3858832519285895        3.5341556770153754E-003
          58   1.3815068604131497        3.5288265446241154E-003
          59   1.3672998668175087        3.5122148274647331E-003
          60   1.3708660650692022        3.5382313859986564E-003
          61   1.3486908517920975        3.5010783446407386E-003
          62   1.3455391594799979        3.4973910828869901E-003
          63   1.3439999610791376        3.5181243486889714E-003
          64   1.3275903186915645        3.4875732986210696E-003
          65   1.3289443716391869        3.4971487962029255E-003
          66   1.3200057854383258        3.4970748652988913E-003
          67   1.3105727290194424        3.4897444602173850E-003
          68   1.3004522923697679        3.4709166274026785E-003
          69   1.3014636422713768        3.4773753625940880E-003
          70   1.2919956774712187        3.4796775522998092E-003
          71   1.2801334845120476        3.4583064415401755E-003
          72   1.2737895511303876        3.4568236796295717E-003
          73   1.2734785579897769        3.4722445976173221E-003
          74   1.2592736188812228        3.4377876348867637E-003
          75   1.2548521544844389        3.4451350918576801E-003
          76   1.2495976796500929        3.4407759597213914E-003
          77   1.2369691154847278        3.4161727844156087E-003
          78   1.2258662333228494        3.4148023172757211E-003
          79   1.2288346272705790        3.4197740378344387E-003
          80   1.2174508333568683        3.4212500702827608E-003
          81   1.2045436449784179        3.4033004977977251E-003
          82   1.1985119586457447        3.3924792923599660E-003
          83   1.1938586599894065        3.3736723321687269E-003
          84   1.1855420084012938        3.3778381667504730E-003
          85   1.1844881941838392        3.3911776103026613E-003
          86   1.1797652970775259        3.3861527289366289E-003
          87   1.1682107712620349        3.3714111293520208E-003
          88   1.1623128651541201        3.3767694963828302E-003
          89   1.1511702740556524        3.3415198026797216E-003
          90   1.1476223497634577        3.3619316806053458E-003
          91   1.1407668665250978        3.3418049328962740E-003
          92   1.1379226258803179        3.3565392345052585E-003
          93   1.1242541545782965        3.3337274466301507E-003
          94   1.1250744903626604        3.3348737336717734E-003
          95   1.1163046962796721        3.3353743716902791E-003
          96   1.1079002695308493        3.3220873593301013E-003
          97   1.0998937151143902        3.3297964034277074E-003
          98   1.0894949832963896        3.2889574125592211E-003
          99   1.0849235906217822        3.3139783642252758E-003
         100   1.0791505803038925        3.2970068422119064E-003
         101   1.0713870152540208        3.2863451270051516E-003
         102   1.0623565258528769        3.2790545995263244E-003
         103   1.0549862343804741        3.2638020738959880E-003
         104   1.0507238377990464        3.2572321244839055E-003
         105   1.0410651169599303        3.2392651766423022E-003
         106   1.0337982763318601        3.2461525800816268E-003
         107   1.0282534073247196        3.2508103454216429E-003
         108   1.0245803025498019        3.2526178576397259E-003
         109   1.0148055369253992        3.2209267472185950E-003
         110   1.0134184510135920        3.2276528932554728E-003
         111   1.0025139391523548        3.2254231034619307E-003
         112  0.98805578723528753        3.1898355025613092E-003
         113  0.98745242655952425        3.2015828514597618E-003
         114  0.97928388395857879        3.1982428050807712E-003
         115  0.97993882479171690        3.2028155415190049E-003
         116  0.96845358888083843        3.1791026473318241E-003
         117  0.95860701930589398        3.1686444453370185E-003
         118  0.94851036444802561        3.1396795321401642E-003
         119  0.95118488068040019        3.1594894374694510E-003
         120  0.93875932234693138        3.1466358574318864E-003
         121  0.93256412259683796        3.1314589038654440E-003
         122  0.92411326715718201        3.1348295773105683E-003
         123  0.92410753348660490        3.1285809996066706E-003
         124  0.90829970459164266        3.1143257437513164E-003
         125  0.90894513743600969        3.1124083166956828E-003
         126  0.89901000493686889        3.0918453159653018E-003
         127  0.89416636765243651        3.0891033637668033E-003
         128  0.88520815653062956        3.0773061364652811E-003
         129  0.87846210579486639        3.0722331011765924E-003
         130  0.86987855662860469        3.0532324051311759E-003
         131  0.86534663734243200        3.0693869740805384E-003
         132  0.85198614547182239        3.0436633213502731E-003
         133  0.85801495529216354        3.0619877201366352E-003
         134  0.83850996077628459        3.0047057185539662E-003
         135  0.84051143254288585        3.0377236996171533E-003
         136  0.82916703640581091        3.0148365647644617E-003
         137  0.82373718076669977        2.9992856608357238E-003
         138  0.81682266089368716        2.9816108681672373E-003
         139  0.81217520608763771        2.9740270061767659E-003
         140  0.80366870836471027        2.9702789625758921E-003
         141  0.79845146727762162        2.9704909299808945E-003
         142  0.79339694171921127        2.9554002422466715E-003
         143  0.78613579576681614        2.9510365154211677E-003
         144  0.77449913007251803        2.9247882666853988E-003
         145  0.77254129689895656        2.9455399228445109E-003
         146  0.76053886322484920        2.9198498553132269E-003
         147  0.75589594984544706        2.8985711808438112E-003
         148  0.74424551203036404        2.8714434637016882E-003
         149  0.73872069954079200        2.8663539649368291E-003
         150  0.74055004588785445        2.8979422678052256E-003
         151  0.72862015918315814        2.8488169365874214E-003
         152  0.72543699742409395        2.8584014808320161E-003
         153  0.71528172284117875        2.8471547293117986E-003
         154  0.70723854921638662        2.8218214955662803E-003
         155  0.70257156153048395        2.8176174913711353E-003
         156  0.69524207122476500        2.8115290767852571E-003
         157  0.69011924826924120        2.7925021358338872E-003
         158  0.68189620148130436        2.7859100974453746E-003
         159  0.67603013206724072        2.7635473187430527E-003
         160  0.66919290206038018        2.7788128903576273E-003
         161  0.66259904249329715        2.7511071684201728E-003
         162  0.65777360194307488        2.7628644521994292E-003
         163  0.64660788259680946        2.7264684216319304E-003
         164  0.63697892296538816        2.7036750679978387E-003
         165  0.63760888562325901        2.7118882674529421E-003
         166  0.62460674618959100        2.6846134501415874E-003
         167  0.62663101617300354        2.7015587456094138E-003
         168  0.61556425730892594        2.6684245908392503E-003
         169  0.60940225067624187        2.6781052994604452E-003
         170  0.59906561361305433        2.6497036119533584E-003
         171  0.60004115445166484        2.6592015316374141E-003
         172  0.58549593046116144        2.6188656921426689E-003
         173  0.58943771411428636        2.6409581670419589E-003
         174  0.57752553235465776        2.6144232339762289E-003
         175  0.57019229539073668        2.6037184334704306E-003
         176  0.56459403136274389        2.5896065190331788E-003
         177  0.55695416224679073        2.5684268477358554E-003
         178  0.54745296790449904        2.5392888790909578E-003
         179  0.54801336402872991        2.5637451484187231E-003
         180  0.53874901618396032        2.5392291011197394E-003
         181  0.53158796194338509        2.5182513028236281E-003
         182  0.52275122443978550        2.5046423634087359E-003
         183  0.51947752349944765        2.5029414832502396E-003
         184  0.51150418342039694        2.4706680067711965E-003
         185  0.50350946527779594        2.4551946964692737E-003
         186  0.50030744298225338        2.4558719002877698E-003
         187  0.49179232978273146        2.4392388008467598E-003
         188  0.48770156402581960        2.4282353023599833E-003
         189  0.47961149663759861        2.4056853039437710E-003
         190  0.47391793771065782        2.3999909220856672E-003
         191  0.46552061148240031        2.3922558474180353E-003
         192  0.46088139325377947        2.3740786719985934E-003
         193  0.45282596653112578        2.3553142177819603E-003
         194  0.45030187126356830        2.3505053701338543E-003
         195  0.43825243253419344        2.3157800482261795E-003
         196  0.43259711538132228        2.3110453161370760E-003
         197  0.42952515671848407        2.2993283834771426E-003
         198  0.41900282819509377        2.2773372151091600E-003
         199  0.41881846485545060        2.2880067019976809E-003
         200  0.40805677960568576        2.2499706941998755E-003
