 # Pos, Density, Err_Density
           1  0.50367499999999998        1.0205931575457316E-003
           2  0.50246250000000003        1.0206083481877977E-003
           3  0.50290833333333329        1.0206034603712447E-003
           4  0.50553749999999997        1.0205581318036836E-003
           5  0.50665416666666663        1.0205303402030163E-003
           6  0.50694166666666662        1.0205223606563145E-003
           7  0.50822916666666662        1.0204824855919305E-003
           8  0.50800416666666670        1.0204899422090765E-003
           9  0.51049166666666668        1.0203960116268495E-003
          10  0.50877083333333328        1.0204636864407908E-003
          11  0.50967083333333330        1.0204298011594569E-003
          12  0.51334999999999997        1.0202568661453186E-003
          13  0.51119166666666671        1.0203650216899960E-003
          14  0.51171250000000001        1.0203406648103489E-003
          15  0.51552500000000001        1.0201286160230810E-003
          16  0.51577499999999998        1.0201126354783083E-003
          17  0.51624583333333329        1.0200818449584196E-003
          18  0.51878749999999996        1.0198999743515496E-003
          19  0.51690416666666672        1.0200372729082534E-003
          20  0.51982499999999998        1.0198181401909361E-003
          21  0.51887916666666667        1.0198929213933283E-003
          22  0.52098333333333335        1.0197215709084151E-003
          23  0.52298750000000005        1.0195415122408169E-003
          24  0.52255833333333335        1.0195814533368219E-003
          25  0.52459166666666668        1.0193855378170952E-003
          26  0.52529999999999999        1.0193133105184098E-003
          27  0.52357500000000001        1.0194856124843058E-003
          28  0.52467083333333331        1.0193775674045716E-003
          29  0.52750833333333336        1.0190749309979253E-003
          30  0.52835833333333337        1.0189778475890997E-003
          31  0.52889166666666665        1.0189154192841979E-003
          32  0.52989166666666665        1.0187952203949216E-003
          33  0.53078333333333338        1.0186845815169532E-003
          34  0.53277083333333330        1.0184262215190956E-003
          35  0.53369583333333337        1.0183004444006450E-003
          36  0.53550833333333336        1.0180437905281238E-003
          37  0.53544999999999998        1.0180522610603053E-003
          38  0.53631666666666666        1.0179249721087467E-003
          39  0.53825000000000001        1.0176298801217792E-003
          40  0.53702916666666667        1.0178180109429603E-003
          41  0.54055833333333336        1.0172573863032040E-003
          42  0.54021666666666668        1.0173139054273886E-003
          43  0.54129583333333331        1.0171337468373762E-003
          44  0.54450833333333337        1.0165690013141607E-003
          45  0.54346666666666665        1.0167567901766727E-003
          46  0.54564583333333339        1.0163588152060799E-003
          47  0.54609166666666664        1.0162749756338276E-003
          48  0.54779583333333337        1.0159469275753945E-003
          49  0.54844583333333330        1.0158186379152507E-003
          50  0.54697916666666668        1.0161056332457631E-003
          51  0.55177500000000002        1.0151341236814472E-003
          52  0.55244166666666672        1.0149915262315046E-003
          53  0.55087500000000000        1.0153237053090508E-003
          54  0.55327499999999996        1.0148106850849080E-003
          55  0.55362083333333334        1.0147347893099928E-003
          56  0.55618749999999995        1.0141559808607475E-003
          57  0.55561249999999995        1.0142880299413436E-003
          58  0.55786250000000004        1.0137634731816351E-003
          59  0.55769583333333328        1.0138030520766271E-003
          60  0.56007499999999999        1.0132270936118748E-003
          61  0.56143750000000003        1.0128866208222048E-003
          62  0.56112916666666668        1.0129643482181371E-003
          63  0.56253333333333333        1.0126071593956163E-003
          64  0.56320000000000003        1.0124346892516080E-003
          65  0.56390416666666665        1.0122504990585724E-003
          66  0.56440416666666671        1.0121184534512505E-003
          67  0.56602083333333331        1.0116843413460960E-003
          68  0.56774166666666670        1.0112102208847374E-003
          69  0.56784166666666669        1.0111822871105901E-003
          70  0.57042083333333338        1.0104473147914881E-003
          71  0.57107500000000000        1.0102564533634518E-003
          72  0.57082916666666672        1.0103283895787415E-003
          73  0.57361666666666666        1.0094977843563455E-003
          74  0.57630416666666662        1.0086659385654432E-003
          75  0.57504583333333337        1.0090592212949842E-003
          76  0.57515833333333333        1.0090243326487795E-003
          77  0.57751666666666668        1.0082806454324628E-003
          78  0.58031666666666670        1.0073670984625290E-003
          79  0.58187916666666661        1.0068428420603771E-003
          80  0.58084583333333328        1.0071907118991892E-003
          81  0.58288333333333331        1.0065004409991491E-003
          82  0.58289583333333328        1.0064961517064455E-003
          83  0.58444583333333333        1.0059591220004892E-003
          84  0.58680416666666668        1.0051223736634127E-003
          85  0.58572916666666663        1.0055067337389285E-003
          86  0.58826250000000002        1.0045930583527964E-003
          87  0.58962083333333337        1.0040918497010098E-003
          88  0.59053750000000005        1.0037491409165065E-003
          89  0.59089999999999998        1.0036126203205431E-003
          90  0.59145416666666661        1.0034028258034955E-003
          91  0.59316250000000004        1.0027477844107284E-003
          92  0.59584166666666671        1.0016951776250669E-003
          93  0.59635000000000005        1.0014919651450030E-003
          94  0.59541666666666671        1.0018642200963458E-003
          95  0.59886249999999996        1.0004711517033486E-003
          96  0.59953749999999995        1.0001922442163932E-003
          97  0.60096666666666665        9.9959519352882343E-004
          98  0.60372499999999996        9.9841775736871129E-004
          99  0.60442083333333330        9.9811549424814452E-004
         100  0.60617500000000002        9.9734411767578995E-004
         101  0.60642499999999999        9.9723308746208698E-004
         102  0.60737500000000000        9.9680867726083732E-004
         103  0.61106249999999995        9.9512378018547275E-004
         104  0.61075416666666671        9.9526695448585588E-004
         105  0.61003750000000001        9.9559812130227778E-004
         106  0.61096249999999996        9.9517026096406836E-004
         107  0.61466250000000000        9.9342109041967953E-004
         108  0.61668333333333336        9.9244017393623914E-004
         109  0.61724583333333338        9.9216391153791601E-004
         110  0.62024166666666669        9.9066884308283976E-004
         111  0.62082916666666665        9.9037095845159388E-004
         112  0.62304583333333330        9.8923312659206209E-004
         113  0.62295000000000000        9.8928277365473204E-004
         114  0.62557916666666669        9.8790576663318778E-004
         115  0.62585416666666671        9.8775994201661266E-004
         116  0.62747083333333331        9.8689577854271923E-004
         117  0.62669166666666665        9.8731374107816376E-004
         118  0.63262083333333330        9.8406409548610404E-004
         119  0.63264166666666666        9.8405239584394271E-004
         120  0.63233750000000000        9.8422301439119570E-004
         121  0.63429166666666670        9.8311949990809210E-004
         122  0.63564583333333335        9.8234457612749447E-004
         123  0.63501666666666667        9.8270566066816748E-004
         124  0.64057500000000001        9.7945280083447622E-004
         125  0.63946250000000004        9.8011523789669338E-004
         126  0.64395000000000002        9.7740813187224915E-004
         127  0.64315416666666669        9.7789502795113501E-004
         128  0.64397083333333338        9.7739534637837633E-004
         129  0.64527500000000004        9.7659095491877583E-004
         130  0.64826666666666666        9.7471576103744977E-004
         131  0.64885833333333331        9.7433994024421100E-004
         132  0.65092916666666667        9.7301161916945938E-004
         133  0.65302499999999997        9.7164668942085119E-004
         134  0.65529166666666672        9.7014710710946841E-004
         135  0.65484166666666666        9.7044675764972825E-004
         136  0.65701666666666669        9.6898952176328358E-004
         137  0.65929166666666672        9.6744113716407305E-004
         138  0.66095000000000004        9.6629683478559867E-004
         139  0.66113750000000004        9.6616662230553769E-004
         140  0.66295416666666662        9.6489623700766450E-004
         141  0.66695000000000004        9.6204577485516074E-004
         142  0.66853333333333331        9.6089479903619767E-004
         143  0.66817916666666666        9.6115331741634220E-004
         144  0.67064583333333339        9.5934004999524757E-004
         145  0.67305000000000004        9.5754394481402253E-004
         146  0.67430416666666670        9.5659565099941526E-004
         147  0.67655416666666668        9.5487483087365718E-004
         148  0.67818750000000005        9.5360984082360693E-004
         149  0.67873749999999999        9.5318087233778727E-004
         150  0.68231249999999999        9.5035553071764936E-004
         151  0.68106250000000002        9.5135073074583006E-004
         152  0.68383749999999999        9.4913068470080816E-004
         153  0.68587500000000001        9.4747577887906978E-004
         154  0.68688749999999998        9.4664553015668177E-004
         155  0.68832916666666666        9.4545431095020599E-004
         156  0.69179999999999997        9.4254257198282557E-004
         157  0.69292916666666671        9.4158186192462297E-004
         158  0.69660416666666669        9.3840911842264893E-004
         159  0.69774999999999998        9.3740541189498154E-004
         160  0.69948750000000004        9.3587022191414179E-004
         161  0.70175833333333337        9.3383968763950491E-004
         162  0.70279166666666670        9.3290661360644674E-004
         163  0.70515416666666664        9.3075186430851328E-004
         164  0.70703749999999999        9.2901263355634281E-004
         165  0.70804583333333337        9.2807356755952386E-004
         166  0.71171249999999997        9.2461211989981220E-004
         167  0.71157499999999996        9.2474325124824064E-004
         168  0.71485833333333337        9.2158354793353341E-004
         169  0.71557916666666666        9.2088187556662573E-004
         170  0.71917500000000001        9.1733835854743368E-004
         171  0.72195416666666667        9.1454986172457523E-004
         172  0.72368333333333335        9.1279279866081158E-004
         173  0.72562916666666666        9.1079516346364805E-004
         174  0.72807916666666672        9.0824898782547253E-004
         175  0.72944166666666665        9.0681797511321205E-004
         176  0.73184583333333331        9.0426652958344332E-004
         177  0.73443333333333338        9.0148260341465234E-004
         178  0.73762499999999998        8.9799396660695879E-004
         179  0.74112083333333334        8.9410277124761322E-004
         180  0.74165000000000003        8.9350731553617768E-004
         181  0.74462499999999998        8.9012782175511165E-004
         182  0.74730833333333335        8.8703294814766439E-004
         183  0.74922500000000003        8.8479493710642734E-004
         184  0.75292083333333337        8.8041432496763574E-004
         185  0.75387083333333338        8.7927432196157945E-004
         186  0.75728750000000000        8.7512652024281123E-004
         187  0.75952083333333331        8.7237448253309430E-004
         188  0.76218750000000002        8.6904572866772949E-004
         189  0.76320416666666668        8.6776428887041276E-004
         190  0.76698750000000004        8.6293509519292646E-004
         191  0.77092083333333339        8.5781190164756823E-004
         192  0.77263333333333328        8.5554822958623915E-004
         193  0.77576250000000002        8.5135931406229710E-004
         194  0.77838750000000001        8.4779223045250006E-004
         195  0.78164583333333337        8.4329617317497100E-004
         196  0.78516249999999999        8.3835739344305003E-004
         197  0.78727083333333336        8.3535289029041532E-004
         198  0.79124166666666662        8.2960405113228131E-004
         199  0.79287916666666669        8.2719856980412838E-004
         200  0.79691666666666672        8.2117926650121964E-004
